run_id,source,date,price,marketCap,removal_reason,refused_fields
stock_CUR6K@718712e8d985,058820.KQ,2020-01-01,3680.0,104114011680.0,"vendor_contamination [058820.KQ 2020-03-31..2022-09-30: another issuer's statements served under this ticker (Chipotle Mexican Grill / CMG), labelled KRW]",
stock_CUR6K@718712e8d985,058820.KQ,2020-04-01,3975.0,112053878625.0,"vendor_contamination [058820.KQ 2020-03-31..2022-09-30: another issuer's statements served under this ticker (Chipotle Mexican Grill / CMG), labelled KRW]",
stock_CUR6K@718712e8d985,058820.KQ,2020-07-01,4435.0,126193490000.0,"vendor_contamination [058820.KQ 2020-03-31..2022-09-30: another issuer's statements served under this ticker (Chipotle Mexican Grill / CMG), labelled KRW]",
stock_CUR6K@718712e8d985,058820.KQ,2020-10-01,5780.0,165030560000.0,"vendor_contamination [058820.KQ 2020-03-31..2022-09-30: another issuer's statements served under this ticker (Chipotle Mexican Grill / CMG), labelled KRW]",
stock_CUR6K@718712e8d985,058820.KQ,2021-01-01,4385.0,125244466470.0,"vendor_contamination [058820.KQ 2020-03-31..2022-09-30: another issuer's statements served under this ticker (Chipotle Mexican Grill / CMG), labelled KRW]",
stock_CUR6K@718712e8d985,058820.KQ,2021-04-01,5270.0,150094390430.0,"vendor_contamination [058820.KQ 2020-03-31..2022-09-30: another issuer's statements served under this ticker (Chipotle Mexican Grill / CMG), labelled KRW]",
stock_CUR6K@718712e8d985,058820.KQ,2021-07-01,4055.0,115456802555.0,"vendor_contamination [058820.KQ 2020-03-31..2022-09-30: another issuer's statements served under this ticker (Chipotle Mexican Grill / CMG), labelled KRW]",
stock_CUR6K@718712e8d985,058820.KQ,2021-10-01,3835.0,109239975000.0,"vendor_contamination [058820.KQ 2020-03-31..2022-09-30: another issuer's statements served under this ticker (Chipotle Mexican Grill / CMG), labelled KRW]",
stock_CUR6K@718712e8d985,058820.KQ,2022-01-01,3485.0,98628985000.0,"vendor_contamination [058820.KQ 2020-03-31..2022-09-30: another issuer's statements served under this ticker (Chipotle Mexican Grill / CMG), labelled KRW]",
stock_CUR6K@718712e8d985,058820.KQ,2022-04-01,2500.0,70230000000.0,"vendor_contamination [058820.KQ 2020-03-31..2022-09-30: another issuer's statements served under this ticker (Chipotle Mexican Grill / CMG), labelled KRW]",
stock_CUR6K@718712e8d985,058820.KQ,2022-07-01,2245.0,62743821250.0,"vendor_contamination [058820.KQ 2020-03-31..2022-09-30: another issuer's statements served under this ticker (Chipotle Mexican Grill / CMG), labelled KRW]",
stock_CUR6K@718712e8d985,BMA,2006-07-01,66.20000009677044,4528696924.42,"currency_excluded [ARS: reports in ARS -- IAS 29 hyperinflation regime, no admitted ARS->USD rate, and this vendor is demonstrably wrong on ARS in this panel | CURRENCY-SCOPED RULE (CEO 2026-08-08): every ARS reporter is removed, whether or not its own series looks damaged. Grounds, measured on the 2026-08-07 CUR3K panel: (1) VENDOR DEFECT, on BMA -- totalAssets 2.325e16 between 2.056e13 and 2.420e13 (961x break) and revenue 1.201e9 between 1.443e12 and 1.907e12 (1,588x break), with marketCap continuous through both, so no market-cap sanity check can see it; BMA's nominal revenue also rises 45.6x over the window. (2) NO USD VALUATION IS POSSIBLE -- ARS is refused by fx_rates.ABSTAIN_CURRENCIES and absent from carveOut.FX_TO_USD, so an ARS name has no marketCap_usd, sits in no band, and scores NEUTRAL on the size tilt while competing for the same slots. (3) NO PER-NAME CLEARANCE EXISTS -- separating a correctly IAS 29-restated series from a mishandled one needs a restatement-vintage audit this codebase does not perform. EXPLICITLY NOT CLAIMED OF EVERY ARS NAME: CRESY shows NO defect (worst adjacent ratio 5.0x vs BMA's 1,588x; 7.5x nominal rise vs BMA's 45.6x, i.e. BELOW Argentine inflation, which is what correct restatement looks like). CRESY is removed by this rule alone. Panel effect: 2 sources, 48 rows.] [ARS on 80/80 rows]",
stock_CUR6K@718712e8d985,BMA,2006-10-01,93.50000097189135,6296562898.45,"currency_excluded [ARS: reports in ARS -- IAS 29 hyperinflation regime, no admitted ARS->USD rate, and this vendor is demonstrably wrong on ARS in this panel | CURRENCY-SCOPED RULE (CEO 2026-08-08): every ARS reporter is removed, whether or not its own series looks damaged. Grounds, measured on the 2026-08-07 CUR3K panel: (1) VENDOR DEFECT, on BMA -- totalAssets 2.325e16 between 2.056e13 and 2.420e13 (961x break) and revenue 1.201e9 between 1.443e12 and 1.907e12 (1,588x break), with marketCap continuous through both, so no market-cap sanity check can see it; BMA's nominal revenue also rises 45.6x over the window. (2) NO USD VALUATION IS POSSIBLE -- ARS is refused by fx_rates.ABSTAIN_CURRENCIES and absent from carveOut.FX_TO_USD, so an ARS name has no marketCap_usd, sits in no band, and scores NEUTRAL on the size tilt while competing for the same slots. (3) NO PER-NAME CLEARANCE EXISTS -- separating a correctly IAS 29-restated series from a mishandled one needs a restatement-vintage audit this codebase does not perform. EXPLICITLY NOT CLAIMED OF EVERY ARS NAME: CRESY shows NO defect (worst adjacent ratio 5.0x vs BMA's 1,588x; 7.5x nominal rise vs BMA's 45.6x, i.e. BELOW Argentine inflation, which is what correct restatement looks like). CRESY is removed by this rule alone. Panel effect: 2 sources, 48 rows.] [ARS on 80/80 rows]",
stock_CUR6K@718712e8d985,BMA,2007-01-01,104.80000091877791,7172379805.280001,"currency_excluded [ARS: reports in ARS -- IAS 29 hyperinflation regime, no admitted ARS->USD rate, and this vendor is demonstrably wrong on ARS in this panel | CURRENCY-SCOPED RULE (CEO 2026-08-08): every ARS reporter is removed, whether or not its own series looks damaged. Grounds, measured on the 2026-08-07 CUR3K panel: (1) VENDOR DEFECT, on BMA -- totalAssets 2.325e16 between 2.056e13 and 2.420e13 (961x break) and revenue 1.201e9 between 1.443e12 and 1.907e12 (1,588x break), with marketCap continuous through both, so no market-cap sanity check can see it; BMA's nominal revenue also rises 45.6x over the window. (2) NO USD VALUATION IS POSSIBLE -- ARS is refused by fx_rates.ABSTAIN_CURRENCIES and absent from carveOut.FX_TO_USD, so an ARS name has no marketCap_usd, sits in no band, and scores NEUTRAL on the size tilt while competing for the same slots. (3) NO PER-NAME CLEARANCE EXISTS -- separating a correctly IAS 29-restated series from a mishandled one needs a restatement-vintage audit this codebase does not perform. EXPLICITLY NOT CLAIMED OF EVERY ARS NAME: CRESY shows NO defect (worst adjacent ratio 5.0x vs BMA's 1,588x; 7.5x nominal rise vs BMA's 45.6x, i.e. BELOW Argentine inflation, which is what correct restatement looks like). CRESY is removed by this rule alone. Panel effect: 2 sources, 48 rows.] [ARS on 80/80 rows]",
stock_CUR6K@718712e8d985,BMA,2007-04-01,100.40000029359621,6866682320.079999,"currency_excluded [ARS: reports in ARS -- IAS 29 hyperinflation regime, no admitted ARS->USD rate, and this vendor is demonstrably wrong on ARS in this panel | CURRENCY-SCOPED RULE (CEO 2026-08-08): every ARS reporter is removed, whether or not its own series looks damaged. Grounds, measured on the 2026-08-07 CUR3K panel: (1) VENDOR DEFECT, on BMA -- totalAssets 2.325e16 between 2.056e13 and 2.420e13 (961x break) and revenue 1.201e9 between 1.443e12 and 1.907e12 (1,588x break), with marketCap continuous through both, so no market-cap sanity check can see it; BMA's nominal revenue also rises 45.6x over the window. (2) NO USD VALUATION IS POSSIBLE -- ARS is refused by fx_rates.ABSTAIN_CURRENCIES and absent from carveOut.FX_TO_USD, so an ARS name has no marketCap_usd, sits in no band, and scores NEUTRAL on the size tilt while competing for the same slots. (3) NO PER-NAME CLEARANCE EXISTS -- separating a correctly IAS 29-restated series from a mishandled one needs a restatement-vintage audit this codebase does not perform. EXPLICITLY NOT CLAIMED OF EVERY ARS NAME: CRESY shows NO defect (worst adjacent ratio 5.0x vs BMA's 1,588x; 7.5x nominal rise vs BMA's 45.6x, i.e. BELOW Argentine inflation, which is what correct restatement looks like). CRESY is removed by this rule alone. Panel effect: 2 sources, 48 rows.] [ARS on 80/80 rows]",
stock_CUR6K@718712e8d985,BMA,2007-07-01,95.60000000000001,6539255195.6,"currency_excluded [ARS: reports in ARS -- IAS 29 hyperinflation regime, no admitted ARS->USD rate, and this vendor is demonstrably wrong on ARS in this panel | CURRENCY-SCOPED RULE (CEO 2026-08-08): every ARS reporter is removed, whether or not its own series looks damaged. Grounds, measured on the 2026-08-07 CUR3K panel: (1) VENDOR DEFECT, on BMA -- totalAssets 2.325e16 between 2.056e13 and 2.420e13 (961x break) and revenue 1.201e9 between 1.443e12 and 1.907e12 (1,588x break), with marketCap continuous through both, so no market-cap sanity check can see it; BMA's nominal revenue also rises 45.6x over the window. (2) NO USD VALUATION IS POSSIBLE -- ARS is refused by fx_rates.ABSTAIN_CURRENCIES and absent from carveOut.FX_TO_USD, so an ARS name has no marketCap_usd, sits in no band, and scores NEUTRAL on the size tilt while competing for the same slots. (3) NO PER-NAME CLEARANCE EXISTS -- separating a correctly IAS 29-restated series from a mishandled one needs a restatement-vintage audit this codebase does not perform. EXPLICITLY NOT CLAIMED OF EVERY ARS NAME: CRESY shows NO defect (worst adjacent ratio 5.0x vs BMA's 1,588x; 7.5x nominal rise vs BMA's 45.6x, i.e. BELOW Argentine inflation, which is what correct restatement looks like). CRESY is removed by this rule alone. Panel effect: 2 sources, 48 rows.] [ARS on 80/80 rows]",
stock_CUR6K@718712e8d985,BMA,2007-10-01,75.7000007747467,5177618736.59,"currency_excluded [ARS: reports in ARS -- IAS 29 hyperinflation regime, no admitted ARS->USD rate, and this vendor is demonstrably wrong on ARS in this panel | CURRENCY-SCOPED RULE (CEO 2026-08-08): every ARS reporter is removed, whether or not its own series looks damaged. Grounds, measured on the 2026-08-07 CUR3K panel: (1) VENDOR DEFECT, on BMA -- totalAssets 2.325e16 between 2.056e13 and 2.420e13 (961x break) and revenue 1.201e9 between 1.443e12 and 1.907e12 (1,588x break), with marketCap continuous through both, so no market-cap sanity check can see it; BMA's nominal revenue also rises 45.6x over the window. (2) NO USD VALUATION IS POSSIBLE -- ARS is refused by fx_rates.ABSTAIN_CURRENCIES and absent from carveOut.FX_TO_USD, so an ARS name has no marketCap_usd, sits in no band, and scores NEUTRAL on the size tilt while competing for the same slots. (3) NO PER-NAME CLEARANCE EXISTS -- separating a correctly IAS 29-restated series from a mishandled one needs a restatement-vintage audit this codebase does not perform. EXPLICITLY NOT CLAIMED OF EVERY ARS NAME: CRESY shows NO defect (worst adjacent ratio 5.0x vs BMA's 1,588x; 7.5x nominal rise vs BMA's 45.6x, i.e. BELOW Argentine inflation, which is what correct restatement looks like). CRESY is removed by this rule alone. Panel effect: 2 sources, 48 rows.] [ARS on 80/80 rows]",
stock_CUR6K@718712e8d985,BMA,2008-01-01,81.30000035658992,5560749050.490001,"currency_excluded [ARS: reports in ARS -- IAS 29 hyperinflation regime, no admitted ARS->USD rate, and this vendor is demonstrably wrong on ARS in this panel | CURRENCY-SCOPED RULE (CEO 2026-08-08): every ARS reporter is removed, whether or not its own series looks damaged. Grounds, measured on the 2026-08-07 CUR3K panel: (1) VENDOR DEFECT, on BMA -- totalAssets 2.325e16 between 2.056e13 and 2.420e13 (961x break) and revenue 1.201e9 between 1.443e12 and 1.907e12 (1,588x break), with marketCap continuous through both, so no market-cap sanity check can see it; BMA's nominal revenue also rises 45.6x over the window. (2) NO USD VALUATION IS POSSIBLE -- ARS is refused by fx_rates.ABSTAIN_CURRENCIES and absent from carveOut.FX_TO_USD, so an ARS name has no marketCap_usd, sits in no band, and scores NEUTRAL on the size tilt while competing for the same slots. (3) NO PER-NAME CLEARANCE EXISTS -- separating a correctly IAS 29-restated series from a mishandled one needs a restatement-vintage audit this codebase does not perform. EXPLICITLY NOT CLAIMED OF EVERY ARS NAME: CRESY shows NO defect (worst adjacent ratio 5.0x vs BMA's 1,588x; 7.5x nominal rise vs BMA's 45.6x, i.e. BELOW Argentine inflation, which is what correct restatement looks like). CRESY is removed by this rule alone. Panel effect: 2 sources, 48 rows.] [ARS on 80/80 rows]",
stock_CUR6K@718712e8d985,BMA,2008-04-01,54.20000063390431,3707360855.56,"currency_excluded [ARS: reports in ARS -- IAS 29 hyperinflation regime, no admitted ARS->USD rate, and this vendor is demonstrably wrong on ARS in this panel | CURRENCY-SCOPED RULE (CEO 2026-08-08): every ARS reporter is removed, whether or not its own series looks damaged. Grounds, measured on the 2026-08-07 CUR3K panel: (1) VENDOR DEFECT, on BMA -- totalAssets 2.325e16 between 2.056e13 and 2.420e13 (961x break) and revenue 1.201e9 between 1.443e12 and 1.907e12 (1,588x break), with marketCap continuous through both, so no market-cap sanity check can see it; BMA's nominal revenue also rises 45.6x over the window. (2) NO USD VALUATION IS POSSIBLE -- ARS is refused by fx_rates.ABSTAIN_CURRENCIES and absent from carveOut.FX_TO_USD, so an ARS name has no marketCap_usd, sits in no band, and scores NEUTRAL on the size tilt while competing for the same slots. (3) NO PER-NAME CLEARANCE EXISTS -- separating a correctly IAS 29-restated series from a mishandled one needs a restatement-vintage audit this codebase does not perform. EXPLICITLY NOT CLAIMED OF EVERY ARS NAME: CRESY shows NO defect (worst adjacent ratio 5.0x vs BMA's 1,588x; 7.5x nominal rise vs BMA's 45.6x, i.e. BELOW Argentine inflation, which is what correct restatement looks like). CRESY is removed by this rule alone. Panel effect: 2 sources, 48 rows.] [ARS on 80/80 rows]",
stock_CUR6K@718712e8d985,BMA,2008-07-01,60.40000044152827,4131287006.6,"currency_excluded [ARS: reports in ARS -- IAS 29 hyperinflation regime, no admitted ARS->USD rate, and this vendor is demonstrably wrong on ARS in this panel | CURRENCY-SCOPED RULE (CEO 2026-08-08): every ARS reporter is removed, whether or not its own series looks damaged. Grounds, measured on the 2026-08-07 CUR3K panel: (1) VENDOR DEFECT, on BMA -- totalAssets 2.325e16 between 2.056e13 and 2.420e13 (961x break) and revenue 1.201e9 between 1.443e12 and 1.907e12 (1,588x break), with marketCap continuous through both, so no market-cap sanity check can see it; BMA's nominal revenue also rises 45.6x over the window. (2) NO USD VALUATION IS POSSIBLE -- ARS is refused by fx_rates.ABSTAIN_CURRENCIES and absent from carveOut.FX_TO_USD, so an ARS name has no marketCap_usd, sits in no band, and scores NEUTRAL on the size tilt while competing for the same slots. (3) NO PER-NAME CLEARANCE EXISTS -- separating a correctly IAS 29-restated series from a mishandled one needs a restatement-vintage audit this codebase does not perform. EXPLICITLY NOT CLAIMED OF EVERY ARS NAME: CRESY shows NO defect (worst adjacent ratio 5.0x vs BMA's 1,588x; 7.5x nominal rise vs BMA's 45.6x, i.e. BELOW Argentine inflation, which is what correct restatement looks like). CRESY is removed by this rule alone. Panel effect: 2 sources, 48 rows.] [ARS on 80/80 rows]",
stock_CUR6K@718712e8d985,BMA,2008-10-01,40.00000046785599,2735884632.0,"currency_excluded [ARS: reports in ARS -- IAS 29 hyperinflation regime, no admitted ARS->USD rate, and this vendor is demonstrably wrong on ARS in this panel | CURRENCY-SCOPED RULE (CEO 2026-08-08): every ARS reporter is removed, whether or not its own series looks damaged. Grounds, measured on the 2026-08-07 CUR3K panel: (1) VENDOR DEFECT, on BMA -- totalAssets 2.325e16 between 2.056e13 and 2.420e13 (961x break) and revenue 1.201e9 between 1.443e12 and 1.907e12 (1,588x break), with marketCap continuous through both, so no market-cap sanity check can see it; BMA's nominal revenue also rises 45.6x over the window. (2) NO USD VALUATION IS POSSIBLE -- ARS is refused by fx_rates.ABSTAIN_CURRENCIES and absent from carveOut.FX_TO_USD, so an ARS name has no marketCap_usd, sits in no band, and scores NEUTRAL on the size tilt while competing for the same slots. (3) NO PER-NAME CLEARANCE EXISTS -- separating a correctly IAS 29-restated series from a mishandled one needs a restatement-vintage audit this codebase does not perform. EXPLICITLY NOT CLAIMED OF EVERY ARS NAME: CRESY shows NO defect (worst adjacent ratio 5.0x vs BMA's 1,588x; 7.5x nominal rise vs BMA's 45.6x, i.e. BELOW Argentine inflation, which is what correct restatement looks like). CRESY is removed by this rule alone. Panel effect: 2 sources, 48 rows.] [ARS on 80/80 rows]",
stock_CUR6K@718712e8d985,BMA,2009-01-01,38.4,2282519040.0,"currency_excluded [ARS: reports in ARS -- IAS 29 hyperinflation regime, no admitted ARS->USD rate, and this vendor is demonstrably wrong on ARS in this panel | CURRENCY-SCOPED RULE (CEO 2026-08-08): every ARS reporter is removed, whether or not its own series looks damaged. Grounds, measured on the 2026-08-07 CUR3K panel: (1) VENDOR DEFECT, on BMA -- totalAssets 2.325e16 between 2.056e13 and 2.420e13 (961x break) and revenue 1.201e9 between 1.443e12 and 1.907e12 (1,588x break), with marketCap continuous through both, so no market-cap sanity check can see it; BMA's nominal revenue also rises 45.6x over the window. (2) NO USD VALUATION IS POSSIBLE -- ARS is refused by fx_rates.ABSTAIN_CURRENCIES and absent from carveOut.FX_TO_USD, so an ARS name has no marketCap_usd, sits in no band, and scores NEUTRAL on the size tilt while competing for the same slots. (3) NO PER-NAME CLEARANCE EXISTS -- separating a correctly IAS 29-restated series from a mishandled one needs a restatement-vintage audit this codebase does not perform. EXPLICITLY NOT CLAIMED OF EVERY ARS NAME: CRESY shows NO defect (worst adjacent ratio 5.0x vs BMA's 1,588x; 7.5x nominal rise vs BMA's 45.6x, i.e. BELOW Argentine inflation, which is what correct restatement looks like). CRESY is removed by this rule alone. Panel effect: 2 sources, 48 rows.] [ARS on 80/80 rows]",
stock_CUR6K@718712e8d985,BMA,2009-04-01,61.90000041386332,3703261365.1600003,"currency_excluded [ARS: reports in ARS -- IAS 29 hyperinflation regime, no admitted ARS->USD rate, and this vendor is demonstrably wrong on ARS in this panel | CURRENCY-SCOPED RULE (CEO 2026-08-08): every ARS reporter is removed, whether or not its own series looks damaged. Grounds, measured on the 2026-08-07 CUR3K panel: (1) VENDOR DEFECT, on BMA -- totalAssets 2.325e16 between 2.056e13 and 2.420e13 (961x break) and revenue 1.201e9 between 1.443e12 and 1.907e12 (1,588x break), with marketCap continuous through both, so no market-cap sanity check can see it; BMA's nominal revenue also rises 45.6x over the window. (2) NO USD VALUATION IS POSSIBLE -- ARS is refused by fx_rates.ABSTAIN_CURRENCIES and absent from carveOut.FX_TO_USD, so an ARS name has no marketCap_usd, sits in no band, and scores NEUTRAL on the size tilt while competing for the same slots. (3) NO PER-NAME CLEARANCE EXISTS -- separating a correctly IAS 29-restated series from a mishandled one needs a restatement-vintage audit this codebase does not perform. EXPLICITLY NOT CLAIMED OF EVERY ARS NAME: CRESY shows NO defect (worst adjacent ratio 5.0x vs BMA's 1,588x; 7.5x nominal rise vs BMA's 45.6x, i.e. BELOW Argentine inflation, which is what correct restatement looks like). CRESY is removed by this rule alone. Panel effect: 2 sources, 48 rows.] [ARS on 80/80 rows]",
stock_CUR6K@718712e8d985,BMA,2009-07-01,91.60000061243747,5480108902.24,"currency_excluded [ARS: reports in ARS -- IAS 29 hyperinflation regime, no admitted ARS->USD rate, and this vendor is demonstrably wrong on ARS in this panel | CURRENCY-SCOPED RULE (CEO 2026-08-08): every ARS reporter is removed, whether or not its own series looks damaged. Grounds, measured on the 2026-08-07 CUR3K panel: (1) VENDOR DEFECT, on BMA -- totalAssets 2.325e16 between 2.056e13 and 2.420e13 (961x break) and revenue 1.201e9 between 1.443e12 and 1.907e12 (1,588x break), with marketCap continuous through both, so no market-cap sanity check can see it; BMA's nominal revenue also rises 45.6x over the window. (2) NO USD VALUATION IS POSSIBLE -- ARS is refused by fx_rates.ABSTAIN_CURRENCIES and absent from carveOut.FX_TO_USD, so an ARS name has no marketCap_usd, sits in no band, and scores NEUTRAL on the size tilt while competing for the same slots. (3) NO PER-NAME CLEARANCE EXISTS -- separating a correctly IAS 29-restated series from a mishandled one needs a restatement-vintage audit this codebase does not perform. EXPLICITLY NOT CLAIMED OF EVERY ARS NAME: CRESY shows NO defect (worst adjacent ratio 5.0x vs BMA's 1,588x; 7.5x nominal rise vs BMA's 45.6x, i.e. BELOW Argentine inflation, which is what correct restatement looks like). CRESY is removed by this rule alone. Panel effect: 2 sources, 48 rows.] [ARS on 80/80 rows]",
stock_CUR6K@718712e8d985,BMA,2009-10-01,107.50000071874484,6431350513.0,"currency_excluded [ARS: reports in ARS -- IAS 29 hyperinflation regime, no admitted ARS->USD rate, and this vendor is demonstrably wrong on ARS in this panel | CURRENCY-SCOPED RULE (CEO 2026-08-08): every ARS reporter is removed, whether or not its own series looks damaged. Grounds, measured on the 2026-08-07 CUR3K panel: (1) VENDOR DEFECT, on BMA -- totalAssets 2.325e16 between 2.056e13 and 2.420e13 (961x break) and revenue 1.201e9 between 1.443e12 and 1.907e12 (1,588x break), with marketCap continuous through both, so no market-cap sanity check can see it; BMA's nominal revenue also rises 45.6x over the window. (2) NO USD VALUATION IS POSSIBLE -- ARS is refused by fx_rates.ABSTAIN_CURRENCIES and absent from carveOut.FX_TO_USD, so an ARS name has no marketCap_usd, sits in no band, and scores NEUTRAL on the size tilt while competing for the same slots. (3) NO PER-NAME CLEARANCE EXISTS -- separating a correctly IAS 29-restated series from a mishandled one needs a restatement-vintage audit this codebase does not perform. EXPLICITLY NOT CLAIMED OF EVERY ARS NAME: CRESY shows NO defect (worst adjacent ratio 5.0x vs BMA's 1,588x; 7.5x nominal rise vs BMA's 45.6x, i.e. BELOW Argentine inflation, which is what correct restatement looks like). CRESY is removed by this rule alone. Panel effect: 2 sources, 48 rows.] [ARS on 80/80 rows]",
stock_CUR6K@718712e8d985,BMA,2010-01-01,112.8000013113571,6791962408.559999,"currency_excluded [ARS: reports in ARS -- IAS 29 hyperinflation regime, no admitted ARS->USD rate, and this vendor is demonstrably wrong on ARS in this panel | CURRENCY-SCOPED RULE (CEO 2026-08-08): every ARS reporter is removed, whether or not its own series looks damaged. Grounds, measured on the 2026-08-07 CUR3K panel: (1) VENDOR DEFECT, on BMA -- totalAssets 2.325e16 between 2.056e13 and 2.420e13 (961x break) and revenue 1.201e9 between 1.443e12 and 1.907e12 (1,588x break), with marketCap continuous through both, so no market-cap sanity check can see it; BMA's nominal revenue also rises 45.6x over the window. (2) NO USD VALUATION IS POSSIBLE -- ARS is refused by fx_rates.ABSTAIN_CURRENCIES and absent from carveOut.FX_TO_USD, so an ARS name has no marketCap_usd, sits in no band, and scores NEUTRAL on the size tilt while competing for the same slots. (3) NO PER-NAME CLEARANCE EXISTS -- separating a correctly IAS 29-restated series from a mishandled one needs a restatement-vintage audit this codebase does not perform. EXPLICITLY NOT CLAIMED OF EVERY ARS NAME: CRESY shows NO defect (worst adjacent ratio 5.0x vs BMA's 1,588x; 7.5x nominal rise vs BMA's 45.6x, i.e. BELOW Argentine inflation, which is what correct restatement looks like). CRESY is removed by this rule alone. Panel effect: 2 sources, 48 rows.] [ARS on 80/80 rows]",
stock_CUR6K@718712e8d985,BMA,2010-04-01,115.8,6972595920.0,"currency_excluded [ARS: reports in ARS -- IAS 29 hyperinflation regime, no admitted ARS->USD rate, and this vendor is demonstrably wrong on ARS in this panel | CURRENCY-SCOPED RULE (CEO 2026-08-08): every ARS reporter is removed, whether or not its own series looks damaged. Grounds, measured on the 2026-08-07 CUR3K panel: (1) VENDOR DEFECT, on BMA -- totalAssets 2.325e16 between 2.056e13 and 2.420e13 (961x break) and revenue 1.201e9 between 1.443e12 and 1.907e12 (1,588x break), with marketCap continuous through both, so no market-cap sanity check can see it; BMA's nominal revenue also rises 45.6x over the window. (2) NO USD VALUATION IS POSSIBLE -- ARS is refused by fx_rates.ABSTAIN_CURRENCIES and absent from carveOut.FX_TO_USD, so an ARS name has no marketCap_usd, sits in no band, and scores NEUTRAL on the size tilt while competing for the same slots. (3) NO PER-NAME CLEARANCE EXISTS -- separating a correctly IAS 29-restated series from a mishandled one needs a restatement-vintage audit this codebase does not perform. EXPLICITLY NOT CLAIMED OF EVERY ARS NAME: CRESY shows NO defect (worst adjacent ratio 5.0x vs BMA's 1,588x; 7.5x nominal rise vs BMA's 45.6x, i.e. BELOW Argentine inflation, which is what correct restatement looks like). CRESY is removed by this rule alone. Panel effect: 2 sources, 48 rows.] [ARS on 80/80 rows]",
stock_CUR6K@718712e8d985,BMA,2010-07-01,179.70000208910344,10820174156.189999,"currency_excluded [ARS: reports in ARS -- IAS 29 hyperinflation regime, no admitted ARS->USD rate, and this vendor is demonstrably wrong on ARS in this panel | CURRENCY-SCOPED RULE (CEO 2026-08-08): every ARS reporter is removed, whether or not its own series looks damaged. Grounds, measured on the 2026-08-07 CUR3K panel: (1) VENDOR DEFECT, on BMA -- totalAssets 2.325e16 between 2.056e13 and 2.420e13 (961x break) and revenue 1.201e9 between 1.443e12 and 1.907e12 (1,588x break), with marketCap continuous through both, so no market-cap sanity check can see it; BMA's nominal revenue also rises 45.6x over the window. (2) NO USD VALUATION IS POSSIBLE -- ARS is refused by fx_rates.ABSTAIN_CURRENCIES and absent from carveOut.FX_TO_USD, so an ARS name has no marketCap_usd, sits in no band, and scores NEUTRAL on the size tilt while competing for the same slots. (3) NO PER-NAME CLEARANCE EXISTS -- separating a correctly IAS 29-restated series from a mishandled one needs a restatement-vintage audit this codebase does not perform. EXPLICITLY NOT CLAIMED OF EVERY ARS NAME: CRESY shows NO defect (worst adjacent ratio 5.0x vs BMA's 1,588x; 7.5x nominal rise vs BMA's 45.6x, i.e. BELOW Argentine inflation, which is what correct restatement looks like). CRESY is removed by this rule alone. Panel effect: 2 sources, 48 rows.] [ARS on 80/80 rows]",
stock_CUR6K@718712e8d985,BMA,2010-10-01,194.70000226348603,11723360646.689999,"currency_excluded [ARS: reports in ARS -- IAS 29 hyperinflation regime, no admitted ARS->USD rate, and this vendor is demonstrably wrong on ARS in this panel | CURRENCY-SCOPED RULE (CEO 2026-08-08): every ARS reporter is removed, whether or not its own series looks damaged. Grounds, measured on the 2026-08-07 CUR3K panel: (1) VENDOR DEFECT, on BMA -- totalAssets 2.325e16 between 2.056e13 and 2.420e13 (961x break) and revenue 1.201e9 between 1.443e12 and 1.907e12 (1,588x break), with marketCap continuous through both, so no market-cap sanity check can see it; BMA's nominal revenue also rises 45.6x over the window. (2) NO USD VALUATION IS POSSIBLE -- ARS is refused by fx_rates.ABSTAIN_CURRENCIES and absent from carveOut.FX_TO_USD, so an ARS name has no marketCap_usd, sits in no band, and scores NEUTRAL on the size tilt while competing for the same slots. (3) NO PER-NAME CLEARANCE EXISTS -- separating a correctly IAS 29-restated series from a mishandled one needs a restatement-vintage audit this codebase does not perform. EXPLICITLY NOT CLAIMED OF EVERY ARS NAME: CRESY shows NO defect (worst adjacent ratio 5.0x vs BMA's 1,588x; 7.5x nominal rise vs BMA's 45.6x, i.e. BELOW Argentine inflation, which is what correct restatement looks like). CRESY is removed by this rule alone. Panel effect: 2 sources, 48 rows.] [ARS on 80/80 rows]",
stock_CUR6K@718712e8d985,BMA,2011-01-01,169.70000197284838,10218049829.189999,"currency_excluded [ARS: reports in ARS -- IAS 29 hyperinflation regime, no admitted ARS->USD rate, and this vendor is demonstrably wrong on ARS in this panel | CURRENCY-SCOPED RULE (CEO 2026-08-08): every ARS reporter is removed, whether or not its own series looks damaged. Grounds, measured on the 2026-08-07 CUR3K panel: (1) VENDOR DEFECT, on BMA -- totalAssets 2.325e16 between 2.056e13 and 2.420e13 (961x break) and revenue 1.201e9 between 1.443e12 and 1.907e12 (1,588x break), with marketCap continuous through both, so no market-cap sanity check can see it; BMA's nominal revenue also rises 45.6x over the window. (2) NO USD VALUATION IS POSSIBLE -- ARS is refused by fx_rates.ABSTAIN_CURRENCIES and absent from carveOut.FX_TO_USD, so an ARS name has no marketCap_usd, sits in no band, and scores NEUTRAL on the size tilt while competing for the same slots. (3) NO PER-NAME CLEARANCE EXISTS -- separating a correctly IAS 29-restated series from a mishandled one needs a restatement-vintage audit this codebase does not perform. EXPLICITLY NOT CLAIMED OF EVERY ARS NAME: CRESY shows NO defect (worst adjacent ratio 5.0x vs BMA's 1,588x; 7.5x nominal rise vs BMA's 45.6x, i.e. BELOW Argentine inflation, which is what correct restatement looks like). CRESY is removed by this rule alone. Panel effect: 2 sources, 48 rows.] [ARS on 80/80 rows]",
stock_CUR6K@718712e8d985,BMA,2011-04-01,160.3,9652047720.0,"currency_excluded [ARS: reports in ARS -- IAS 29 hyperinflation regime, no admitted ARS->USD rate, and this vendor is demonstrably wrong on ARS in this panel | CURRENCY-SCOPED RULE (CEO 2026-08-08): every ARS reporter is removed, whether or not its own series looks damaged. Grounds, measured on the 2026-08-07 CUR3K panel: (1) VENDOR DEFECT, on BMA -- totalAssets 2.325e16 between 2.056e13 and 2.420e13 (961x break) and revenue 1.201e9 between 1.443e12 and 1.907e12 (1,588x break), with marketCap continuous through both, so no market-cap sanity check can see it; BMA's nominal revenue also rises 45.6x over the window. (2) NO USD VALUATION IS POSSIBLE -- ARS is refused by fx_rates.ABSTAIN_CURRENCIES and absent from carveOut.FX_TO_USD, so an ARS name has no marketCap_usd, sits in no band, and scores NEUTRAL on the size tilt while competing for the same slots. (3) NO PER-NAME CLEARANCE EXISTS -- separating a correctly IAS 29-restated series from a mishandled one needs a restatement-vintage audit this codebase does not perform. EXPLICITLY NOT CLAIMED OF EVERY ARS NAME: CRESY shows NO defect (worst adjacent ratio 5.0x vs BMA's 1,588x; 7.5x nominal rise vs BMA's 45.6x, i.e. BELOW Argentine inflation, which is what correct restatement looks like). CRESY is removed by this rule alone. Panel effect: 2 sources, 48 rows.] [ARS on 80/80 rows]",
stock_CUR6K@718712e8d985,BMA,2011-07-01,95.9,5726419160.0,"currency_excluded [ARS: reports in ARS -- IAS 29 hyperinflation regime, no admitted ARS->USD rate, and this vendor is demonstrably wrong on ARS in this panel | CURRENCY-SCOPED RULE (CEO 2026-08-08): every ARS reporter is removed, whether or not its own series looks damaged. Grounds, measured on the 2026-08-07 CUR3K panel: (1) VENDOR DEFECT, on BMA -- totalAssets 2.325e16 between 2.056e13 and 2.420e13 (961x break) and revenue 1.201e9 between 1.443e12 and 1.907e12 (1,588x break), with marketCap continuous through both, so no market-cap sanity check can see it; BMA's nominal revenue also rises 45.6x over the window. (2) NO USD VALUATION IS POSSIBLE -- ARS is refused by fx_rates.ABSTAIN_CURRENCIES and absent from carveOut.FX_TO_USD, so an ARS name has no marketCap_usd, sits in no band, and scores NEUTRAL on the size tilt while competing for the same slots. (3) NO PER-NAME CLEARANCE EXISTS -- separating a correctly IAS 29-restated series from a mishandled one needs a restatement-vintage audit this codebase does not perform. EXPLICITLY NOT CLAIMED OF EVERY ARS NAME: CRESY shows NO defect (worst adjacent ratio 5.0x vs BMA's 1,588x; 7.5x nominal rise vs BMA's 45.6x, i.e. BELOW Argentine inflation, which is what correct restatement looks like). CRESY is removed by this rule alone. Panel effect: 2 sources, 48 rows.] [ARS on 80/80 rows]",
stock_CUR6K@718712e8d985,BMA,2011-10-01,94.40000111598187,5589653646.88,"currency_excluded [ARS: reports in ARS -- IAS 29 hyperinflation regime, no admitted ARS->USD rate, and this vendor is demonstrably wrong on ARS in this panel | CURRENCY-SCOPED RULE (CEO 2026-08-08): every ARS reporter is removed, whether or not its own series looks damaged. Grounds, measured on the 2026-08-07 CUR3K panel: (1) VENDOR DEFECT, on BMA -- totalAssets 2.325e16 between 2.056e13 and 2.420e13 (961x break) and revenue 1.201e9 between 1.443e12 and 1.907e12 (1,588x break), with marketCap continuous through both, so no market-cap sanity check can see it; BMA's nominal revenue also rises 45.6x over the window. (2) NO USD VALUATION IS POSSIBLE -- ARS is refused by fx_rates.ABSTAIN_CURRENCIES and absent from carveOut.FX_TO_USD, so an ARS name has no marketCap_usd, sits in no band, and scores NEUTRAL on the size tilt while competing for the same slots. (3) NO PER-NAME CLEARANCE EXISTS -- separating a correctly IAS 29-restated series from a mishandled one needs a restatement-vintage audit this codebase does not perform. EXPLICITLY NOT CLAIMED OF EVERY ARS NAME: CRESY shows NO defect (worst adjacent ratio 5.0x vs BMA's 1,588x; 7.5x nominal rise vs BMA's 45.6x, i.e. BELOW Argentine inflation, which is what correct restatement looks like). CRESY is removed by this rule alone. Panel effect: 2 sources, 48 rows.] [ARS on 80/80 rows]",
stock_CUR6K@718712e8d985,BMA,2012-01-01,102.30000120937441,6057431865.21,"currency_excluded [ARS: reports in ARS -- IAS 29 hyperinflation regime, no admitted ARS->USD rate, and this vendor is demonstrably wrong on ARS in this panel | CURRENCY-SCOPED RULE (CEO 2026-08-08): every ARS reporter is removed, whether or not its own series looks damaged. Grounds, measured on the 2026-08-07 CUR3K panel: (1) VENDOR DEFECT, on BMA -- totalAssets 2.325e16 between 2.056e13 and 2.420e13 (961x break) and revenue 1.201e9 between 1.443e12 and 1.907e12 (1,588x break), with marketCap continuous through both, so no market-cap sanity check can see it; BMA's nominal revenue also rises 45.6x over the window. (2) NO USD VALUATION IS POSSIBLE -- ARS is refused by fx_rates.ABSTAIN_CURRENCIES and absent from carveOut.FX_TO_USD, so an ARS name has no marketCap_usd, sits in no band, and scores NEUTRAL on the size tilt while competing for the same slots. (3) NO PER-NAME CLEARANCE EXISTS -- separating a correctly IAS 29-restated series from a mishandled one needs a restatement-vintage audit this codebase does not perform. EXPLICITLY NOT CLAIMED OF EVERY ARS NAME: CRESY shows NO defect (worst adjacent ratio 5.0x vs BMA's 1,588x; 7.5x nominal rise vs BMA's 45.6x, i.e. BELOW Argentine inflation, which is what correct restatement looks like). CRESY is removed by this rule alone. Panel effect: 2 sources, 48 rows.] [ARS on 80/80 rows]",
stock_CUR6K@718712e8d985,BMA,2012-04-01,84.9,5027132760.0,"currency_excluded [ARS: reports in ARS -- IAS 29 hyperinflation regime, no admitted ARS->USD rate, and this vendor is demonstrably wrong on ARS in this panel | CURRENCY-SCOPED RULE (CEO 2026-08-08): every ARS reporter is removed, whether or not its own series looks damaged. Grounds, measured on the 2026-08-07 CUR3K panel: (1) VENDOR DEFECT, on BMA -- totalAssets 2.325e16 between 2.056e13 and 2.420e13 (961x break) and revenue 1.201e9 between 1.443e12 and 1.907e12 (1,588x break), with marketCap continuous through both, so no market-cap sanity check can see it; BMA's nominal revenue also rises 45.6x over the window. (2) NO USD VALUATION IS POSSIBLE -- ARS is refused by fx_rates.ABSTAIN_CURRENCIES and absent from carveOut.FX_TO_USD, so an ARS name has no marketCap_usd, sits in no band, and scores NEUTRAL on the size tilt while competing for the same slots. (3) NO PER-NAME CLEARANCE EXISTS -- separating a correctly IAS 29-restated series from a mishandled one needs a restatement-vintage audit this codebase does not perform. EXPLICITLY NOT CLAIMED OF EVERY ARS NAME: CRESY shows NO defect (worst adjacent ratio 5.0x vs BMA's 1,588x; 7.5x nominal rise vs BMA's 45.6x, i.e. BELOW Argentine inflation, which is what correct restatement looks like). CRESY is removed by this rule alone. Panel effect: 2 sources, 48 rows.] [ARS on 80/80 rows]",
stock_CUR6K@718712e8d985,BMA,2012-07-01,88.6,5178670000.0,"currency_excluded [ARS: reports in ARS -- IAS 29 hyperinflation regime, no admitted ARS->USD rate, and this vendor is demonstrably wrong on ARS in this panel | CURRENCY-SCOPED RULE (CEO 2026-08-08): every ARS reporter is removed, whether or not its own series looks damaged. Grounds, measured on the 2026-08-07 CUR3K panel: (1) VENDOR DEFECT, on BMA -- totalAssets 2.325e16 between 2.056e13 and 2.420e13 (961x break) and revenue 1.201e9 between 1.443e12 and 1.907e12 (1,588x break), with marketCap continuous through both, so no market-cap sanity check can see it; BMA's nominal revenue also rises 45.6x over the window. (2) NO USD VALUATION IS POSSIBLE -- ARS is refused by fx_rates.ABSTAIN_CURRENCIES and absent from carveOut.FX_TO_USD, so an ARS name has no marketCap_usd, sits in no band, and scores NEUTRAL on the size tilt while competing for the same slots. (3) NO PER-NAME CLEARANCE EXISTS -- separating a correctly IAS 29-restated series from a mishandled one needs a restatement-vintage audit this codebase does not perform. EXPLICITLY NOT CLAIMED OF EVERY ARS NAME: CRESY shows NO defect (worst adjacent ratio 5.0x vs BMA's 1,588x; 7.5x nominal rise vs BMA's 45.6x, i.e. BELOW Argentine inflation, which is what correct restatement looks like). CRESY is removed by this rule alone. Panel effect: 2 sources, 48 rows.] [ARS on 80/80 rows]",
stock_CUR6K@718712e8d985,BMA,2012-10-01,127.8,7597710000.0,"currency_excluded [ARS: reports in ARS -- IAS 29 hyperinflation regime, no admitted ARS->USD rate, and this vendor is demonstrably wrong on ARS in this panel | CURRENCY-SCOPED RULE (CEO 2026-08-08): every ARS reporter is removed, whether or not its own series looks damaged. Grounds, measured on the 2026-08-07 CUR3K panel: (1) VENDOR DEFECT, on BMA -- totalAssets 2.325e16 between 2.056e13 and 2.420e13 (961x break) and revenue 1.201e9 between 1.443e12 and 1.907e12 (1,588x break), with marketCap continuous through both, so no market-cap sanity check can see it; BMA's nominal revenue also rises 45.6x over the window. (2) NO USD VALUATION IS POSSIBLE -- ARS is refused by fx_rates.ABSTAIN_CURRENCIES and absent from carveOut.FX_TO_USD, so an ARS name has no marketCap_usd, sits in no band, and scores NEUTRAL on the size tilt while competing for the same slots. (3) NO PER-NAME CLEARANCE EXISTS -- separating a correctly IAS 29-restated series from a mishandled one needs a restatement-vintage audit this codebase does not perform. EXPLICITLY NOT CLAIMED OF EVERY ARS NAME: CRESY shows NO defect (worst adjacent ratio 5.0x vs BMA's 1,588x; 7.5x nominal rise vs BMA's 45.6x, i.e. BELOW Argentine inflation, which is what correct restatement looks like). CRESY is removed by this rule alone. Panel effect: 2 sources, 48 rows.] [ARS on 80/80 rows]",
stock_CUR6K@718712e8d985,BMA,2013-01-01,121.8,7333870320.0,"currency_excluded [ARS: reports in ARS -- IAS 29 hyperinflation regime, no admitted ARS->USD rate, and this vendor is demonstrably wrong on ARS in this panel | CURRENCY-SCOPED RULE (CEO 2026-08-08): every ARS reporter is removed, whether or not its own series looks damaged. Grounds, measured on the 2026-08-07 CUR3K panel: (1) VENDOR DEFECT, on BMA -- totalAssets 2.325e16 between 2.056e13 and 2.420e13 (961x break) and revenue 1.201e9 between 1.443e12 and 1.907e12 (1,588x break), with marketCap continuous through both, so no market-cap sanity check can see it; BMA's nominal revenue also rises 45.6x over the window. (2) NO USD VALUATION IS POSSIBLE -- ARS is refused by fx_rates.ABSTAIN_CURRENCIES and absent from carveOut.FX_TO_USD, so an ARS name has no marketCap_usd, sits in no band, and scores NEUTRAL on the size tilt while competing for the same slots. (3) NO PER-NAME CLEARANCE EXISTS -- separating a correctly IAS 29-restated series from a mishandled one needs a restatement-vintage audit this codebase does not perform. EXPLICITLY NOT CLAIMED OF EVERY ARS NAME: CRESY shows NO defect (worst adjacent ratio 5.0x vs BMA's 1,588x; 7.5x nominal rise vs BMA's 45.6x, i.e. BELOW Argentine inflation, which is what correct restatement looks like). CRESY is removed by this rule alone. Panel effect: 2 sources, 48 rows.] [ARS on 80/80 rows]",
stock_CUR6K@718712e8d985,BMA,2013-04-01,110.3,6447035000.0,"currency_excluded [ARS: reports in ARS -- IAS 29 hyperinflation regime, no admitted ARS->USD rate, and this vendor is demonstrably wrong on ARS in this panel | CURRENCY-SCOPED RULE (CEO 2026-08-08): every ARS reporter is removed, whether or not its own series looks damaged. Grounds, measured on the 2026-08-07 CUR3K panel: (1) VENDOR DEFECT, on BMA -- totalAssets 2.325e16 between 2.056e13 and 2.420e13 (961x break) and revenue 1.201e9 between 1.443e12 and 1.907e12 (1,588x break), with marketCap continuous through both, so no market-cap sanity check can see it; BMA's nominal revenue also rises 45.6x over the window. (2) NO USD VALUATION IS POSSIBLE -- ARS is refused by fx_rates.ABSTAIN_CURRENCIES and absent from carveOut.FX_TO_USD, so an ARS name has no marketCap_usd, sits in no band, and scores NEUTRAL on the size tilt while competing for the same slots. (3) NO PER-NAME CLEARANCE EXISTS -- separating a correctly IAS 29-restated series from a mishandled one needs a restatement-vintage audit this codebase does not perform. EXPLICITLY NOT CLAIMED OF EVERY ARS NAME: CRESY shows NO defect (worst adjacent ratio 5.0x vs BMA's 1,588x; 7.5x nominal rise vs BMA's 45.6x, i.e. BELOW Argentine inflation, which is what correct restatement looks like). CRESY is removed by this rule alone. Panel effect: 2 sources, 48 rows.] [ARS on 80/80 rows]",
stock_CUR6K@718712e8d985,BMA,2013-07-01,209.20000000000005,12227740000.000002,"currency_excluded [ARS: reports in ARS -- IAS 29 hyperinflation regime, no admitted ARS->USD rate, and this vendor is demonstrably wrong on ARS in this panel | CURRENCY-SCOPED RULE (CEO 2026-08-08): every ARS reporter is removed, whether or not its own series looks damaged. Grounds, measured on the 2026-08-07 CUR3K panel: (1) VENDOR DEFECT, on BMA -- totalAssets 2.325e16 between 2.056e13 and 2.420e13 (961x break) and revenue 1.201e9 between 1.443e12 and 1.907e12 (1,588x break), with marketCap continuous through both, so no market-cap sanity check can see it; BMA's nominal revenue also rises 45.6x over the window. (2) NO USD VALUATION IS POSSIBLE -- ARS is refused by fx_rates.ABSTAIN_CURRENCIES and absent from carveOut.FX_TO_USD, so an ARS name has no marketCap_usd, sits in no band, and scores NEUTRAL on the size tilt while competing for the same slots. (3) NO PER-NAME CLEARANCE EXISTS -- separating a correctly IAS 29-restated series from a mishandled one needs a restatement-vintage audit this codebase does not perform. EXPLICITLY NOT CLAIMED OF EVERY ARS NAME: CRESY shows NO defect (worst adjacent ratio 5.0x vs BMA's 1,588x; 7.5x nominal rise vs BMA's 45.6x, i.e. BELOW Argentine inflation, which is what correct restatement looks like). CRESY is removed by this rule alone. Panel effect: 2 sources, 48 rows.] [ARS on 80/80 rows]",
stock_CUR6K@718712e8d985,BMA,2013-10-01,207.7,12140065000.0,"currency_excluded [ARS: reports in ARS -- IAS 29 hyperinflation regime, no admitted ARS->USD rate, and this vendor is demonstrably wrong on ARS in this panel | CURRENCY-SCOPED RULE (CEO 2026-08-08): every ARS reporter is removed, whether or not its own series looks damaged. Grounds, measured on the 2026-08-07 CUR3K panel: (1) VENDOR DEFECT, on BMA -- totalAssets 2.325e16 between 2.056e13 and 2.420e13 (961x break) and revenue 1.201e9 between 1.443e12 and 1.907e12 (1,588x break), with marketCap continuous through both, so no market-cap sanity check can see it; BMA's nominal revenue also rises 45.6x over the window. (2) NO USD VALUATION IS POSSIBLE -- ARS is refused by fx_rates.ABSTAIN_CURRENCIES and absent from carveOut.FX_TO_USD, so an ARS name has no marketCap_usd, sits in no band, and scores NEUTRAL on the size tilt while competing for the same slots. (3) NO PER-NAME CLEARANCE EXISTS -- separating a correctly IAS 29-restated series from a mishandled one needs a restatement-vintage audit this codebase does not perform. EXPLICITLY NOT CLAIMED OF EVERY ARS NAME: CRESY shows NO defect (worst adjacent ratio 5.0x vs BMA's 1,588x; 7.5x nominal rise vs BMA's 45.6x, i.e. BELOW Argentine inflation, which is what correct restatement looks like). CRESY is removed by this rule alone. Panel effect: 2 sources, 48 rows.] [ARS on 80/80 rows]",
stock_CUR6K@718712e8d985,BMA,2014-01-01,276.6,16656907320.0,"currency_excluded [ARS: reports in ARS -- IAS 29 hyperinflation regime, no admitted ARS->USD rate, and this vendor is demonstrably wrong on ARS in this panel | CURRENCY-SCOPED RULE (CEO 2026-08-08): every ARS reporter is removed, whether or not its own series looks damaged. Grounds, measured on the 2026-08-07 CUR3K panel: (1) VENDOR DEFECT, on BMA -- totalAssets 2.325e16 between 2.056e13 and 2.420e13 (961x break) and revenue 1.201e9 between 1.443e12 and 1.907e12 (1,588x break), with marketCap continuous through both, so no market-cap sanity check can see it; BMA's nominal revenue also rises 45.6x over the window. (2) NO USD VALUATION IS POSSIBLE -- ARS is refused by fx_rates.ABSTAIN_CURRENCIES and absent from carveOut.FX_TO_USD, so an ARS name has no marketCap_usd, sits in no band, and scores NEUTRAL on the size tilt while competing for the same slots. (3) NO PER-NAME CLEARANCE EXISTS -- separating a correctly IAS 29-restated series from a mishandled one needs a restatement-vintage audit this codebase does not perform. EXPLICITLY NOT CLAIMED OF EVERY ARS NAME: CRESY shows NO defect (worst adjacent ratio 5.0x vs BMA's 1,588x; 7.5x nominal rise vs BMA's 45.6x, i.e. BELOW Argentine inflation, which is what correct restatement looks like). CRESY is removed by this rule alone. Panel effect: 2 sources, 48 rows.] [ARS on 80/80 rows]",
stock_CUR6K@718712e8d985,BMA,2014-04-01,369.5,21597275000.0,"currency_excluded [ARS: reports in ARS -- IAS 29 hyperinflation regime, no admitted ARS->USD rate, and this vendor is demonstrably wrong on ARS in this panel | CURRENCY-SCOPED RULE (CEO 2026-08-08): every ARS reporter is removed, whether or not its own series looks damaged. Grounds, measured on the 2026-08-07 CUR3K panel: (1) VENDOR DEFECT, on BMA -- totalAssets 2.325e16 between 2.056e13 and 2.420e13 (961x break) and revenue 1.201e9 between 1.443e12 and 1.907e12 (1,588x break), with marketCap continuous through both, so no market-cap sanity check can see it; BMA's nominal revenue also rises 45.6x over the window. (2) NO USD VALUATION IS POSSIBLE -- ARS is refused by fx_rates.ABSTAIN_CURRENCIES and absent from carveOut.FX_TO_USD, so an ARS name has no marketCap_usd, sits in no band, and scores NEUTRAL on the size tilt while competing for the same slots. (3) NO PER-NAME CLEARANCE EXISTS -- separating a correctly IAS 29-restated series from a mishandled one needs a restatement-vintage audit this codebase does not perform. EXPLICITLY NOT CLAIMED OF EVERY ARS NAME: CRESY shows NO defect (worst adjacent ratio 5.0x vs BMA's 1,588x; 7.5x nominal rise vs BMA's 45.6x, i.e. BELOW Argentine inflation, which is what correct restatement looks like). CRESY is removed by this rule alone. Panel effect: 2 sources, 48 rows.] [ARS on 80/80 rows]",
stock_CUR6K@718712e8d985,BMA,2014-07-01,564.2,32977490000.0,"currency_excluded [ARS: reports in ARS -- IAS 29 hyperinflation regime, no admitted ARS->USD rate, and this vendor is demonstrably wrong on ARS in this panel | CURRENCY-SCOPED RULE (CEO 2026-08-08): every ARS reporter is removed, whether or not its own series looks damaged. Grounds, measured on the 2026-08-07 CUR3K panel: (1) VENDOR DEFECT, on BMA -- totalAssets 2.325e16 between 2.056e13 and 2.420e13 (961x break) and revenue 1.201e9 between 1.443e12 and 1.907e12 (1,588x break), with marketCap continuous through both, so no market-cap sanity check can see it; BMA's nominal revenue also rises 45.6x over the window. (2) NO USD VALUATION IS POSSIBLE -- ARS is refused by fx_rates.ABSTAIN_CURRENCIES and absent from carveOut.FX_TO_USD, so an ARS name has no marketCap_usd, sits in no band, and scores NEUTRAL on the size tilt while competing for the same slots. (3) NO PER-NAME CLEARANCE EXISTS -- separating a correctly IAS 29-restated series from a mishandled one needs a restatement-vintage audit this codebase does not perform. EXPLICITLY NOT CLAIMED OF EVERY ARS NAME: CRESY shows NO defect (worst adjacent ratio 5.0x vs BMA's 1,588x; 7.5x nominal rise vs BMA's 45.6x, i.e. BELOW Argentine inflation, which is what correct restatement looks like). CRESY is removed by this rule alone. Panel effect: 2 sources, 48 rows.] [ARS on 80/80 rows]",
stock_CUR6K@718712e8d985,BMA,2014-10-01,494.3,28891835000.0,"currency_excluded [ARS: reports in ARS -- IAS 29 hyperinflation regime, no admitted ARS->USD rate, and this vendor is demonstrably wrong on ARS in this panel | CURRENCY-SCOPED RULE (CEO 2026-08-08): every ARS reporter is removed, whether or not its own series looks damaged. Grounds, measured on the 2026-08-07 CUR3K panel: (1) VENDOR DEFECT, on BMA -- totalAssets 2.325e16 between 2.056e13 and 2.420e13 (961x break) and revenue 1.201e9 between 1.443e12 and 1.907e12 (1,588x break), with marketCap continuous through both, so no market-cap sanity check can see it; BMA's nominal revenue also rises 45.6x over the window. (2) NO USD VALUATION IS POSSIBLE -- ARS is refused by fx_rates.ABSTAIN_CURRENCIES and absent from carveOut.FX_TO_USD, so an ARS name has no marketCap_usd, sits in no band, and scores NEUTRAL on the size tilt while competing for the same slots. (3) NO PER-NAME CLEARANCE EXISTS -- separating a correctly IAS 29-restated series from a mishandled one needs a restatement-vintage audit this codebase does not perform. EXPLICITLY NOT CLAIMED OF EVERY ARS NAME: CRESY shows NO defect (worst adjacent ratio 5.0x vs BMA's 1,588x; 7.5x nominal rise vs BMA's 45.6x, i.e. BELOW Argentine inflation, which is what correct restatement looks like). CRESY is removed by this rule alone. Panel effect: 2 sources, 48 rows.] [ARS on 80/80 rows]",
stock_CUR6K@718712e8d985,BMA,2015-01-01,698.5,41365309700.0,"currency_excluded [ARS: reports in ARS -- IAS 29 hyperinflation regime, no admitted ARS->USD rate, and this vendor is demonstrably wrong on ARS in this panel | CURRENCY-SCOPED RULE (CEO 2026-08-08): every ARS reporter is removed, whether or not its own series looks damaged. Grounds, measured on the 2026-08-07 CUR3K panel: (1) VENDOR DEFECT, on BMA -- totalAssets 2.325e16 between 2.056e13 and 2.420e13 (961x break) and revenue 1.201e9 between 1.443e12 and 1.907e12 (1,588x break), with marketCap continuous through both, so no market-cap sanity check can see it; BMA's nominal revenue also rises 45.6x over the window. (2) NO USD VALUATION IS POSSIBLE -- ARS is refused by fx_rates.ABSTAIN_CURRENCIES and absent from carveOut.FX_TO_USD, so an ARS name has no marketCap_usd, sits in no band, and scores NEUTRAL on the size tilt while competing for the same slots. (3) NO PER-NAME CLEARANCE EXISTS -- separating a correctly IAS 29-restated series from a mishandled one needs a restatement-vintage audit this codebase does not perform. EXPLICITLY NOT CLAIMED OF EVERY ARS NAME: CRESY shows NO defect (worst adjacent ratio 5.0x vs BMA's 1,588x; 7.5x nominal rise vs BMA's 45.6x, i.e. BELOW Argentine inflation, which is what correct restatement looks like). CRESY is removed by this rule alone. Panel effect: 2 sources, 48 rows.] [ARS on 80/80 rows]",
stock_CUR6K@718712e8d985,BMA,2015-04-01,595.1,34783595000.0,"currency_excluded [ARS: reports in ARS -- IAS 29 hyperinflation regime, no admitted ARS->USD rate, and this vendor is demonstrably wrong on ARS in this panel | CURRENCY-SCOPED RULE (CEO 2026-08-08): every ARS reporter is removed, whether or not its own series looks damaged. Grounds, measured on the 2026-08-07 CUR3K panel: (1) VENDOR DEFECT, on BMA -- totalAssets 2.325e16 between 2.056e13 and 2.420e13 (961x break) and revenue 1.201e9 between 1.443e12 and 1.907e12 (1,588x break), with marketCap continuous through both, so no market-cap sanity check can see it; BMA's nominal revenue also rises 45.6x over the window. (2) NO USD VALUATION IS POSSIBLE -- ARS is refused by fx_rates.ABSTAIN_CURRENCIES and absent from carveOut.FX_TO_USD, so an ARS name has no marketCap_usd, sits in no band, and scores NEUTRAL on the size tilt while competing for the same slots. (3) NO PER-NAME CLEARANCE EXISTS -- separating a correctly IAS 29-restated series from a mishandled one needs a restatement-vintage audit this codebase does not perform. EXPLICITLY NOT CLAIMED OF EVERY ARS NAME: CRESY shows NO defect (worst adjacent ratio 5.0x vs BMA's 1,588x; 7.5x nominal rise vs BMA's 45.6x, i.e. BELOW Argentine inflation, which is what correct restatement looks like). CRESY is removed by this rule alone. Panel effect: 2 sources, 48 rows.] [ARS on 80/80 rows]",
stock_CUR6K@718712e8d985,BMA,2015-07-01,545.7,31896165000.0,"currency_excluded [ARS: reports in ARS -- IAS 29 hyperinflation regime, no admitted ARS->USD rate, and this vendor is demonstrably wrong on ARS in this panel | CURRENCY-SCOPED RULE (CEO 2026-08-08): every ARS reporter is removed, whether or not its own series looks damaged. Grounds, measured on the 2026-08-07 CUR3K panel: (1) VENDOR DEFECT, on BMA -- totalAssets 2.325e16 between 2.056e13 and 2.420e13 (961x break) and revenue 1.201e9 between 1.443e12 and 1.907e12 (1,588x break), with marketCap continuous through both, so no market-cap sanity check can see it; BMA's nominal revenue also rises 45.6x over the window. (2) NO USD VALUATION IS POSSIBLE -- ARS is refused by fx_rates.ABSTAIN_CURRENCIES and absent from carveOut.FX_TO_USD, so an ARS name has no marketCap_usd, sits in no band, and scores NEUTRAL on the size tilt while competing for the same slots. (3) NO PER-NAME CLEARANCE EXISTS -- separating a correctly IAS 29-restated series from a mishandled one needs a restatement-vintage audit this codebase does not perform. EXPLICITLY NOT CLAIMED OF EVERY ARS NAME: CRESY shows NO defect (worst adjacent ratio 5.0x vs BMA's 1,588x; 7.5x nominal rise vs BMA's 45.6x, i.e. BELOW Argentine inflation, which is what correct restatement looks like). CRESY is removed by this rule alone. Panel effect: 2 sources, 48 rows.] [ARS on 80/80 rows]",
stock_CUR6K@718712e8d985,BMA,2015-10-01,798.8,46689860000.0,"currency_excluded [ARS: reports in ARS -- IAS 29 hyperinflation regime, no admitted ARS->USD rate, and this vendor is demonstrably wrong on ARS in this panel | CURRENCY-SCOPED RULE (CEO 2026-08-08): every ARS reporter is removed, whether or not its own series looks damaged. Grounds, measured on the 2026-08-07 CUR3K panel: (1) VENDOR DEFECT, on BMA -- totalAssets 2.325e16 between 2.056e13 and 2.420e13 (961x break) and revenue 1.201e9 between 1.443e12 and 1.907e12 (1,588x break), with marketCap continuous through both, so no market-cap sanity check can see it; BMA's nominal revenue also rises 45.6x over the window. (2) NO USD VALUATION IS POSSIBLE -- ARS is refused by fx_rates.ABSTAIN_CURRENCIES and absent from carveOut.FX_TO_USD, so an ARS name has no marketCap_usd, sits in no band, and scores NEUTRAL on the size tilt while competing for the same slots. (3) NO PER-NAME CLEARANCE EXISTS -- separating a correctly IAS 29-restated series from a mishandled one needs a restatement-vintage audit this codebase does not perform. EXPLICITLY NOT CLAIMED OF EVERY ARS NAME: CRESY shows NO defect (worst adjacent ratio 5.0x vs BMA's 1,588x; 7.5x nominal rise vs BMA's 45.6x, i.e. BELOW Argentine inflation, which is what correct restatement looks like). CRESY is removed by this rule alone. Panel effect: 2 sources, 48 rows.] [ARS on 80/80 rows]",
stock_CUR6K@718712e8d985,BMA,2016-01-01,941.6,55761740320.0,"currency_excluded [ARS: reports in ARS -- IAS 29 hyperinflation regime, no admitted ARS->USD rate, and this vendor is demonstrably wrong on ARS in this panel | CURRENCY-SCOPED RULE (CEO 2026-08-08): every ARS reporter is removed, whether or not its own series looks damaged. Grounds, measured on the 2026-08-07 CUR3K panel: (1) VENDOR DEFECT, on BMA -- totalAssets 2.325e16 between 2.056e13 and 2.420e13 (961x break) and revenue 1.201e9 between 1.443e12 and 1.907e12 (1,588x break), with marketCap continuous through both, so no market-cap sanity check can see it; BMA's nominal revenue also rises 45.6x over the window. (2) NO USD VALUATION IS POSSIBLE -- ARS is refused by fx_rates.ABSTAIN_CURRENCIES and absent from carveOut.FX_TO_USD, so an ARS name has no marketCap_usd, sits in no band, and scores NEUTRAL on the size tilt while competing for the same slots. (3) NO PER-NAME CLEARANCE EXISTS -- separating a correctly IAS 29-restated series from a mishandled one needs a restatement-vintage audit this codebase does not perform. EXPLICITLY NOT CLAIMED OF EVERY ARS NAME: CRESY shows NO defect (worst adjacent ratio 5.0x vs BMA's 1,588x; 7.5x nominal rise vs BMA's 45.6x, i.e. BELOW Argentine inflation, which is what correct restatement looks like). CRESY is removed by this rule alone. Panel effect: 2 sources, 48 rows.] [ARS on 80/80 rows]",
stock_CUR6K@718712e8d985,BMA,2016-04-01,1119.3000000000002,65423085000.00001,"currency_excluded [ARS: reports in ARS -- IAS 29 hyperinflation regime, no admitted ARS->USD rate, and this vendor is demonstrably wrong on ARS in this panel | CURRENCY-SCOPED RULE (CEO 2026-08-08): every ARS reporter is removed, whether or not its own series looks damaged. Grounds, measured on the 2026-08-07 CUR3K panel: (1) VENDOR DEFECT, on BMA -- totalAssets 2.325e16 between 2.056e13 and 2.420e13 (961x break) and revenue 1.201e9 between 1.443e12 and 1.907e12 (1,588x break), with marketCap continuous through both, so no market-cap sanity check can see it; BMA's nominal revenue also rises 45.6x over the window. (2) NO USD VALUATION IS POSSIBLE -- ARS is refused by fx_rates.ABSTAIN_CURRENCIES and absent from carveOut.FX_TO_USD, so an ARS name has no marketCap_usd, sits in no band, and scores NEUTRAL on the size tilt while competing for the same slots. (3) NO PER-NAME CLEARANCE EXISTS -- separating a correctly IAS 29-restated series from a mishandled one needs a restatement-vintage audit this codebase does not perform. EXPLICITLY NOT CLAIMED OF EVERY ARS NAME: CRESY shows NO defect (worst adjacent ratio 5.0x vs BMA's 1,588x; 7.5x nominal rise vs BMA's 45.6x, i.e. BELOW Argentine inflation, which is what correct restatement looks like). CRESY is removed by this rule alone. Panel effect: 2 sources, 48 rows.] [ARS on 80/80 rows]",
stock_CUR6K@718712e8d985,BMA,2016-07-01,1187.7,69499571970.0,"currency_excluded [ARS: reports in ARS -- IAS 29 hyperinflation regime, no admitted ARS->USD rate, and this vendor is demonstrably wrong on ARS in this panel | CURRENCY-SCOPED RULE (CEO 2026-08-08): every ARS reporter is removed, whether or not its own series looks damaged. Grounds, measured on the 2026-08-07 CUR3K panel: (1) VENDOR DEFECT, on BMA -- totalAssets 2.325e16 between 2.056e13 and 2.420e13 (961x break) and revenue 1.201e9 between 1.443e12 and 1.907e12 (1,588x break), with marketCap continuous through both, so no market-cap sanity check can see it; BMA's nominal revenue also rises 45.6x over the window. (2) NO USD VALUATION IS POSSIBLE -- ARS is refused by fx_rates.ABSTAIN_CURRENCIES and absent from carveOut.FX_TO_USD, so an ARS name has no marketCap_usd, sits in no band, and scores NEUTRAL on the size tilt while competing for the same slots. (3) NO PER-NAME CLEARANCE EXISTS -- separating a correctly IAS 29-restated series from a mishandled one needs a restatement-vintage audit this codebase does not perform. EXPLICITLY NOT CLAIMED OF EVERY ARS NAME: CRESY shows NO defect (worst adjacent ratio 5.0x vs BMA's 1,588x; 7.5x nominal rise vs BMA's 45.6x, i.e. BELOW Argentine inflation, which is what correct restatement looks like). CRESY is removed by this rule alone. Panel effect: 2 sources, 48 rows.] [ARS on 80/80 rows]",
stock_CUR6K@718712e8d985,BMA,2016-10-01,611.3,35730485000.0,"currency_excluded [ARS: reports in ARS -- IAS 29 hyperinflation regime, no admitted ARS->USD rate, and this vendor is demonstrably wrong on ARS in this panel | CURRENCY-SCOPED RULE (CEO 2026-08-08): every ARS reporter is removed, whether or not its own series looks damaged. Grounds, measured on the 2026-08-07 CUR3K panel: (1) VENDOR DEFECT, on BMA -- totalAssets 2.325e16 between 2.056e13 and 2.420e13 (961x break) and revenue 1.201e9 between 1.443e12 and 1.907e12 (1,588x break), with marketCap continuous through both, so no market-cap sanity check can see it; BMA's nominal revenue also rises 45.6x over the window. (2) NO USD VALUATION IS POSSIBLE -- ARS is refused by fx_rates.ABSTAIN_CURRENCIES and absent from carveOut.FX_TO_USD, so an ARS name has no marketCap_usd, sits in no band, and scores NEUTRAL on the size tilt while competing for the same slots. (3) NO PER-NAME CLEARANCE EXISTS -- separating a correctly IAS 29-restated series from a mishandled one needs a restatement-vintage audit this codebase does not perform. EXPLICITLY NOT CLAIMED OF EVERY ARS NAME: CRESY shows NO defect (worst adjacent ratio 5.0x vs BMA's 1,588x; 7.5x nominal rise vs BMA's 45.6x, i.e. BELOW Argentine inflation, which is what correct restatement looks like). CRESY is removed by this rule alone. Panel effect: 2 sources, 48 rows.] [ARS on 80/80 rows]",
stock_CUR6K@718712e8d985,BMA,2017-01-01,1333.0,77922247900.0,"currency_excluded [ARS: reports in ARS -- IAS 29 hyperinflation regime, no admitted ARS->USD rate, and this vendor is demonstrably wrong on ARS in this panel | CURRENCY-SCOPED RULE (CEO 2026-08-08): every ARS reporter is removed, whether or not its own series looks damaged. Grounds, measured on the 2026-08-07 CUR3K panel: (1) VENDOR DEFECT, on BMA -- totalAssets 2.325e16 between 2.056e13 and 2.420e13 (961x break) and revenue 1.201e9 between 1.443e12 and 1.907e12 (1,588x break), with marketCap continuous through both, so no market-cap sanity check can see it; BMA's nominal revenue also rises 45.6x over the window. (2) NO USD VALUATION IS POSSIBLE -- ARS is refused by fx_rates.ABSTAIN_CURRENCIES and absent from carveOut.FX_TO_USD, so an ARS name has no marketCap_usd, sits in no band, and scores NEUTRAL on the size tilt while competing for the same slots. (3) NO PER-NAME CLEARANCE EXISTS -- separating a correctly IAS 29-restated series from a mishandled one needs a restatement-vintage audit this codebase does not perform. EXPLICITLY NOT CLAIMED OF EVERY ARS NAME: CRESY shows NO defect (worst adjacent ratio 5.0x vs BMA's 1,588x; 7.5x nominal rise vs BMA's 45.6x, i.e. BELOW Argentine inflation, which is what correct restatement looks like). CRESY is removed by this rule alone. Panel effect: 2 sources, 48 rows.] [ARS on 80/80 rows]",
stock_CUR6K@718712e8d985,BMA,2017-04-01,1530.0,90931113000.0,"currency_excluded [ARS: reports in ARS -- IAS 29 hyperinflation regime, no admitted ARS->USD rate, and this vendor is demonstrably wrong on ARS in this panel | CURRENCY-SCOPED RULE (CEO 2026-08-08): every ARS reporter is removed, whether or not its own series looks damaged. Grounds, measured on the 2026-08-07 CUR3K panel: (1) VENDOR DEFECT, on BMA -- totalAssets 2.325e16 between 2.056e13 and 2.420e13 (961x break) and revenue 1.201e9 between 1.443e12 and 1.907e12 (1,588x break), with marketCap continuous through both, so no market-cap sanity check can see it; BMA's nominal revenue also rises 45.6x over the window. (2) NO USD VALUATION IS POSSIBLE -- ARS is refused by fx_rates.ABSTAIN_CURRENCIES and absent from carveOut.FX_TO_USD, so an ARS name has no marketCap_usd, sits in no band, and scores NEUTRAL on the size tilt while competing for the same slots. (3) NO PER-NAME CLEARANCE EXISTS -- separating a correctly IAS 29-restated series from a mishandled one needs a restatement-vintage audit this codebase does not perform. EXPLICITLY NOT CLAIMED OF EVERY ARS NAME: CRESY shows NO defect (worst adjacent ratio 5.0x vs BMA's 1,588x; 7.5x nominal rise vs BMA's 45.6x, i.e. BELOW Argentine inflation, which is what correct restatement looks like). CRESY is removed by this rule alone. Panel effect: 2 sources, 48 rows.] [ARS on 80/80 rows]",
stock_CUR6K@718712e8d985,BMA,2017-07-01,2033.0,135848109500.0,"currency_excluded [ARS: reports in ARS -- IAS 29 hyperinflation regime, no admitted ARS->USD rate, and this vendor is demonstrably wrong on ARS in this panel | CURRENCY-SCOPED RULE (CEO 2026-08-08): every ARS reporter is removed, whether or not its own series looks damaged. Grounds, measured on the 2026-08-07 CUR3K panel: (1) VENDOR DEFECT, on BMA -- totalAssets 2.325e16 between 2.056e13 and 2.420e13 (961x break) and revenue 1.201e9 between 1.443e12 and 1.907e12 (1,588x break), with marketCap continuous through both, so no market-cap sanity check can see it; BMA's nominal revenue also rises 45.6x over the window. (2) NO USD VALUATION IS POSSIBLE -- ARS is refused by fx_rates.ABSTAIN_CURRENCIES and absent from carveOut.FX_TO_USD, so an ARS name has no marketCap_usd, sits in no band, and scores NEUTRAL on the size tilt while competing for the same slots. (3) NO PER-NAME CLEARANCE EXISTS -- separating a correctly IAS 29-restated series from a mishandled one needs a restatement-vintage audit this codebase does not perform. EXPLICITLY NOT CLAIMED OF EVERY ARS NAME: CRESY shows NO defect (worst adjacent ratio 5.0x vs BMA's 1,588x; 7.5x nominal rise vs BMA's 45.6x, i.e. BELOW Argentine inflation, which is what correct restatement looks like). CRESY is removed by this rule alone. Panel effect: 2 sources, 48 rows.] [ARS on 80/80 rows]",
stock_CUR6K@718712e8d985,BMA,2017-10-01,1303.6000000000001,87245646120.00002,"currency_excluded [ARS: reports in ARS -- IAS 29 hyperinflation regime, no admitted ARS->USD rate, and this vendor is demonstrably wrong on ARS in this panel | CURRENCY-SCOPED RULE (CEO 2026-08-08): every ARS reporter is removed, whether or not its own series looks damaged. Grounds, measured on the 2026-08-07 CUR3K panel: (1) VENDOR DEFECT, on BMA -- totalAssets 2.325e16 between 2.056e13 and 2.420e13 (961x break) and revenue 1.201e9 between 1.443e12 and 1.907e12 (1,588x break), with marketCap continuous through both, so no market-cap sanity check can see it; BMA's nominal revenue also rises 45.6x over the window. (2) NO USD VALUATION IS POSSIBLE -- ARS is refused by fx_rates.ABSTAIN_CURRENCIES and absent from carveOut.FX_TO_USD, so an ARS name has no marketCap_usd, sits in no band, and scores NEUTRAL on the size tilt while competing for the same slots. (3) NO PER-NAME CLEARANCE EXISTS -- separating a correctly IAS 29-restated series from a mishandled one needs a restatement-vintage audit this codebase does not perform. EXPLICITLY NOT CLAIMED OF EVERY ARS NAME: CRESY shows NO defect (worst adjacent ratio 5.0x vs BMA's 1,588x; 7.5x nominal rise vs BMA's 45.6x, i.e. BELOW Argentine inflation, which is what correct restatement looks like). CRESY is removed by this rule alone. Panel effect: 2 sources, 48 rows.] [ARS on 80/80 rows]",
stock_CUR6K@718712e8d985,BMA,2018-01-01,2210.0,149683742000.0,"currency_excluded [ARS: reports in ARS -- IAS 29 hyperinflation regime, no admitted ARS->USD rate, and this vendor is demonstrably wrong on ARS in this panel | CURRENCY-SCOPED RULE (CEO 2026-08-08): every ARS reporter is removed, whether or not its own series looks damaged. Grounds, measured on the 2026-08-07 CUR3K panel: (1) VENDOR DEFECT, on BMA -- totalAssets 2.325e16 between 2.056e13 and 2.420e13 (961x break) and revenue 1.201e9 between 1.443e12 and 1.907e12 (1,588x break), with marketCap continuous through both, so no market-cap sanity check can see it; BMA's nominal revenue also rises 45.6x over the window. (2) NO USD VALUATION IS POSSIBLE -- ARS is refused by fx_rates.ABSTAIN_CURRENCIES and absent from carveOut.FX_TO_USD, so an ARS name has no marketCap_usd, sits in no band, and scores NEUTRAL on the size tilt while competing for the same slots. (3) NO PER-NAME CLEARANCE EXISTS -- separating a correctly IAS 29-restated series from a mishandled one needs a restatement-vintage audit this codebase does not perform. EXPLICITLY NOT CLAIMED OF EVERY ARS NAME: CRESY shows NO defect (worst adjacent ratio 5.0x vs BMA's 1,588x; 7.5x nominal rise vs BMA's 45.6x, i.e. BELOW Argentine inflation, which is what correct restatement looks like). CRESY is removed by this rule alone. Panel effect: 2 sources, 48 rows.] [ARS on 80/80 rows]",
stock_CUR6K@718712e8d985,BMA,2018-04-01,1685.0,112838215500.0,"currency_excluded [ARS: reports in ARS -- IAS 29 hyperinflation regime, no admitted ARS->USD rate, and this vendor is demonstrably wrong on ARS in this panel | CURRENCY-SCOPED RULE (CEO 2026-08-08): every ARS reporter is removed, whether or not its own series looks damaged. Grounds, measured on the 2026-08-07 CUR3K panel: (1) VENDOR DEFECT, on BMA -- totalAssets 2.325e16 between 2.056e13 and 2.420e13 (961x break) and revenue 1.201e9 between 1.443e12 and 1.907e12 (1,588x break), with marketCap continuous through both, so no market-cap sanity check can see it; BMA's nominal revenue also rises 45.6x over the window. (2) NO USD VALUATION IS POSSIBLE -- ARS is refused by fx_rates.ABSTAIN_CURRENCIES and absent from carveOut.FX_TO_USD, so an ARS name has no marketCap_usd, sits in no band, and scores NEUTRAL on the size tilt while competing for the same slots. (3) NO PER-NAME CLEARANCE EXISTS -- separating a correctly IAS 29-restated series from a mishandled one needs a restatement-vintage audit this codebase does not perform. EXPLICITLY NOT CLAIMED OF EVERY ARS NAME: CRESY shows NO defect (worst adjacent ratio 5.0x vs BMA's 1,588x; 7.5x nominal rise vs BMA's 45.6x, i.e. BELOW Argentine inflation, which is what correct restatement looks like). CRESY is removed by this rule alone. Panel effect: 2 sources, 48 rows.] [ARS on 80/80 rows]",
stock_CUR6K@718712e8d985,BMA,2018-07-01,1662.0,110053152600.0,"currency_excluded [ARS: reports in ARS -- IAS 29 hyperinflation regime, no admitted ARS->USD rate, and this vendor is demonstrably wrong on ARS in this panel | CURRENCY-SCOPED RULE (CEO 2026-08-08): every ARS reporter is removed, whether or not its own series looks damaged. Grounds, measured on the 2026-08-07 CUR3K panel: (1) VENDOR DEFECT, on BMA -- totalAssets 2.325e16 between 2.056e13 and 2.420e13 (961x break) and revenue 1.201e9 between 1.443e12 and 1.907e12 (1,588x break), with marketCap continuous through both, so no market-cap sanity check can see it; BMA's nominal revenue also rises 45.6x over the window. (2) NO USD VALUATION IS POSSIBLE -- ARS is refused by fx_rates.ABSTAIN_CURRENCIES and absent from carveOut.FX_TO_USD, so an ARS name has no marketCap_usd, sits in no band, and scores NEUTRAL on the size tilt while competing for the same slots. (3) NO PER-NAME CLEARANCE EXISTS -- separating a correctly IAS 29-restated series from a mishandled one needs a restatement-vintage audit this codebase does not perform. EXPLICITLY NOT CLAIMED OF EVERY ARS NAME: CRESY shows NO defect (worst adjacent ratio 5.0x vs BMA's 1,588x; 7.5x nominal rise vs BMA's 45.6x, i.e. BELOW Argentine inflation, which is what correct restatement looks like). CRESY is removed by this rule alone. Panel effect: 2 sources, 48 rows.] [ARS on 80/80 rows]",
stock_CUR6K@718712e8d985,BMA,2018-10-01,975.9,63272866860.0,"currency_excluded [ARS: reports in ARS -- IAS 29 hyperinflation regime, no admitted ARS->USD rate, and this vendor is demonstrably wrong on ARS in this panel | CURRENCY-SCOPED RULE (CEO 2026-08-08): every ARS reporter is removed, whether or not its own series looks damaged. Grounds, measured on the 2026-08-07 CUR3K panel: (1) VENDOR DEFECT, on BMA -- totalAssets 2.325e16 between 2.056e13 and 2.420e13 (961x break) and revenue 1.201e9 between 1.443e12 and 1.907e12 (1,588x break), with marketCap continuous through both, so no market-cap sanity check can see it; BMA's nominal revenue also rises 45.6x over the window. (2) NO USD VALUATION IS POSSIBLE -- ARS is refused by fx_rates.ABSTAIN_CURRENCIES and absent from carveOut.FX_TO_USD, so an ARS name has no marketCap_usd, sits in no band, and scores NEUTRAL on the size tilt while competing for the same slots. (3) NO PER-NAME CLEARANCE EXISTS -- separating a correctly IAS 29-restated series from a mishandled one needs a restatement-vintage audit this codebase does not perform. EXPLICITLY NOT CLAIMED OF EVERY ARS NAME: CRESY shows NO defect (worst adjacent ratio 5.0x vs BMA's 1,588x; 7.5x nominal rise vs BMA's 45.6x, i.e. BELOW Argentine inflation, which is what correct restatement looks like). CRESY is removed by this rule alone. Panel effect: 2 sources, 48 rows.] [ARS on 80/80 rows]",
stock_CUR6K@718712e8d985,BMA,2019-01-01,2010.0,128439000000.0,"currency_excluded [ARS: reports in ARS -- IAS 29 hyperinflation regime, no admitted ARS->USD rate, and this vendor is demonstrably wrong on ARS in this panel | CURRENCY-SCOPED RULE (CEO 2026-08-08): every ARS reporter is removed, whether or not its own series looks damaged. Grounds, measured on the 2026-08-07 CUR3K panel: (1) VENDOR DEFECT, on BMA -- totalAssets 2.325e16 between 2.056e13 and 2.420e13 (961x break) and revenue 1.201e9 between 1.443e12 and 1.907e12 (1,588x break), with marketCap continuous through both, so no market-cap sanity check can see it; BMA's nominal revenue also rises 45.6x over the window. (2) NO USD VALUATION IS POSSIBLE -- ARS is refused by fx_rates.ABSTAIN_CURRENCIES and absent from carveOut.FX_TO_USD, so an ARS name has no marketCap_usd, sits in no band, and scores NEUTRAL on the size tilt while competing for the same slots. (3) NO PER-NAME CLEARANCE EXISTS -- separating a correctly IAS 29-restated series from a mishandled one needs a restatement-vintage audit this codebase does not perform. EXPLICITLY NOT CLAIMED OF EVERY ARS NAME: CRESY shows NO defect (worst adjacent ratio 5.0x vs BMA's 1,588x; 7.5x nominal rise vs BMA's 45.6x, i.e. BELOW Argentine inflation, which is what correct restatement looks like). CRESY is removed by this rule alone. Panel effect: 2 sources, 48 rows.] [ARS on 80/80 rows]",
stock_CUR6K@718712e8d985,BMA,2019-04-01,3037.0,194185172600.0,"currency_excluded [ARS: reports in ARS -- IAS 29 hyperinflation regime, no admitted ARS->USD rate, and this vendor is demonstrably wrong on ARS in this panel | CURRENCY-SCOPED RULE (CEO 2026-08-08): every ARS reporter is removed, whether or not its own series looks damaged. Grounds, measured on the 2026-08-07 CUR3K panel: (1) VENDOR DEFECT, on BMA -- totalAssets 2.325e16 between 2.056e13 and 2.420e13 (961x break) and revenue 1.201e9 between 1.443e12 and 1.907e12 (1,588x break), with marketCap continuous through both, so no market-cap sanity check can see it; BMA's nominal revenue also rises 45.6x over the window. (2) NO USD VALUATION IS POSSIBLE -- ARS is refused by fx_rates.ABSTAIN_CURRENCIES and absent from carveOut.FX_TO_USD, so an ARS name has no marketCap_usd, sits in no band, and scores NEUTRAL on the size tilt while competing for the same slots. (3) NO PER-NAME CLEARANCE EXISTS -- separating a correctly IAS 29-restated series from a mishandled one needs a restatement-vintage audit this codebase does not perform. EXPLICITLY NOT CLAIMED OF EVERY ARS NAME: CRESY shows NO defect (worst adjacent ratio 5.0x vs BMA's 1,588x; 7.5x nominal rise vs BMA's 45.6x, i.e. BELOW Argentine inflation, which is what correct restatement looks like). CRESY is removed by this rule alone. Panel effect: 2 sources, 48 rows.] [ARS on 80/80 rows]",
stock_CUR6K@718712e8d985,BMA,2019-07-01,1659.5,106108098100.0,"currency_excluded [ARS: reports in ARS -- IAS 29 hyperinflation regime, no admitted ARS->USD rate, and this vendor is demonstrably wrong on ARS in this panel | CURRENCY-SCOPED RULE (CEO 2026-08-08): every ARS reporter is removed, whether or not its own series looks damaged. Grounds, measured on the 2026-08-07 CUR3K panel: (1) VENDOR DEFECT, on BMA -- totalAssets 2.325e16 between 2.056e13 and 2.420e13 (961x break) and revenue 1.201e9 between 1.443e12 and 1.907e12 (1,588x break), with marketCap continuous through both, so no market-cap sanity check can see it; BMA's nominal revenue also rises 45.6x over the window. (2) NO USD VALUATION IS POSSIBLE -- ARS is refused by fx_rates.ABSTAIN_CURRENCIES and absent from carveOut.FX_TO_USD, so an ARS name has no marketCap_usd, sits in no band, and scores NEUTRAL on the size tilt while competing for the same slots. (3) NO PER-NAME CLEARANCE EXISTS -- separating a correctly IAS 29-restated series from a mishandled one needs a restatement-vintage audit this codebase does not perform. EXPLICITLY NOT CLAIMED OF EVERY ARS NAME: CRESY shows NO defect (worst adjacent ratio 5.0x vs BMA's 1,588x; 7.5x nominal rise vs BMA's 45.6x, i.e. BELOW Argentine inflation, which is what correct restatement looks like). CRESY is removed by this rule alone. Panel effect: 2 sources, 48 rows.] [ARS on 80/80 rows]",
stock_CUR6K@718712e8d985,BMA,2019-10-01,2736.0,174830400000.0,"currency_excluded [ARS: reports in ARS -- IAS 29 hyperinflation regime, no admitted ARS->USD rate, and this vendor is demonstrably wrong on ARS in this panel | CURRENCY-SCOPED RULE (CEO 2026-08-08): every ARS reporter is removed, whether or not its own series looks damaged. Grounds, measured on the 2026-08-07 CUR3K panel: (1) VENDOR DEFECT, on BMA -- totalAssets 2.325e16 between 2.056e13 and 2.420e13 (961x break) and revenue 1.201e9 between 1.443e12 and 1.907e12 (1,588x break), with marketCap continuous through both, so no market-cap sanity check can see it; BMA's nominal revenue also rises 45.6x over the window. (2) NO USD VALUATION IS POSSIBLE -- ARS is refused by fx_rates.ABSTAIN_CURRENCIES and absent from carveOut.FX_TO_USD, so an ARS name has no marketCap_usd, sits in no band, and scores NEUTRAL on the size tilt while competing for the same slots. (3) NO PER-NAME CLEARANCE EXISTS -- separating a correctly IAS 29-restated series from a mishandled one needs a restatement-vintage audit this codebase does not perform. EXPLICITLY NOT CLAIMED OF EVERY ARS NAME: CRESY shows NO defect (worst adjacent ratio 5.0x vs BMA's 1,588x; 7.5x nominal rise vs BMA's 45.6x, i.e. BELOW Argentine inflation, which is what correct restatement looks like). CRESY is removed by this rule alone. Panel effect: 2 sources, 48 rows.] [ARS on 80/80 rows]",
stock_CUR6K@718712e8d985,BMA,2020-01-01,1396.5,89291930700.0,"currency_excluded [ARS: reports in ARS -- IAS 29 hyperinflation regime, no admitted ARS->USD rate, and this vendor is demonstrably wrong on ARS in this panel | CURRENCY-SCOPED RULE (CEO 2026-08-08): every ARS reporter is removed, whether or not its own series looks damaged. Grounds, measured on the 2026-08-07 CUR3K panel: (1) VENDOR DEFECT, on BMA -- totalAssets 2.325e16 between 2.056e13 and 2.420e13 (961x break) and revenue 1.201e9 between 1.443e12 and 1.907e12 (1,588x break), with marketCap continuous through both, so no market-cap sanity check can see it; BMA's nominal revenue also rises 45.6x over the window. (2) NO USD VALUATION IS POSSIBLE -- ARS is refused by fx_rates.ABSTAIN_CURRENCIES and absent from carveOut.FX_TO_USD, so an ARS name has no marketCap_usd, sits in no band, and scores NEUTRAL on the size tilt while competing for the same slots. (3) NO PER-NAME CLEARANCE EXISTS -- separating a correctly IAS 29-restated series from a mishandled one needs a restatement-vintage audit this codebase does not perform. EXPLICITLY NOT CLAIMED OF EVERY ARS NAME: CRESY shows NO defect (worst adjacent ratio 5.0x vs BMA's 1,588x; 7.5x nominal rise vs BMA's 45.6x, i.e. BELOW Argentine inflation, which is what correct restatement looks like). CRESY is removed by this rule alone. Panel effect: 2 sources, 48 rows.] [ARS on 80/80 rows]",
stock_CUR6K@718712e8d985,BMA,2020-04-01,1994.0,127498952200.0,"currency_excluded [ARS: reports in ARS -- IAS 29 hyperinflation regime, no admitted ARS->USD rate, and this vendor is demonstrably wrong on ARS in this panel | CURRENCY-SCOPED RULE (CEO 2026-08-08): every ARS reporter is removed, whether or not its own series looks damaged. Grounds, measured on the 2026-08-07 CUR3K panel: (1) VENDOR DEFECT, on BMA -- totalAssets 2.325e16 between 2.056e13 and 2.420e13 (961x break) and revenue 1.201e9 between 1.443e12 and 1.907e12 (1,588x break), with marketCap continuous through both, so no market-cap sanity check can see it; BMA's nominal revenue also rises 45.6x over the window. (2) NO USD VALUATION IS POSSIBLE -- ARS is refused by fx_rates.ABSTAIN_CURRENCIES and absent from carveOut.FX_TO_USD, so an ARS name has no marketCap_usd, sits in no band, and scores NEUTRAL on the size tilt while competing for the same slots. (3) NO PER-NAME CLEARANCE EXISTS -- separating a correctly IAS 29-restated series from a mishandled one needs a restatement-vintage audit this codebase does not perform. EXPLICITLY NOT CLAIMED OF EVERY ARS NAME: CRESY shows NO defect (worst adjacent ratio 5.0x vs BMA's 1,588x; 7.5x nominal rise vs BMA's 45.6x, i.e. BELOW Argentine inflation, which is what correct restatement looks like). CRESY is removed by this rule alone. Panel effect: 2 sources, 48 rows.] [ARS on 80/80 rows]",
stock_CUR6K@718712e8d985,BMA,2020-07-01,2076.0,132742138800.0,"currency_excluded [ARS: reports in ARS -- IAS 29 hyperinflation regime, no admitted ARS->USD rate, and this vendor is demonstrably wrong on ARS in this panel | CURRENCY-SCOPED RULE (CEO 2026-08-08): every ARS reporter is removed, whether or not its own series looks damaged. Grounds, measured on the 2026-08-07 CUR3K panel: (1) VENDOR DEFECT, on BMA -- totalAssets 2.325e16 between 2.056e13 and 2.420e13 (961x break) and revenue 1.201e9 between 1.443e12 and 1.907e12 (1,588x break), with marketCap continuous through both, so no market-cap sanity check can see it; BMA's nominal revenue also rises 45.6x over the window. (2) NO USD VALUATION IS POSSIBLE -- ARS is refused by fx_rates.ABSTAIN_CURRENCIES and absent from carveOut.FX_TO_USD, so an ARS name has no marketCap_usd, sits in no band, and scores NEUTRAL on the size tilt while competing for the same slots. (3) NO PER-NAME CLEARANCE EXISTS -- separating a correctly IAS 29-restated series from a mishandled one needs a restatement-vintage audit this codebase does not perform. EXPLICITLY NOT CLAIMED OF EVERY ARS NAME: CRESY shows NO defect (worst adjacent ratio 5.0x vs BMA's 1,588x; 7.5x nominal rise vs BMA's 45.6x, i.e. BELOW Argentine inflation, which is what correct restatement looks like). CRESY is removed by this rule alone. Panel effect: 2 sources, 48 rows.] [ARS on 80/80 rows]",
stock_CUR6K@718712e8d985,BMA,2020-10-01,2273.0,145244700000.0,"currency_excluded [ARS: reports in ARS -- IAS 29 hyperinflation regime, no admitted ARS->USD rate, and this vendor is demonstrably wrong on ARS in this panel | CURRENCY-SCOPED RULE (CEO 2026-08-08): every ARS reporter is removed, whether or not its own series looks damaged. Grounds, measured on the 2026-08-07 CUR3K panel: (1) VENDOR DEFECT, on BMA -- totalAssets 2.325e16 between 2.056e13 and 2.420e13 (961x break) and revenue 1.201e9 between 1.443e12 and 1.907e12 (1,588x break), with marketCap continuous through both, so no market-cap sanity check can see it; BMA's nominal revenue also rises 45.6x over the window. (2) NO USD VALUATION IS POSSIBLE -- ARS is refused by fx_rates.ABSTAIN_CURRENCIES and absent from carveOut.FX_TO_USD, so an ARS name has no marketCap_usd, sits in no band, and scores NEUTRAL on the size tilt while competing for the same slots. (3) NO PER-NAME CLEARANCE EXISTS -- separating a correctly IAS 29-restated series from a mishandled one needs a restatement-vintage audit this codebase does not perform. EXPLICITLY NOT CLAIMED OF EVERY ARS NAME: CRESY shows NO defect (worst adjacent ratio 5.0x vs BMA's 1,588x; 7.5x nominal rise vs BMA's 45.6x, i.e. BELOW Argentine inflation, which is what correct restatement looks like). CRESY is removed by this rule alone. Panel effect: 2 sources, 48 rows.] [ARS on 80/80 rows]",
stock_CUR6K@718712e8d985,BMA,2021-01-01,1969.0,127404735700.0,"currency_excluded [ARS: reports in ARS -- IAS 29 hyperinflation regime, no admitted ARS->USD rate, and this vendor is demonstrably wrong on ARS in this panel | CURRENCY-SCOPED RULE (CEO 2026-08-08): every ARS reporter is removed, whether or not its own series looks damaged. Grounds, measured on the 2026-08-07 CUR3K panel: (1) VENDOR DEFECT, on BMA -- totalAssets 2.325e16 between 2.056e13 and 2.420e13 (961x break) and revenue 1.201e9 between 1.443e12 and 1.907e12 (1,588x break), with marketCap continuous through both, so no market-cap sanity check can see it; BMA's nominal revenue also rises 45.6x over the window. (2) NO USD VALUATION IS POSSIBLE -- ARS is refused by fx_rates.ABSTAIN_CURRENCIES and absent from carveOut.FX_TO_USD, so an ARS name has no marketCap_usd, sits in no band, and scores NEUTRAL on the size tilt while competing for the same slots. (3) NO PER-NAME CLEARANCE EXISTS -- separating a correctly IAS 29-restated series from a mishandled one needs a restatement-vintage audit this codebase does not perform. EXPLICITLY NOT CLAIMED OF EVERY ARS NAME: CRESY shows NO defect (worst adjacent ratio 5.0x vs BMA's 1,588x; 7.5x nominal rise vs BMA's 45.6x, i.e. BELOW Argentine inflation, which is what correct restatement looks like). CRESY is removed by this rule alone. Panel effect: 2 sources, 48 rows.] [ARS on 80/80 rows]",
stock_CUR6K@718712e8d985,BMA,2021-04-01,2552.5,163210168250.0,"currency_excluded [ARS: reports in ARS -- IAS 29 hyperinflation regime, no admitted ARS->USD rate, and this vendor is demonstrably wrong on ARS in this panel | CURRENCY-SCOPED RULE (CEO 2026-08-08): every ARS reporter is removed, whether or not its own series looks damaged. Grounds, measured on the 2026-08-07 CUR3K panel: (1) VENDOR DEFECT, on BMA -- totalAssets 2.325e16 between 2.056e13 and 2.420e13 (961x break) and revenue 1.201e9 between 1.443e12 and 1.907e12 (1,588x break), with marketCap continuous through both, so no market-cap sanity check can see it; BMA's nominal revenue also rises 45.6x over the window. (2) NO USD VALUATION IS POSSIBLE -- ARS is refused by fx_rates.ABSTAIN_CURRENCIES and absent from carveOut.FX_TO_USD, so an ARS name has no marketCap_usd, sits in no band, and scores NEUTRAL on the size tilt while competing for the same slots. (3) NO PER-NAME CLEARANCE EXISTS -- separating a correctly IAS 29-restated series from a mishandled one needs a restatement-vintage audit this codebase does not perform. EXPLICITLY NOT CLAIMED OF EVERY ARS NAME: CRESY shows NO defect (worst adjacent ratio 5.0x vs BMA's 1,588x; 7.5x nominal rise vs BMA's 45.6x, i.e. BELOW Argentine inflation, which is what correct restatement looks like). CRESY is removed by this rule alone. Panel effect: 2 sources, 48 rows.] [ARS on 80/80 rows]",
stock_CUR6K@718712e8d985,BMA,2021-07-01,3282.5,209887317250.0,"currency_excluded [ARS: reports in ARS -- IAS 29 hyperinflation regime, no admitted ARS->USD rate, and this vendor is demonstrably wrong on ARS in this panel | CURRENCY-SCOPED RULE (CEO 2026-08-08): every ARS reporter is removed, whether or not its own series looks damaged. Grounds, measured on the 2026-08-07 CUR3K panel: (1) VENDOR DEFECT, on BMA -- totalAssets 2.325e16 between 2.056e13 and 2.420e13 (961x break) and revenue 1.201e9 between 1.443e12 and 1.907e12 (1,588x break), with marketCap continuous through both, so no market-cap sanity check can see it; BMA's nominal revenue also rises 45.6x over the window. (2) NO USD VALUATION IS POSSIBLE -- ARS is refused by fx_rates.ABSTAIN_CURRENCIES and absent from carveOut.FX_TO_USD, so an ARS name has no marketCap_usd, sits in no band, and scores NEUTRAL on the size tilt while competing for the same slots. (3) NO PER-NAME CLEARANCE EXISTS -- separating a correctly IAS 29-restated series from a mishandled one needs a restatement-vintage audit this codebase does not perform. EXPLICITLY NOT CLAIMED OF EVERY ARS NAME: CRESY shows NO defect (worst adjacent ratio 5.0x vs BMA's 1,588x; 7.5x nominal rise vs BMA's 45.6x, i.e. BELOW Argentine inflation, which is what correct restatement looks like). CRESY is removed by this rule alone. Panel effect: 2 sources, 48 rows.] [ARS on 80/80 rows]",
stock_CUR6K@718712e8d985,BMA,2021-10-01,2876.0,183776400000.0,"currency_excluded [ARS: reports in ARS -- IAS 29 hyperinflation regime, no admitted ARS->USD rate, and this vendor is demonstrably wrong on ARS in this panel | CURRENCY-SCOPED RULE (CEO 2026-08-08): every ARS reporter is removed, whether or not its own series looks damaged. Grounds, measured on the 2026-08-07 CUR3K panel: (1) VENDOR DEFECT, on BMA -- totalAssets 2.325e16 between 2.056e13 and 2.420e13 (961x break) and revenue 1.201e9 between 1.443e12 and 1.907e12 (1,588x break), with marketCap continuous through both, so no market-cap sanity check can see it; BMA's nominal revenue also rises 45.6x over the window. (2) NO USD VALUATION IS POSSIBLE -- ARS is refused by fx_rates.ABSTAIN_CURRENCIES and absent from carveOut.FX_TO_USD, so an ARS name has no marketCap_usd, sits in no band, and scores NEUTRAL on the size tilt while competing for the same slots. (3) NO PER-NAME CLEARANCE EXISTS -- separating a correctly IAS 29-restated series from a mishandled one needs a restatement-vintage audit this codebase does not perform. EXPLICITLY NOT CLAIMED OF EVERY ARS NAME: CRESY shows NO defect (worst adjacent ratio 5.0x vs BMA's 1,588x; 7.5x nominal rise vs BMA's 45.6x, i.e. BELOW Argentine inflation, which is what correct restatement looks like). CRESY is removed by this rule alone. Panel effect: 2 sources, 48 rows.] [ARS on 80/80 rows]",
stock_CUR6K@718712e8d985,BMA,2022-01-01,3289.5,210334906350.0,"currency_excluded [ARS: reports in ARS -- IAS 29 hyperinflation regime, no admitted ARS->USD rate, and this vendor is demonstrably wrong on ARS in this panel | CURRENCY-SCOPED RULE (CEO 2026-08-08): every ARS reporter is removed, whether or not its own series looks damaged. Grounds, measured on the 2026-08-07 CUR3K panel: (1) VENDOR DEFECT, on BMA -- totalAssets 2.325e16 between 2.056e13 and 2.420e13 (961x break) and revenue 1.201e9 between 1.443e12 and 1.907e12 (1,588x break), with marketCap continuous through both, so no market-cap sanity check can see it; BMA's nominal revenue also rises 45.6x over the window. (2) NO USD VALUATION IS POSSIBLE -- ARS is refused by fx_rates.ABSTAIN_CURRENCIES and absent from carveOut.FX_TO_USD, so an ARS name has no marketCap_usd, sits in no band, and scores NEUTRAL on the size tilt while competing for the same slots. (3) NO PER-NAME CLEARANCE EXISTS -- separating a correctly IAS 29-restated series from a mishandled one needs a restatement-vintage audit this codebase does not perform. EXPLICITLY NOT CLAIMED OF EVERY ARS NAME: CRESY shows NO defect (worst adjacent ratio 5.0x vs BMA's 1,588x; 7.5x nominal rise vs BMA's 45.6x, i.e. BELOW Argentine inflation, which is what correct restatement looks like). CRESY is removed by this rule alone. Panel effect: 2 sources, 48 rows.] [ARS on 80/80 rows]",
stock_CUR6K@718712e8d985,BMA,2022-04-01,2850.5,182264675650.0,"currency_excluded [ARS: reports in ARS -- IAS 29 hyperinflation regime, no admitted ARS->USD rate, and this vendor is demonstrably wrong on ARS in this panel | CURRENCY-SCOPED RULE (CEO 2026-08-08): every ARS reporter is removed, whether or not its own series looks damaged. Grounds, measured on the 2026-08-07 CUR3K panel: (1) VENDOR DEFECT, on BMA -- totalAssets 2.325e16 between 2.056e13 and 2.420e13 (961x break) and revenue 1.201e9 between 1.443e12 and 1.907e12 (1,588x break), with marketCap continuous through both, so no market-cap sanity check can see it; BMA's nominal revenue also rises 45.6x over the window. (2) NO USD VALUATION IS POSSIBLE -- ARS is refused by fx_rates.ABSTAIN_CURRENCIES and absent from carveOut.FX_TO_USD, so an ARS name has no marketCap_usd, sits in no band, and scores NEUTRAL on the size tilt while competing for the same slots. (3) NO PER-NAME CLEARANCE EXISTS -- separating a correctly IAS 29-restated series from a mishandled one needs a restatement-vintage audit this codebase does not perform. EXPLICITLY NOT CLAIMED OF EVERY ARS NAME: CRESY shows NO defect (worst adjacent ratio 5.0x vs BMA's 1,588x; 7.5x nominal rise vs BMA's 45.6x, i.e. BELOW Argentine inflation, which is what correct restatement looks like). CRESY is removed by this rule alone. Panel effect: 2 sources, 48 rows.] [ARS on 80/80 rows]",
stock_CUR6K@718712e8d985,BMA,2022-07-01,4373.0,279615304900.0,"currency_excluded [ARS: reports in ARS -- IAS 29 hyperinflation regime, no admitted ARS->USD rate, and this vendor is demonstrably wrong on ARS in this panel | CURRENCY-SCOPED RULE (CEO 2026-08-08): every ARS reporter is removed, whether or not its own series looks damaged. Grounds, measured on the 2026-08-07 CUR3K panel: (1) VENDOR DEFECT, on BMA -- totalAssets 2.325e16 between 2.056e13 and 2.420e13 (961x break) and revenue 1.201e9 between 1.443e12 and 1.907e12 (1,588x break), with marketCap continuous through both, so no market-cap sanity check can see it; BMA's nominal revenue also rises 45.6x over the window. (2) NO USD VALUATION IS POSSIBLE -- ARS is refused by fx_rates.ABSTAIN_CURRENCIES and absent from carveOut.FX_TO_USD, so an ARS name has no marketCap_usd, sits in no band, and scores NEUTRAL on the size tilt while competing for the same slots. (3) NO PER-NAME CLEARANCE EXISTS -- separating a correctly IAS 29-restated series from a mishandled one needs a restatement-vintage audit this codebase does not perform. EXPLICITLY NOT CLAIMED OF EVERY ARS NAME: CRESY shows NO defect (worst adjacent ratio 5.0x vs BMA's 1,588x; 7.5x nominal rise vs BMA's 45.6x, i.e. BELOW Argentine inflation, which is what correct restatement looks like). CRESY is removed by this rule alone. Panel effect: 2 sources, 48 rows.] [ARS on 80/80 rows]",
stock_CUR6K@718712e8d985,BMA,2022-10-01,5611.0,358774634300.0,"currency_excluded [ARS: reports in ARS -- IAS 29 hyperinflation regime, no admitted ARS->USD rate, and this vendor is demonstrably wrong on ARS in this panel | CURRENCY-SCOPED RULE (CEO 2026-08-08): every ARS reporter is removed, whether or not its own series looks damaged. Grounds, measured on the 2026-08-07 CUR3K panel: (1) VENDOR DEFECT, on BMA -- totalAssets 2.325e16 between 2.056e13 and 2.420e13 (961x break) and revenue 1.201e9 between 1.443e12 and 1.907e12 (1,588x break), with marketCap continuous through both, so no market-cap sanity check can see it; BMA's nominal revenue also rises 45.6x over the window. (2) NO USD VALUATION IS POSSIBLE -- ARS is refused by fx_rates.ABSTAIN_CURRENCIES and absent from carveOut.FX_TO_USD, so an ARS name has no marketCap_usd, sits in no band, and scores NEUTRAL on the size tilt while competing for the same slots. (3) NO PER-NAME CLEARANCE EXISTS -- separating a correctly IAS 29-restated series from a mishandled one needs a restatement-vintage audit this codebase does not perform. EXPLICITLY NOT CLAIMED OF EVERY ARS NAME: CRESY shows NO defect (worst adjacent ratio 5.0x vs BMA's 1,588x; 7.5x nominal rise vs BMA's 45.6x, i.e. BELOW Argentine inflation, which is what correct restatement looks like). CRESY is removed by this rule alone. Panel effect: 2 sources, 48 rows.] [ARS on 80/80 rows]",
stock_CUR6K@718712e8d985,BMA,2023-01-01,7207.5,460856919750.0,"currency_excluded [ARS: reports in ARS -- IAS 29 hyperinflation regime, no admitted ARS->USD rate, and this vendor is demonstrably wrong on ARS in this panel | CURRENCY-SCOPED RULE (CEO 2026-08-08): every ARS reporter is removed, whether or not its own series looks damaged. Grounds, measured on the 2026-08-07 CUR3K panel: (1) VENDOR DEFECT, on BMA -- totalAssets 2.325e16 between 2.056e13 and 2.420e13 (961x break) and revenue 1.201e9 between 1.443e12 and 1.907e12 (1,588x break), with marketCap continuous through both, so no market-cap sanity check can see it; BMA's nominal revenue also rises 45.6x over the window. (2) NO USD VALUATION IS POSSIBLE -- ARS is refused by fx_rates.ABSTAIN_CURRENCIES and absent from carveOut.FX_TO_USD, so an ARS name has no marketCap_usd, sits in no band, and scores NEUTRAL on the size tilt while competing for the same slots. (3) NO PER-NAME CLEARANCE EXISTS -- separating a correctly IAS 29-restated series from a mishandled one needs a restatement-vintage audit this codebase does not perform. EXPLICITLY NOT CLAIMED OF EVERY ARS NAME: CRESY shows NO defect (worst adjacent ratio 5.0x vs BMA's 1,588x; 7.5x nominal rise vs BMA's 45.6x, i.e. BELOW Argentine inflation, which is what correct restatement looks like). CRESY is removed by this rule alone. Panel effect: 2 sources, 48 rows.] [ARS on 80/80 rows]",
stock_CUR6K@718712e8d985,BMA,2023-04-01,14321.5,915735327950.0,"currency_excluded [ARS: reports in ARS -- IAS 29 hyperinflation regime, no admitted ARS->USD rate, and this vendor is demonstrably wrong on ARS in this panel | CURRENCY-SCOPED RULE (CEO 2026-08-08): every ARS reporter is removed, whether or not its own series looks damaged. Grounds, measured on the 2026-08-07 CUR3K panel: (1) VENDOR DEFECT, on BMA -- totalAssets 2.325e16 between 2.056e13 and 2.420e13 (961x break) and revenue 1.201e9 between 1.443e12 and 1.907e12 (1,588x break), with marketCap continuous through both, so no market-cap sanity check can see it; BMA's nominal revenue also rises 45.6x over the window. (2) NO USD VALUATION IS POSSIBLE -- ARS is refused by fx_rates.ABSTAIN_CURRENCIES and absent from carveOut.FX_TO_USD, so an ARS name has no marketCap_usd, sits in no band, and scores NEUTRAL on the size tilt while competing for the same slots. (3) NO PER-NAME CLEARANCE EXISTS -- separating a correctly IAS 29-restated series from a mishandled one needs a restatement-vintage audit this codebase does not perform. EXPLICITLY NOT CLAIMED OF EVERY ARS NAME: CRESY shows NO defect (worst adjacent ratio 5.0x vs BMA's 1,588x; 7.5x nominal rise vs BMA's 45.6x, i.e. BELOW Argentine inflation, which is what correct restatement looks like). CRESY is removed by this rule alone. Panel effect: 2 sources, 48 rows.] [ARS on 80/80 rows]",
stock_CUR6K@718712e8d985,BMA,2023-07-01,14675.5,938370548150.0,"currency_excluded [ARS: reports in ARS -- IAS 29 hyperinflation regime, no admitted ARS->USD rate, and this vendor is demonstrably wrong on ARS in this panel | CURRENCY-SCOPED RULE (CEO 2026-08-08): every ARS reporter is removed, whether or not its own series looks damaged. Grounds, measured on the 2026-08-07 CUR3K panel: (1) VENDOR DEFECT, on BMA -- totalAssets 2.325e16 between 2.056e13 and 2.420e13 (961x break) and revenue 1.201e9 between 1.443e12 and 1.907e12 (1,588x break), with marketCap continuous through both, so no market-cap sanity check can see it; BMA's nominal revenue also rises 45.6x over the window. (2) NO USD VALUATION IS POSSIBLE -- ARS is refused by fx_rates.ABSTAIN_CURRENCIES and absent from carveOut.FX_TO_USD, so an ARS name has no marketCap_usd, sits in no band, and scores NEUTRAL on the size tilt while competing for the same slots. (3) NO PER-NAME CLEARANCE EXISTS -- separating a correctly IAS 29-restated series from a mishandled one needs a restatement-vintage audit this codebase does not perform. EXPLICITLY NOT CLAIMED OF EVERY ARS NAME: CRESY shows NO defect (worst adjacent ratio 5.0x vs BMA's 1,588x; 7.5x nominal rise vs BMA's 45.6x, i.e. BELOW Argentine inflation, which is what correct restatement looks like). CRESY is removed by this rule alone. Panel effect: 2 sources, 48 rows.] [ARS on 80/80 rows]",
stock_CUR6K@718712e8d985,BMA,2023-10-01,26708.60472429119,1707232710000.0,"currency_excluded [ARS: reports in ARS -- IAS 29 hyperinflation regime, no admitted ARS->USD rate, and this vendor is demonstrably wrong on ARS in this panel | CURRENCY-SCOPED RULE (CEO 2026-08-08): every ARS reporter is removed, whether or not its own series looks damaged. Grounds, measured on the 2026-08-07 CUR3K panel: (1) VENDOR DEFECT, on BMA -- totalAssets 2.325e16 between 2.056e13 and 2.420e13 (961x break) and revenue 1.201e9 between 1.443e12 and 1.907e12 (1,588x break), with marketCap continuous through both, so no market-cap sanity check can see it; BMA's nominal revenue also rises 45.6x over the window. (2) NO USD VALUATION IS POSSIBLE -- ARS is refused by fx_rates.ABSTAIN_CURRENCIES and absent from carveOut.FX_TO_USD, so an ARS name has no marketCap_usd, sits in no band, and scores NEUTRAL on the size tilt while competing for the same slots. (3) NO PER-NAME CLEARANCE EXISTS -- separating a correctly IAS 29-restated series from a mishandled one needs a restatement-vintage audit this codebase does not perform. EXPLICITLY NOT CLAIMED OF EVERY ARS NAME: CRESY shows NO defect (worst adjacent ratio 5.0x vs BMA's 1,588x; 7.5x nominal rise vs BMA's 45.6x, i.e. BELOW Argentine inflation, which is what correct restatement looks like). CRESY is removed by this rule alone. Panel effect: 2 sources, 48 rows.] [ARS on 80/80 rows]",
stock_CUR6K@718712e8d985,BMA,2024-01-01,54021.5,3454204937950.0,"currency_excluded [ARS: reports in ARS -- IAS 29 hyperinflation regime, no admitted ARS->USD rate, and this vendor is demonstrably wrong on ARS in this panel | CURRENCY-SCOPED RULE (CEO 2026-08-08): every ARS reporter is removed, whether or not its own series looks damaged. Grounds, measured on the 2026-08-07 CUR3K panel: (1) VENDOR DEFECT, on BMA -- totalAssets 2.325e16 between 2.056e13 and 2.420e13 (961x break) and revenue 1.201e9 between 1.443e12 and 1.907e12 (1,588x break), with marketCap continuous through both, so no market-cap sanity check can see it; BMA's nominal revenue also rises 45.6x over the window. (2) NO USD VALUATION IS POSSIBLE -- ARS is refused by fx_rates.ABSTAIN_CURRENCIES and absent from carveOut.FX_TO_USD, so an ARS name has no marketCap_usd, sits in no band, and scores NEUTRAL on the size tilt while competing for the same slots. (3) NO PER-NAME CLEARANCE EXISTS -- separating a correctly IAS 29-restated series from a mishandled one needs a restatement-vintage audit this codebase does not perform. EXPLICITLY NOT CLAIMED OF EVERY ARS NAME: CRESY shows NO defect (worst adjacent ratio 5.0x vs BMA's 1,588x; 7.5x nominal rise vs BMA's 45.6x, i.e. BELOW Argentine inflation, which is what correct restatement looks like). CRESY is removed by this rule alone. Panel effect: 2 sources, 48 rows.] [ARS on 80/80 rows]",
stock_CUR6K@718712e8d985,BMA,2024-04-01,72246.0,4619503159800.0,"currency_excluded [ARS: reports in ARS -- IAS 29 hyperinflation regime, no admitted ARS->USD rate, and this vendor is demonstrably wrong on ARS in this panel | CURRENCY-SCOPED RULE (CEO 2026-08-08): every ARS reporter is removed, whether or not its own series looks damaged. Grounds, measured on the 2026-08-07 CUR3K panel: (1) VENDOR DEFECT, on BMA -- totalAssets 2.325e16 between 2.056e13 and 2.420e13 (961x break) and revenue 1.201e9 between 1.443e12 and 1.907e12 (1,588x break), with marketCap continuous through both, so no market-cap sanity check can see it; BMA's nominal revenue also rises 45.6x over the window. (2) NO USD VALUATION IS POSSIBLE -- ARS is refused by fx_rates.ABSTAIN_CURRENCIES and absent from carveOut.FX_TO_USD, so an ARS name has no marketCap_usd, sits in no band, and scores NEUTRAL on the size tilt while competing for the same slots. (3) NO PER-NAME CLEARANCE EXISTS -- separating a correctly IAS 29-restated series from a mishandled one needs a restatement-vintage audit this codebase does not perform. EXPLICITLY NOT CLAIMED OF EVERY ARS NAME: CRESY shows NO defect (worst adjacent ratio 5.0x vs BMA's 1,588x; 7.5x nominal rise vs BMA's 45.6x, i.e. BELOW Argentine inflation, which is what correct restatement looks like). CRESY is removed by this rule alone. Panel effect: 2 sources, 48 rows.] [ARS on 80/80 rows]",
stock_CUR6K@718712e8d985,BMA,2024-07-01,79000.0,5051362700000.0,"currency_excluded [ARS: reports in ARS -- IAS 29 hyperinflation regime, no admitted ARS->USD rate, and this vendor is demonstrably wrong on ARS in this panel | CURRENCY-SCOPED RULE (CEO 2026-08-08): every ARS reporter is removed, whether or not its own series looks damaged. Grounds, measured on the 2026-08-07 CUR3K panel: (1) VENDOR DEFECT, on BMA -- totalAssets 2.325e16 between 2.056e13 and 2.420e13 (961x break) and revenue 1.201e9 between 1.443e12 and 1.907e12 (1,588x break), with marketCap continuous through both, so no market-cap sanity check can see it; BMA's nominal revenue also rises 45.6x over the window. (2) NO USD VALUATION IS POSSIBLE -- ARS is refused by fx_rates.ABSTAIN_CURRENCIES and absent from carveOut.FX_TO_USD, so an ARS name has no marketCap_usd, sits in no band, and scores NEUTRAL on the size tilt while competing for the same slots. (3) NO PER-NAME CLEARANCE EXISTS -- separating a correctly IAS 29-restated series from a mishandled one needs a restatement-vintage audit this codebase does not perform. EXPLICITLY NOT CLAIMED OF EVERY ARS NAME: CRESY shows NO defect (worst adjacent ratio 5.0x vs BMA's 1,588x; 7.5x nominal rise vs BMA's 45.6x, i.e. BELOW Argentine inflation, which is what correct restatement looks like). CRESY is removed by this rule alone. Panel effect: 2 sources, 48 rows.] [ARS on 80/80 rows]",
stock_CUR6K@718712e8d985,BMA,2024-10-01,114500.0,7321278850000.0,"currency_excluded [ARS: reports in ARS -- IAS 29 hyperinflation regime, no admitted ARS->USD rate, and this vendor is demonstrably wrong on ARS in this panel | CURRENCY-SCOPED RULE (CEO 2026-08-08): every ARS reporter is removed, whether or not its own series looks damaged. Grounds, measured on the 2026-08-07 CUR3K panel: (1) VENDOR DEFECT, on BMA -- totalAssets 2.325e16 between 2.056e13 and 2.420e13 (961x break) and revenue 1.201e9 between 1.443e12 and 1.907e12 (1,588x break), with marketCap continuous through both, so no market-cap sanity check can see it; BMA's nominal revenue also rises 45.6x over the window. (2) NO USD VALUATION IS POSSIBLE -- ARS is refused by fx_rates.ABSTAIN_CURRENCIES and absent from carveOut.FX_TO_USD, so an ARS name has no marketCap_usd, sits in no band, and scores NEUTRAL on the size tilt while competing for the same slots. (3) NO PER-NAME CLEARANCE EXISTS -- separating a correctly IAS 29-restated series from a mishandled one needs a restatement-vintage audit this codebase does not perform. EXPLICITLY NOT CLAIMED OF EVERY ARS NAME: CRESY shows NO defect (worst adjacent ratio 5.0x vs BMA's 1,588x; 7.5x nominal rise vs BMA's 45.6x, i.e. BELOW Argentine inflation, which is what correct restatement looks like). CRESY is removed by this rule alone. Panel effect: 2 sources, 48 rows.] [ARS on 80/80 rows]",
stock_CUR6K@718712e8d985,BMA,2025-01-01,99300.0,6349371090000.0,"currency_excluded [ARS: reports in ARS -- IAS 29 hyperinflation regime, no admitted ARS->USD rate, and this vendor is demonstrably wrong on ARS in this panel | CURRENCY-SCOPED RULE (CEO 2026-08-08): every ARS reporter is removed, whether or not its own series looks damaged. Grounds, measured on the 2026-08-07 CUR3K panel: (1) VENDOR DEFECT, on BMA -- totalAssets 2.325e16 between 2.056e13 and 2.420e13 (961x break) and revenue 1.201e9 between 1.443e12 and 1.907e12 (1,588x break), with marketCap continuous through both, so no market-cap sanity check can see it; BMA's nominal revenue also rises 45.6x over the window. (2) NO USD VALUATION IS POSSIBLE -- ARS is refused by fx_rates.ABSTAIN_CURRENCIES and absent from carveOut.FX_TO_USD, so an ARS name has no marketCap_usd, sits in no band, and scores NEUTRAL on the size tilt while competing for the same slots. (3) NO PER-NAME CLEARANCE EXISTS -- separating a correctly IAS 29-restated series from a mishandled one needs a restatement-vintage audit this codebase does not perform. EXPLICITLY NOT CLAIMED OF EVERY ARS NAME: CRESY shows NO defect (worst adjacent ratio 5.0x vs BMA's 1,588x; 7.5x nominal rise vs BMA's 45.6x, i.e. BELOW Argentine inflation, which is what correct restatement looks like). CRESY is removed by this rule alone. Panel effect: 2 sources, 48 rows.] [ARS on 80/80 rows]",
stock_CUR6K@718712e8d985,BMA,2025-04-01,84100.0,5377463330000.0,"currency_excluded [ARS: reports in ARS -- IAS 29 hyperinflation regime, no admitted ARS->USD rate, and this vendor is demonstrably wrong on ARS in this panel | CURRENCY-SCOPED RULE (CEO 2026-08-08): every ARS reporter is removed, whether or not its own series looks damaged. Grounds, measured on the 2026-08-07 CUR3K panel: (1) VENDOR DEFECT, on BMA -- totalAssets 2.325e16 between 2.056e13 and 2.420e13 (961x break) and revenue 1.201e9 between 1.443e12 and 1.907e12 (1,588x break), with marketCap continuous through both, so no market-cap sanity check can see it; BMA's nominal revenue also rises 45.6x over the window. (2) NO USD VALUATION IS POSSIBLE -- ARS is refused by fx_rates.ABSTAIN_CURRENCIES and absent from carveOut.FX_TO_USD, so an ARS name has no marketCap_usd, sits in no band, and scores NEUTRAL on the size tilt while competing for the same slots. (3) NO PER-NAME CLEARANCE EXISTS -- separating a correctly IAS 29-restated series from a mishandled one needs a restatement-vintage audit this codebase does not perform. EXPLICITLY NOT CLAIMED OF EVERY ARS NAME: CRESY shows NO defect (worst adjacent ratio 5.0x vs BMA's 1,588x; 7.5x nominal rise vs BMA's 45.6x, i.e. BELOW Argentine inflation, which is what correct restatement looks like). CRESY is removed by this rule alone. Panel effect: 2 sources, 48 rows.] [ARS on 80/80 rows]",
stock_CUR6K@718712e8d985,BMA,2025-07-01,64450.0,4121016785000.0,"currency_excluded [ARS: reports in ARS -- IAS 29 hyperinflation regime, no admitted ARS->USD rate, and this vendor is demonstrably wrong on ARS in this panel | CURRENCY-SCOPED RULE (CEO 2026-08-08): every ARS reporter is removed, whether or not its own series looks damaged. Grounds, measured on the 2026-08-07 CUR3K panel: (1) VENDOR DEFECT, on BMA -- totalAssets 2.325e16 between 2.056e13 and 2.420e13 (961x break) and revenue 1.201e9 between 1.443e12 and 1.907e12 (1,588x break), with marketCap continuous through both, so no market-cap sanity check can see it; BMA's nominal revenue also rises 45.6x over the window. (2) NO USD VALUATION IS POSSIBLE -- ARS is refused by fx_rates.ABSTAIN_CURRENCIES and absent from carveOut.FX_TO_USD, so an ARS name has no marketCap_usd, sits in no band, and scores NEUTRAL on the size tilt while competing for the same slots. (3) NO PER-NAME CLEARANCE EXISTS -- separating a correctly IAS 29-restated series from a mishandled one needs a restatement-vintage audit this codebase does not perform. EXPLICITLY NOT CLAIMED OF EVERY ARS NAME: CRESY shows NO defect (worst adjacent ratio 5.0x vs BMA's 1,588x; 7.5x nominal rise vs BMA's 45.6x, i.e. BELOW Argentine inflation, which is what correct restatement looks like). CRESY is removed by this rule alone. Panel effect: 2 sources, 48 rows.] [ARS on 80/80 rows]",
stock_CUR6K@718712e8d985,BMA,2025-10-01,135700.0,8676834410000.0,"currency_excluded [ARS: reports in ARS -- IAS 29 hyperinflation regime, no admitted ARS->USD rate, and this vendor is demonstrably wrong on ARS in this panel | CURRENCY-SCOPED RULE (CEO 2026-08-08): every ARS reporter is removed, whether or not its own series looks damaged. Grounds, measured on the 2026-08-07 CUR3K panel: (1) VENDOR DEFECT, on BMA -- totalAssets 2.325e16 between 2.056e13 and 2.420e13 (961x break) and revenue 1.201e9 between 1.443e12 and 1.907e12 (1,588x break), with marketCap continuous through both, so no market-cap sanity check can see it; BMA's nominal revenue also rises 45.6x over the window. (2) NO USD VALUATION IS POSSIBLE -- ARS is refused by fx_rates.ABSTAIN_CURRENCIES and absent from carveOut.FX_TO_USD, so an ARS name has no marketCap_usd, sits in no band, and scores NEUTRAL on the size tilt while competing for the same slots. (3) NO PER-NAME CLEARANCE EXISTS -- separating a correctly IAS 29-restated series from a mishandled one needs a restatement-vintage audit this codebase does not perform. EXPLICITLY NOT CLAIMED OF EVERY ARS NAME: CRESY shows NO defect (worst adjacent ratio 5.0x vs BMA's 1,588x; 7.5x nominal rise vs BMA's 45.6x, i.e. BELOW Argentine inflation, which is what correct restatement looks like). CRESY is removed by this rule alone. Panel effect: 2 sources, 48 rows.] [ARS on 80/80 rows]",
stock_CUR6K@718712e8d985,BMA,2026-01-01,114100.0,7295439900000.0,"currency_excluded [ARS: reports in ARS -- IAS 29 hyperinflation regime, no admitted ARS->USD rate, and this vendor is demonstrably wrong on ARS in this panel | CURRENCY-SCOPED RULE (CEO 2026-08-08): every ARS reporter is removed, whether or not its own series looks damaged. Grounds, measured on the 2026-08-07 CUR3K panel: (1) VENDOR DEFECT, on BMA -- totalAssets 2.325e16 between 2.056e13 and 2.420e13 (961x break) and revenue 1.201e9 between 1.443e12 and 1.907e12 (1,588x break), with marketCap continuous through both, so no market-cap sanity check can see it; BMA's nominal revenue also rises 45.6x over the window. (2) NO USD VALUATION IS POSSIBLE -- ARS is refused by fx_rates.ABSTAIN_CURRENCIES and absent from carveOut.FX_TO_USD, so an ARS name has no marketCap_usd, sits in no band, and scores NEUTRAL on the size tilt while competing for the same slots. (3) NO PER-NAME CLEARANCE EXISTS -- separating a correctly IAS 29-restated series from a mishandled one needs a restatement-vintage audit this codebase does not perform. EXPLICITLY NOT CLAIMED OF EVERY ARS NAME: CRESY shows NO defect (worst adjacent ratio 5.0x vs BMA's 1,588x; 7.5x nominal rise vs BMA's 45.6x, i.e. BELOW Argentine inflation, which is what correct restatement looks like). CRESY is removed by this rule alone. Panel effect: 2 sources, 48 rows.] [ARS on 80/80 rows]",
stock_CUR6K@718712e8d985,BMA,2026-04-01,144300.0,9220770000000.0,"currency_excluded [ARS: reports in ARS -- IAS 29 hyperinflation regime, no admitted ARS->USD rate, and this vendor is demonstrably wrong on ARS in this panel | CURRENCY-SCOPED RULE (CEO 2026-08-08): every ARS reporter is removed, whether or not its own series looks damaged. Grounds, measured on the 2026-08-07 CUR3K panel: (1) VENDOR DEFECT, on BMA -- totalAssets 2.325e16 between 2.056e13 and 2.420e13 (961x break) and revenue 1.201e9 between 1.443e12 and 1.907e12 (1,588x break), with marketCap continuous through both, so no market-cap sanity check can see it; BMA's nominal revenue also rises 45.6x over the window. (2) NO USD VALUATION IS POSSIBLE -- ARS is refused by fx_rates.ABSTAIN_CURRENCIES and absent from carveOut.FX_TO_USD, so an ARS name has no marketCap_usd, sits in no band, and scores NEUTRAL on the size tilt while competing for the same slots. (3) NO PER-NAME CLEARANCE EXISTS -- separating a correctly IAS 29-restated series from a mishandled one needs a restatement-vintage audit this codebase does not perform. EXPLICITLY NOT CLAIMED OF EVERY ARS NAME: CRESY shows NO defect (worst adjacent ratio 5.0x vs BMA's 1,588x; 7.5x nominal rise vs BMA's 45.6x, i.e. BELOW Argentine inflation, which is what correct restatement looks like). CRESY is removed by this rule alone. Panel effect: 2 sources, 48 rows.] [ARS on 80/80 rows]",
stock_CUR6K@718712e8d985,CRESY,2006-01-01,37.100000187477306,734174203.91,"currency_excluded [ARS: reports in ARS -- IAS 29 hyperinflation regime, no admitted ARS->USD rate, and this vendor is demonstrably wrong on ARS in this panel | CURRENCY-SCOPED RULE (CEO 2026-08-08): every ARS reporter is removed, whether or not its own series looks damaged. Grounds, measured on the 2026-08-07 CUR3K panel: (1) VENDOR DEFECT, on BMA -- totalAssets 2.325e16 between 2.056e13 and 2.420e13 (961x break) and revenue 1.201e9 between 1.443e12 and 1.907e12 (1,588x break), with marketCap continuous through both, so no market-cap sanity check can see it; BMA's nominal revenue also rises 45.6x over the window. (2) NO USD VALUATION IS POSSIBLE -- ARS is refused by fx_rates.ABSTAIN_CURRENCIES and absent from carveOut.FX_TO_USD, so an ARS name has no marketCap_usd, sits in no band, and scores NEUTRAL on the size tilt while competing for the same slots. (3) NO PER-NAME CLEARANCE EXISTS -- separating a correctly IAS 29-restated series from a mishandled one needs a restatement-vintage audit this codebase does not perform. EXPLICITLY NOT CLAIMED OF EVERY ARS NAME: CRESY shows NO defect (worst adjacent ratio 5.0x vs BMA's 1,588x; 7.5x nominal rise vs BMA's 45.6x, i.e. BELOW Argentine inflation, which is what correct restatement looks like). CRESY is removed by this rule alone. Panel effect: 2 sources, 48 rows.] [ARS on 80/80 rows]",
stock_CUR6K@718712e8d985,CRESY,2006-04-01,35.4,713620068.6,"currency_excluded [ARS: reports in ARS -- IAS 29 hyperinflation regime, no admitted ARS->USD rate, and this vendor is demonstrably wrong on ARS in this panel | CURRENCY-SCOPED RULE (CEO 2026-08-08): every ARS reporter is removed, whether or not its own series looks damaged. Grounds, measured on the 2026-08-07 CUR3K panel: (1) VENDOR DEFECT, on BMA -- totalAssets 2.325e16 between 2.056e13 and 2.420e13 (961x break) and revenue 1.201e9 between 1.443e12 and 1.907e12 (1,588x break), with marketCap continuous through both, so no market-cap sanity check can see it; BMA's nominal revenue also rises 45.6x over the window. (2) NO USD VALUATION IS POSSIBLE -- ARS is refused by fx_rates.ABSTAIN_CURRENCIES and absent from carveOut.FX_TO_USD, so an ARS name has no marketCap_usd, sits in no band, and scores NEUTRAL on the size tilt while competing for the same slots. (3) NO PER-NAME CLEARANCE EXISTS -- separating a correctly IAS 29-restated series from a mishandled one needs a restatement-vintage audit this codebase does not perform. EXPLICITLY NOT CLAIMED OF EVERY ARS NAME: CRESY shows NO defect (worst adjacent ratio 5.0x vs BMA's 1,588x; 7.5x nominal rise vs BMA's 45.6x, i.e. BELOW Argentine inflation, which is what correct restatement looks like). CRESY is removed by this rule alone. Panel effect: 2 sources, 48 rows.] [ARS on 80/80 rows]",
stock_CUR6K@718712e8d985,CRESY,2006-07-01,35.50000054269844,928876826.1999999,"currency_excluded [ARS: reports in ARS -- IAS 29 hyperinflation regime, no admitted ARS->USD rate, and this vendor is demonstrably wrong on ARS in this panel | CURRENCY-SCOPED RULE (CEO 2026-08-08): every ARS reporter is removed, whether or not its own series looks damaged. Grounds, measured on the 2026-08-07 CUR3K panel: (1) VENDOR DEFECT, on BMA -- totalAssets 2.325e16 between 2.056e13 and 2.420e13 (961x break) and revenue 1.201e9 between 1.443e12 and 1.907e12 (1,588x break), with marketCap continuous through both, so no market-cap sanity check can see it; BMA's nominal revenue also rises 45.6x over the window. (2) NO USD VALUATION IS POSSIBLE -- ARS is refused by fx_rates.ABSTAIN_CURRENCIES and absent from carveOut.FX_TO_USD, so an ARS name has no marketCap_usd, sits in no band, and scores NEUTRAL on the size tilt while competing for the same slots. (3) NO PER-NAME CLEARANCE EXISTS -- separating a correctly IAS 29-restated series from a mishandled one needs a restatement-vintage audit this codebase does not perform. EXPLICITLY NOT CLAIMED OF EVERY ARS NAME: CRESY shows NO defect (worst adjacent ratio 5.0x vs BMA's 1,588x; 7.5x nominal rise vs BMA's 45.6x, i.e. BELOW Argentine inflation, which is what correct restatement looks like). CRESY is removed by this rule alone. Panel effect: 2 sources, 48 rows.] [ARS on 80/80 rows]",
stock_CUR6K@718712e8d985,CRESY,2006-10-01,45.80000087166586,1203236325.9,"currency_excluded [ARS: reports in ARS -- IAS 29 hyperinflation regime, no admitted ARS->USD rate, and this vendor is demonstrably wrong on ARS in this panel | CURRENCY-SCOPED RULE (CEO 2026-08-08): every ARS reporter is removed, whether or not its own series looks damaged. Grounds, measured on the 2026-08-07 CUR3K panel: (1) VENDOR DEFECT, on BMA -- totalAssets 2.325e16 between 2.056e13 and 2.420e13 (961x break) and revenue 1.201e9 between 1.443e12 and 1.907e12 (1,588x break), with marketCap continuous through both, so no market-cap sanity check can see it; BMA's nominal revenue also rises 45.6x over the window. (2) NO USD VALUATION IS POSSIBLE -- ARS is refused by fx_rates.ABSTAIN_CURRENCIES and absent from carveOut.FX_TO_USD, so an ARS name has no marketCap_usd, sits in no band, and scores NEUTRAL on the size tilt while competing for the same slots. (3) NO PER-NAME CLEARANCE EXISTS -- separating a correctly IAS 29-restated series from a mishandled one needs a restatement-vintage audit this codebase does not perform. EXPLICITLY NOT CLAIMED OF EVERY ARS NAME: CRESY shows NO defect (worst adjacent ratio 5.0x vs BMA's 1,588x; 7.5x nominal rise vs BMA's 45.6x, i.e. BELOW Argentine inflation, which is what correct restatement looks like). CRESY is removed by this rule alone. Panel effect: 2 sources, 48 rows.] [ARS on 80/80 rows]",
stock_CUR6K@718712e8d985,CRESY,2007-01-01,52.90000118025951,1422607515.64,"currency_excluded [ARS: reports in ARS -- IAS 29 hyperinflation regime, no admitted ARS->USD rate, and this vendor is demonstrably wrong on ARS in this panel | CURRENCY-SCOPED RULE (CEO 2026-08-08): every ARS reporter is removed, whether or not its own series looks damaged. Grounds, measured on the 2026-08-07 CUR3K panel: (1) VENDOR DEFECT, on BMA -- totalAssets 2.325e16 between 2.056e13 and 2.420e13 (961x break) and revenue 1.201e9 between 1.443e12 and 1.907e12 (1,588x break), with marketCap continuous through both, so no market-cap sanity check can see it; BMA's nominal revenue also rises 45.6x over the window. (2) NO USD VALUATION IS POSSIBLE -- ARS is refused by fx_rates.ABSTAIN_CURRENCIES and absent from carveOut.FX_TO_USD, so an ARS name has no marketCap_usd, sits in no band, and scores NEUTRAL on the size tilt while competing for the same slots. (3) NO PER-NAME CLEARANCE EXISTS -- separating a correctly IAS 29-restated series from a mishandled one needs a restatement-vintage audit this codebase does not perform. EXPLICITLY NOT CLAIMED OF EVERY ARS NAME: CRESY shows NO defect (worst adjacent ratio 5.0x vs BMA's 1,588x; 7.5x nominal rise vs BMA's 45.6x, i.e. BELOW Argentine inflation, which is what correct restatement looks like). CRESY is removed by this rule alone. Panel effect: 2 sources, 48 rows.] [ARS on 80/80 rows]",
stock_CUR6K@718712e8d985,CRESY,2007-04-01,,0.0,"currency_excluded [ARS: reports in ARS -- IAS 29 hyperinflation regime, no admitted ARS->USD rate, and this vendor is demonstrably wrong on ARS in this panel | CURRENCY-SCOPED RULE (CEO 2026-08-08): every ARS reporter is removed, whether or not its own series looks damaged. Grounds, measured on the 2026-08-07 CUR3K panel: (1) VENDOR DEFECT, on BMA -- totalAssets 2.325e16 between 2.056e13 and 2.420e13 (961x break) and revenue 1.201e9 between 1.443e12 and 1.907e12 (1,588x break), with marketCap continuous through both, so no market-cap sanity check can see it; BMA's nominal revenue also rises 45.6x over the window. (2) NO USD VALUATION IS POSSIBLE -- ARS is refused by fx_rates.ABSTAIN_CURRENCIES and absent from carveOut.FX_TO_USD, so an ARS name has no marketCap_usd, sits in no band, and scores NEUTRAL on the size tilt while competing for the same slots. (3) NO PER-NAME CLEARANCE EXISTS -- separating a correctly IAS 29-restated series from a mishandled one needs a restatement-vintage audit this codebase does not perform. EXPLICITLY NOT CLAIMED OF EVERY ARS NAME: CRESY shows NO defect (worst adjacent ratio 5.0x vs BMA's 1,588x; 7.5x nominal rise vs BMA's 45.6x, i.e. BELOW Argentine inflation, which is what correct restatement looks like). CRESY is removed by this rule alone. Panel effect: 2 sources, 48 rows.] [ARS on 80/80 rows]",
stock_CUR6K@718712e8d985,CRESY,2007-07-01,64.80000123363594,2382654378.96,"currency_excluded [ARS: reports in ARS -- IAS 29 hyperinflation regime, no admitted ARS->USD rate, and this vendor is demonstrably wrong on ARS in this panel | CURRENCY-SCOPED RULE (CEO 2026-08-08): every ARS reporter is removed, whether or not its own series looks damaged. Grounds, measured on the 2026-08-07 CUR3K panel: (1) VENDOR DEFECT, on BMA -- totalAssets 2.325e16 between 2.056e13 and 2.420e13 (961x break) and revenue 1.201e9 between 1.443e12 and 1.907e12 (1,588x break), with marketCap continuous through both, so no market-cap sanity check can see it; BMA's nominal revenue also rises 45.6x over the window. (2) NO USD VALUATION IS POSSIBLE -- ARS is refused by fx_rates.ABSTAIN_CURRENCIES and absent from carveOut.FX_TO_USD, so an ARS name has no marketCap_usd, sits in no band, and scores NEUTRAL on the size tilt while competing for the same slots. (3) NO PER-NAME CLEARANCE EXISTS -- separating a correctly IAS 29-restated series from a mishandled one needs a restatement-vintage audit this codebase does not perform. EXPLICITLY NOT CLAIMED OF EVERY ARS NAME: CRESY shows NO defect (worst adjacent ratio 5.0x vs BMA's 1,588x; 7.5x nominal rise vs BMA's 45.6x, i.e. BELOW Argentine inflation, which is what correct restatement looks like). CRESY is removed by this rule alone. Panel effect: 2 sources, 48 rows.] [ARS on 80/80 rows]",
stock_CUR6K@718712e8d985,CRESY,2007-10-01,52.500000999473556,1930391279.25,"currency_excluded [ARS: reports in ARS -- IAS 29 hyperinflation regime, no admitted ARS->USD rate, and this vendor is demonstrably wrong on ARS in this panel | CURRENCY-SCOPED RULE (CEO 2026-08-08): every ARS reporter is removed, whether or not its own series looks damaged. Grounds, measured on the 2026-08-07 CUR3K panel: (1) VENDOR DEFECT, on BMA -- totalAssets 2.325e16 between 2.056e13 and 2.420e13 (961x break) and revenue 1.201e9 between 1.443e12 and 1.907e12 (1,588x break), with marketCap continuous through both, so no market-cap sanity check can see it; BMA's nominal revenue also rises 45.6x over the window. (2) NO USD VALUATION IS POSSIBLE -- ARS is refused by fx_rates.ABSTAIN_CURRENCIES and absent from carveOut.FX_TO_USD, so an ARS name has no marketCap_usd, sits in no band, and scores NEUTRAL on the size tilt while competing for the same slots. (3) NO PER-NAME CLEARANCE EXISTS -- separating a correctly IAS 29-restated series from a mishandled one needs a restatement-vintage audit this codebase does not perform. EXPLICITLY NOT CLAIMED OF EVERY ARS NAME: CRESY shows NO defect (worst adjacent ratio 5.0x vs BMA's 1,588x; 7.5x nominal rise vs BMA's 45.6x, i.e. BELOW Argentine inflation, which is what correct restatement looks like). CRESY is removed by this rule alone. Panel effect: 2 sources, 48 rows.] [ARS on 80/80 rows]",
stock_CUR6K@718712e8d985,CRESY,2008-01-01,43.100000820520194,1584759316.87,"currency_excluded [ARS: reports in ARS -- IAS 29 hyperinflation regime, no admitted ARS->USD rate, and this vendor is demonstrably wrong on ARS in this panel | CURRENCY-SCOPED RULE (CEO 2026-08-08): every ARS reporter is removed, whether or not its own series looks damaged. Grounds, measured on the 2026-08-07 CUR3K panel: (1) VENDOR DEFECT, on BMA -- totalAssets 2.325e16 between 2.056e13 and 2.420e13 (961x break) and revenue 1.201e9 between 1.443e12 and 1.907e12 (1,588x break), with marketCap continuous through both, so no market-cap sanity check can see it; BMA's nominal revenue also rises 45.6x over the window. (2) NO USD VALUATION IS POSSIBLE -- ARS is refused by fx_rates.ABSTAIN_CURRENCIES and absent from carveOut.FX_TO_USD, so an ARS name has no marketCap_usd, sits in no band, and scores NEUTRAL on the size tilt while competing for the same slots. (3) NO PER-NAME CLEARANCE EXISTS -- separating a correctly IAS 29-restated series from a mishandled one needs a restatement-vintage audit this codebase does not perform. EXPLICITLY NOT CLAIMED OF EVERY ARS NAME: CRESY shows NO defect (worst adjacent ratio 5.0x vs BMA's 1,588x; 7.5x nominal rise vs BMA's 45.6x, i.e. BELOW Argentine inflation, which is what correct restatement looks like). CRESY is removed by this rule alone. Panel effect: 2 sources, 48 rows.] [ARS on 80/80 rows]",
stock_CUR6K@718712e8d985,CRESY,2008-04-01,41.8,2155888754.7999997,"currency_excluded [ARS: reports in ARS -- IAS 29 hyperinflation regime, no admitted ARS->USD rate, and this vendor is demonstrably wrong on ARS in this panel | CURRENCY-SCOPED RULE (CEO 2026-08-08): every ARS reporter is removed, whether or not its own series looks damaged. Grounds, measured on the 2026-08-07 CUR3K panel: (1) VENDOR DEFECT, on BMA -- totalAssets 2.325e16 between 2.056e13 and 2.420e13 (961x break) and revenue 1.201e9 between 1.443e12 and 1.907e12 (1,588x break), with marketCap continuous through both, so no market-cap sanity check can see it; BMA's nominal revenue also rises 45.6x over the window. (2) NO USD VALUATION IS POSSIBLE -- ARS is refused by fx_rates.ABSTAIN_CURRENCIES and absent from carveOut.FX_TO_USD, so an ARS name has no marketCap_usd, sits in no band, and scores NEUTRAL on the size tilt while competing for the same slots. (3) NO PER-NAME CLEARANCE EXISTS -- separating a correctly IAS 29-restated series from a mishandled one needs a restatement-vintage audit this codebase does not perform. EXPLICITLY NOT CLAIMED OF EVERY ARS NAME: CRESY shows NO defect (worst adjacent ratio 5.0x vs BMA's 1,588x; 7.5x nominal rise vs BMA's 45.6x, i.e. BELOW Argentine inflation, which is what correct restatement looks like). CRESY is removed by this rule alone. Panel effect: 2 sources, 48 rows.] [ARS on 80/80 rows]",
stock_CUR6K@718712e8d985,CRESY,2008-07-01,27.9,1658663063.1,"currency_excluded [ARS: reports in ARS -- IAS 29 hyperinflation regime, no admitted ARS->USD rate, and this vendor is demonstrably wrong on ARS in this panel | CURRENCY-SCOPED RULE (CEO 2026-08-08): every ARS reporter is removed, whether or not its own series looks damaged. Grounds, measured on the 2026-08-07 CUR3K panel: (1) VENDOR DEFECT, on BMA -- totalAssets 2.325e16 between 2.056e13 and 2.420e13 (961x break) and revenue 1.201e9 between 1.443e12 and 1.907e12 (1,588x break), with marketCap continuous through both, so no market-cap sanity check can see it; BMA's nominal revenue also rises 45.6x over the window. (2) NO USD VALUATION IS POSSIBLE -- ARS is refused by fx_rates.ABSTAIN_CURRENCIES and absent from carveOut.FX_TO_USD, so an ARS name has no marketCap_usd, sits in no band, and scores NEUTRAL on the size tilt while competing for the same slots. (3) NO PER-NAME CLEARANCE EXISTS -- separating a correctly IAS 29-restated series from a mishandled one needs a restatement-vintage audit this codebase does not perform. EXPLICITLY NOT CLAIMED OF EVERY ARS NAME: CRESY shows NO defect (worst adjacent ratio 5.0x vs BMA's 1,588x; 7.5x nominal rise vs BMA's 45.6x, i.e. BELOW Argentine inflation, which is what correct restatement looks like). CRESY is removed by this rule alone. Panel effect: 2 sources, 48 rows.] [ARS on 80/80 rows]",
stock_CUR6K@718712e8d985,CRESY,2008-10-01,26.30000008994075,1538101485.06,"currency_excluded [ARS: reports in ARS -- IAS 29 hyperinflation regime, no admitted ARS->USD rate, and this vendor is demonstrably wrong on ARS in this panel | CURRENCY-SCOPED RULE (CEO 2026-08-08): every ARS reporter is removed, whether or not its own series looks damaged. Grounds, measured on the 2026-08-07 CUR3K panel: (1) VENDOR DEFECT, on BMA -- totalAssets 2.325e16 between 2.056e13 and 2.420e13 (961x break) and revenue 1.201e9 between 1.443e12 and 1.907e12 (1,588x break), with marketCap continuous through both, so no market-cap sanity check can see it; BMA's nominal revenue also rises 45.6x over the window. (2) NO USD VALUATION IS POSSIBLE -- ARS is refused by fx_rates.ABSTAIN_CURRENCIES and absent from carveOut.FX_TO_USD, so an ARS name has no marketCap_usd, sits in no band, and scores NEUTRAL on the size tilt while competing for the same slots. (3) NO PER-NAME CLEARANCE EXISTS -- separating a correctly IAS 29-restated series from a mishandled one needs a restatement-vintage audit this codebase does not perform. EXPLICITLY NOT CLAIMED OF EVERY ARS NAME: CRESY shows NO defect (worst adjacent ratio 5.0x vs BMA's 1,588x; 7.5x nominal rise vs BMA's 45.6x, i.e. BELOW Argentine inflation, which is what correct restatement looks like). CRESY is removed by this rule alone. Panel effect: 2 sources, 48 rows.] [ARS on 80/80 rows]",
stock_CUR6K@718712e8d985,CRESY,2009-01-01,24.300000377073687,1409382380.0700002,"currency_excluded [ARS: reports in ARS -- IAS 29 hyperinflation regime, no admitted ARS->USD rate, and this vendor is demonstrably wrong on ARS in this panel | CURRENCY-SCOPED RULE (CEO 2026-08-08): every ARS reporter is removed, whether or not its own series looks damaged. Grounds, measured on the 2026-08-07 CUR3K panel: (1) VENDOR DEFECT, on BMA -- totalAssets 2.325e16 between 2.056e13 and 2.420e13 (961x break) and revenue 1.201e9 between 1.443e12 and 1.907e12 (1,588x break), with marketCap continuous through both, so no market-cap sanity check can see it; BMA's nominal revenue also rises 45.6x over the window. (2) NO USD VALUATION IS POSSIBLE -- ARS is refused by fx_rates.ABSTAIN_CURRENCIES and absent from carveOut.FX_TO_USD, so an ARS name has no marketCap_usd, sits in no band, and scores NEUTRAL on the size tilt while competing for the same slots. (3) NO PER-NAME CLEARANCE EXISTS -- separating a correctly IAS 29-restated series from a mishandled one needs a restatement-vintage audit this codebase does not perform. EXPLICITLY NOT CLAIMED OF EVERY ARS NAME: CRESY shows NO defect (worst adjacent ratio 5.0x vs BMA's 1,588x; 7.5x nominal rise vs BMA's 45.6x, i.e. BELOW Argentine inflation, which is what correct restatement looks like). CRESY is removed by this rule alone. Panel effect: 2 sources, 48 rows.] [ARS on 80/80 rows]",
stock_CUR6K@718712e8d985,CRESY,2009-04-01,31.60000017138682,1747905724.68,"currency_excluded [ARS: reports in ARS -- IAS 29 hyperinflation regime, no admitted ARS->USD rate, and this vendor is demonstrably wrong on ARS in this panel | CURRENCY-SCOPED RULE (CEO 2026-08-08): every ARS reporter is removed, whether or not its own series looks damaged. Grounds, measured on the 2026-08-07 CUR3K panel: (1) VENDOR DEFECT, on BMA -- totalAssets 2.325e16 between 2.056e13 and 2.420e13 (961x break) and revenue 1.201e9 between 1.443e12 and 1.907e12 (1,588x break), with marketCap continuous through both, so no market-cap sanity check can see it; BMA's nominal revenue also rises 45.6x over the window. (2) NO USD VALUATION IS POSSIBLE -- ARS is refused by fx_rates.ABSTAIN_CURRENCIES and absent from carveOut.FX_TO_USD, so an ARS name has no marketCap_usd, sits in no band, and scores NEUTRAL on the size tilt while competing for the same slots. (3) NO PER-NAME CLEARANCE EXISTS -- separating a correctly IAS 29-restated series from a mishandled one needs a restatement-vintage audit this codebase does not perform. EXPLICITLY NOT CLAIMED OF EVERY ARS NAME: CRESY shows NO defect (worst adjacent ratio 5.0x vs BMA's 1,588x; 7.5x nominal rise vs BMA's 45.6x, i.e. BELOW Argentine inflation, which is what correct restatement looks like). CRESY is removed by this rule alone. Panel effect: 2 sources, 48 rows.] [ARS on 80/80 rows]",
stock_CUR6K@718712e8d985,CRESY,2009-07-01,40.50000007625489,2151009314.5499997,"currency_excluded [ARS: reports in ARS -- IAS 29 hyperinflation regime, no admitted ARS->USD rate, and this vendor is demonstrably wrong on ARS in this panel | CURRENCY-SCOPED RULE (CEO 2026-08-08): every ARS reporter is removed, whether or not its own series looks damaged. Grounds, measured on the 2026-08-07 CUR3K panel: (1) VENDOR DEFECT, on BMA -- totalAssets 2.325e16 between 2.056e13 and 2.420e13 (961x break) and revenue 1.201e9 between 1.443e12 and 1.907e12 (1,588x break), with marketCap continuous through both, so no market-cap sanity check can see it; BMA's nominal revenue also rises 45.6x over the window. (2) NO USD VALUATION IS POSSIBLE -- ARS is refused by fx_rates.ABSTAIN_CURRENCIES and absent from carveOut.FX_TO_USD, so an ARS name has no marketCap_usd, sits in no band, and scores NEUTRAL on the size tilt while competing for the same slots. (3) NO PER-NAME CLEARANCE EXISTS -- separating a correctly IAS 29-restated series from a mishandled one needs a restatement-vintage audit this codebase does not perform. EXPLICITLY NOT CLAIMED OF EVERY ARS NAME: CRESY shows NO defect (worst adjacent ratio 5.0x vs BMA's 1,588x; 7.5x nominal rise vs BMA's 45.6x, i.e. BELOW Argentine inflation, which is what correct restatement looks like). CRESY is removed by this rule alone. Panel effect: 2 sources, 48 rows.] [ARS on 80/80 rows]",
stock_CUR6K@718712e8d985,CRESY,2009-10-01,49.60000045962948,2676242672.8,"currency_excluded [ARS: reports in ARS -- IAS 29 hyperinflation regime, no admitted ARS->USD rate, and this vendor is demonstrably wrong on ARS in this panel | CURRENCY-SCOPED RULE (CEO 2026-08-08): every ARS reporter is removed, whether or not its own series looks damaged. Grounds, measured on the 2026-08-07 CUR3K panel: (1) VENDOR DEFECT, on BMA -- totalAssets 2.325e16 between 2.056e13 and 2.420e13 (961x break) and revenue 1.201e9 between 1.443e12 and 1.907e12 (1,588x break), with marketCap continuous through both, so no market-cap sanity check can see it; BMA's nominal revenue also rises 45.6x over the window. (2) NO USD VALUATION IS POSSIBLE -- ARS is refused by fx_rates.ABSTAIN_CURRENCIES and absent from carveOut.FX_TO_USD, so an ARS name has no marketCap_usd, sits in no band, and scores NEUTRAL on the size tilt while competing for the same slots. (3) NO PER-NAME CLEARANCE EXISTS -- separating a correctly IAS 29-restated series from a mishandled one needs a restatement-vintage audit this codebase does not perform. EXPLICITLY NOT CLAIMED OF EVERY ARS NAME: CRESY shows NO defect (worst adjacent ratio 5.0x vs BMA's 1,588x; 7.5x nominal rise vs BMA's 45.6x, i.e. BELOW Argentine inflation, which is what correct restatement looks like). CRESY is removed by this rule alone. Panel effect: 2 sources, 48 rows.] [ARS on 80/80 rows]",
stock_CUR6K@718712e8d985,CRESY,2010-01-01,48.500000713509586,2637385758.2999997,"currency_excluded [ARS: reports in ARS -- IAS 29 hyperinflation regime, no admitted ARS->USD rate, and this vendor is demonstrably wrong on ARS in this panel | CURRENCY-SCOPED RULE (CEO 2026-08-08): every ARS reporter is removed, whether or not its own series looks damaged. Grounds, measured on the 2026-08-07 CUR3K panel: (1) VENDOR DEFECT, on BMA -- totalAssets 2.325e16 between 2.056e13 and 2.420e13 (961x break) and revenue 1.201e9 between 1.443e12 and 1.907e12 (1,588x break), with marketCap continuous through both, so no market-cap sanity check can see it; BMA's nominal revenue also rises 45.6x over the window. (2) NO USD VALUATION IS POSSIBLE -- ARS is refused by fx_rates.ABSTAIN_CURRENCIES and absent from carveOut.FX_TO_USD, so an ARS name has no marketCap_usd, sits in no band, and scores NEUTRAL on the size tilt while competing for the same slots. (3) NO PER-NAME CLEARANCE EXISTS -- separating a correctly IAS 29-restated series from a mishandled one needs a restatement-vintage audit this codebase does not perform. EXPLICITLY NOT CLAIMED OF EVERY ARS NAME: CRESY shows NO defect (worst adjacent ratio 5.0x vs BMA's 1,588x; 7.5x nominal rise vs BMA's 45.6x, i.e. BELOW Argentine inflation, which is what correct restatement looks like). CRESY is removed by this rule alone. Panel effect: 2 sources, 48 rows.] [ARS on 80/80 rows]",
stock_CUR6K@718712e8d985,CRESY,2010-04-01,44.0,2436087412.0,"currency_excluded [ARS: reports in ARS -- IAS 29 hyperinflation regime, no admitted ARS->USD rate, and this vendor is demonstrably wrong on ARS in this panel | CURRENCY-SCOPED RULE (CEO 2026-08-08): every ARS reporter is removed, whether or not its own series looks damaged. Grounds, measured on the 2026-08-07 CUR3K panel: (1) VENDOR DEFECT, on BMA -- totalAssets 2.325e16 between 2.056e13 and 2.420e13 (961x break) and revenue 1.201e9 between 1.443e12 and 1.907e12 (1,588x break), with marketCap continuous through both, so no market-cap sanity check can see it; BMA's nominal revenue also rises 45.6x over the window. (2) NO USD VALUATION IS POSSIBLE -- ARS is refused by fx_rates.ABSTAIN_CURRENCIES and absent from carveOut.FX_TO_USD, so an ARS name has no marketCap_usd, sits in no band, and scores NEUTRAL on the size tilt while competing for the same slots. (3) NO PER-NAME CLEARANCE EXISTS -- separating a correctly IAS 29-restated series from a mishandled one needs a restatement-vintage audit this codebase does not perform. EXPLICITLY NOT CLAIMED OF EVERY ARS NAME: CRESY shows NO defect (worst adjacent ratio 5.0x vs BMA's 1,588x; 7.5x nominal rise vs BMA's 45.6x, i.e. BELOW Argentine inflation, which is what correct restatement looks like). CRESY is removed by this rule alone. Panel effect: 2 sources, 48 rows.] [ARS on 80/80 rows]",
stock_CUR6K@718712e8d985,CRESY,2010-07-01,57.600000926879915,3221543571.8399997,"currency_excluded [ARS: reports in ARS -- IAS 29 hyperinflation regime, no admitted ARS->USD rate, and this vendor is demonstrably wrong on ARS in this panel | CURRENCY-SCOPED RULE (CEO 2026-08-08): every ARS reporter is removed, whether or not its own series looks damaged. Grounds, measured on the 2026-08-07 CUR3K panel: (1) VENDOR DEFECT, on BMA -- totalAssets 2.325e16 between 2.056e13 and 2.420e13 (961x break) and revenue 1.201e9 between 1.443e12 and 1.907e12 (1,588x break), with marketCap continuous through both, so no market-cap sanity check can see it; BMA's nominal revenue also rises 45.6x over the window. (2) NO USD VALUATION IS POSSIBLE -- ARS is refused by fx_rates.ABSTAIN_CURRENCIES and absent from carveOut.FX_TO_USD, so an ARS name has no marketCap_usd, sits in no band, and scores NEUTRAL on the size tilt while competing for the same slots. (3) NO PER-NAME CLEARANCE EXISTS -- separating a correctly IAS 29-restated series from a mishandled one needs a restatement-vintage audit this codebase does not perform. EXPLICITLY NOT CLAIMED OF EVERY ARS NAME: CRESY shows NO defect (worst adjacent ratio 5.0x vs BMA's 1,588x; 7.5x nominal rise vs BMA's 45.6x, i.e. BELOW Argentine inflation, which is what correct restatement looks like). CRESY is removed by this rule alone. Panel effect: 2 sources, 48 rows.] [ARS on 80/80 rows]",
stock_CUR6K@718712e8d985,CRESY,2010-10-01,66.40000035616202,3713725526.3199997,"currency_excluded [ARS: reports in ARS -- IAS 29 hyperinflation regime, no admitted ARS->USD rate, and this vendor is demonstrably wrong on ARS in this panel | CURRENCY-SCOPED RULE (CEO 2026-08-08): every ARS reporter is removed, whether or not its own series looks damaged. Grounds, measured on the 2026-08-07 CUR3K panel: (1) VENDOR DEFECT, on BMA -- totalAssets 2.325e16 between 2.056e13 and 2.420e13 (961x break) and revenue 1.201e9 between 1.443e12 and 1.907e12 (1,588x break), with marketCap continuous through both, so no market-cap sanity check can see it; BMA's nominal revenue also rises 45.6x over the window. (2) NO USD VALUATION IS POSSIBLE -- ARS is refused by fx_rates.ABSTAIN_CURRENCIES and absent from carveOut.FX_TO_USD, so an ARS name has no marketCap_usd, sits in no band, and scores NEUTRAL on the size tilt while competing for the same slots. (3) NO PER-NAME CLEARANCE EXISTS -- separating a correctly IAS 29-restated series from a mishandled one needs a restatement-vintage audit this codebase does not perform. EXPLICITLY NOT CLAIMED OF EVERY ARS NAME: CRESY shows NO defect (worst adjacent ratio 5.0x vs BMA's 1,588x; 7.5x nominal rise vs BMA's 45.6x, i.e. BELOW Argentine inflation, which is what correct restatement looks like). CRESY is removed by this rule alone. Panel effect: 2 sources, 48 rows.] [ARS on 80/80 rows]",
stock_CUR6K@718712e8d985,CRESY,2011-01-01,68.70000012283296,3842364488.67,"currency_excluded [ARS: reports in ARS -- IAS 29 hyperinflation regime, no admitted ARS->USD rate, and this vendor is demonstrably wrong on ARS in this panel | CURRENCY-SCOPED RULE (CEO 2026-08-08): every ARS reporter is removed, whether or not its own series looks damaged. Grounds, measured on the 2026-08-07 CUR3K panel: (1) VENDOR DEFECT, on BMA -- totalAssets 2.325e16 between 2.056e13 and 2.420e13 (961x break) and revenue 1.201e9 between 1.443e12 and 1.907e12 (1,588x break), with marketCap continuous through both, so no market-cap sanity check can see it; BMA's nominal revenue also rises 45.6x over the window. (2) NO USD VALUATION IS POSSIBLE -- ARS is refused by fx_rates.ABSTAIN_CURRENCIES and absent from carveOut.FX_TO_USD, so an ARS name has no marketCap_usd, sits in no band, and scores NEUTRAL on the size tilt while competing for the same slots. (3) NO PER-NAME CLEARANCE EXISTS -- separating a correctly IAS 29-restated series from a mishandled one needs a restatement-vintage audit this codebase does not perform. EXPLICITLY NOT CLAIMED OF EVERY ARS NAME: CRESY shows NO defect (worst adjacent ratio 5.0x vs BMA's 1,588x; 7.5x nominal rise vs BMA's 45.6x, i.e. BELOW Argentine inflation, which is what correct restatement looks like). CRESY is removed by this rule alone. Panel effect: 2 sources, 48 rows.] [ARS on 80/80 rows]",
stock_CUR6K@718712e8d985,CRESY,2011-04-01,62.60000100733551,3501200966.54,"currency_excluded [ARS: reports in ARS -- IAS 29 hyperinflation regime, no admitted ARS->USD rate, and this vendor is demonstrably wrong on ARS in this panel | CURRENCY-SCOPED RULE (CEO 2026-08-08): every ARS reporter is removed, whether or not its own series looks damaged. Grounds, measured on the 2026-08-07 CUR3K panel: (1) VENDOR DEFECT, on BMA -- totalAssets 2.325e16 between 2.056e13 and 2.420e13 (961x break) and revenue 1.201e9 between 1.443e12 and 1.907e12 (1,588x break), with marketCap continuous through both, so no market-cap sanity check can see it; BMA's nominal revenue also rises 45.6x over the window. (2) NO USD VALUATION IS POSSIBLE -- ARS is refused by fx_rates.ABSTAIN_CURRENCIES and absent from carveOut.FX_TO_USD, so an ARS name has no marketCap_usd, sits in no band, and scores NEUTRAL on the size tilt while competing for the same slots. (3) NO PER-NAME CLEARANCE EXISTS -- separating a correctly IAS 29-restated series from a mishandled one needs a restatement-vintage audit this codebase does not perform. EXPLICITLY NOT CLAIMED OF EVERY ARS NAME: CRESY shows NO defect (worst adjacent ratio 5.0x vs BMA's 1,588x; 7.5x nominal rise vs BMA's 45.6x, i.e. BELOW Argentine inflation, which is what correct restatement looks like). CRESY is removed by this rule alone. Panel effect: 2 sources, 48 rows.] [ARS on 80/80 rows]",
stock_CUR6K@718712e8d985,CRESY,2011-07-01,47.6000007659598,2662259855.64,"currency_excluded [ARS: reports in ARS -- IAS 29 hyperinflation regime, no admitted ARS->USD rate, and this vendor is demonstrably wrong on ARS in this panel | CURRENCY-SCOPED RULE (CEO 2026-08-08): every ARS reporter is removed, whether or not its own series looks damaged. Grounds, measured on the 2026-08-07 CUR3K panel: (1) VENDOR DEFECT, on BMA -- totalAssets 2.325e16 between 2.056e13 and 2.420e13 (961x break) and revenue 1.201e9 between 1.443e12 and 1.907e12 (1,588x break), with marketCap continuous through both, so no market-cap sanity check can see it; BMA's nominal revenue also rises 45.6x over the window. (2) NO USD VALUATION IS POSSIBLE -- ARS is refused by fx_rates.ABSTAIN_CURRENCIES and absent from carveOut.FX_TO_USD, so an ARS name has no marketCap_usd, sits in no band, and scores NEUTRAL on the size tilt while competing for the same slots. (3) NO PER-NAME CLEARANCE EXISTS -- separating a correctly IAS 29-restated series from a mishandled one needs a restatement-vintage audit this codebase does not perform. EXPLICITLY NOT CLAIMED OF EVERY ARS NAME: CRESY shows NO defect (worst adjacent ratio 5.0x vs BMA's 1,588x; 7.5x nominal rise vs BMA's 45.6x, i.e. BELOW Argentine inflation, which is what correct restatement looks like). CRESY is removed by this rule alone. Panel effect: 2 sources, 48 rows.] [ARS on 80/80 rows]",
stock_CUR6K@718712e8d985,CRESY,2011-10-01,47.800000000000004,2643321310.2000003,"currency_excluded [ARS: reports in ARS -- IAS 29 hyperinflation regime, no admitted ARS->USD rate, and this vendor is demonstrably wrong on ARS in this panel | CURRENCY-SCOPED RULE (CEO 2026-08-08): every ARS reporter is removed, whether or not its own series looks damaged. Grounds, measured on the 2026-08-07 CUR3K panel: (1) VENDOR DEFECT, on BMA -- totalAssets 2.325e16 between 2.056e13 and 2.420e13 (961x break) and revenue 1.201e9 between 1.443e12 and 1.907e12 (1,588x break), with marketCap continuous through both, so no market-cap sanity check can see it; BMA's nominal revenue also rises 45.6x over the window. (2) NO USD VALUATION IS POSSIBLE -- ARS is refused by fx_rates.ABSTAIN_CURRENCIES and absent from carveOut.FX_TO_USD, so an ARS name has no marketCap_usd, sits in no band, and scores NEUTRAL on the size tilt while competing for the same slots. (3) NO PER-NAME CLEARANCE EXISTS -- separating a correctly IAS 29-restated series from a mishandled one needs a restatement-vintage audit this codebase does not perform. EXPLICITLY NOT CLAIMED OF EVERY ARS NAME: CRESY shows NO defect (worst adjacent ratio 5.0x vs BMA's 1,588x; 7.5x nominal rise vs BMA's 45.6x, i.e. BELOW Argentine inflation, which is what correct restatement looks like). CRESY is removed by this rule alone. Panel effect: 2 sources, 48 rows.] [ARS on 80/80 rows]",
stock_CUR6K@718712e8d985,CRESY,2012-01-01,58.4,3134732186.4,"currency_excluded [ARS: reports in ARS -- IAS 29 hyperinflation regime, no admitted ARS->USD rate, and this vendor is demonstrably wrong on ARS in this panel | CURRENCY-SCOPED RULE (CEO 2026-08-08): every ARS reporter is removed, whether or not its own series looks damaged. Grounds, measured on the 2026-08-07 CUR3K panel: (1) VENDOR DEFECT, on BMA -- totalAssets 2.325e16 between 2.056e13 and 2.420e13 (961x break) and revenue 1.201e9 between 1.443e12 and 1.907e12 (1,588x break), with marketCap continuous through both, so no market-cap sanity check can see it; BMA's nominal revenue also rises 45.6x over the window. (2) NO USD VALUATION IS POSSIBLE -- ARS is refused by fx_rates.ABSTAIN_CURRENCIES and absent from carveOut.FX_TO_USD, so an ARS name has no marketCap_usd, sits in no band, and scores NEUTRAL on the size tilt while competing for the same slots. (3) NO PER-NAME CLEARANCE EXISTS -- separating a correctly IAS 29-restated series from a mishandled one needs a restatement-vintage audit this codebase does not perform. EXPLICITLY NOT CLAIMED OF EVERY ARS NAME: CRESY shows NO defect (worst adjacent ratio 5.0x vs BMA's 1,588x; 7.5x nominal rise vs BMA's 45.6x, i.e. BELOW Argentine inflation, which is what correct restatement looks like). CRESY is removed by this rule alone. Panel effect: 2 sources, 48 rows.] [ARS on 80/80 rows]",
stock_CUR6K@718712e8d985,CRESY,2012-04-01,,0.0,"currency_excluded [ARS: reports in ARS -- IAS 29 hyperinflation regime, no admitted ARS->USD rate, and this vendor is demonstrably wrong on ARS in this panel | CURRENCY-SCOPED RULE (CEO 2026-08-08): every ARS reporter is removed, whether or not its own series looks damaged. Grounds, measured on the 2026-08-07 CUR3K panel: (1) VENDOR DEFECT, on BMA -- totalAssets 2.325e16 between 2.056e13 and 2.420e13 (961x break) and revenue 1.201e9 between 1.443e12 and 1.907e12 (1,588x break), with marketCap continuous through both, so no market-cap sanity check can see it; BMA's nominal revenue also rises 45.6x over the window. (2) NO USD VALUATION IS POSSIBLE -- ARS is refused by fx_rates.ABSTAIN_CURRENCIES and absent from carveOut.FX_TO_USD, so an ARS name has no marketCap_usd, sits in no band, and scores NEUTRAL on the size tilt while competing for the same slots. (3) NO PER-NAME CLEARANCE EXISTS -- separating a correctly IAS 29-restated series from a mishandled one needs a restatement-vintage audit this codebase does not perform. EXPLICITLY NOT CLAIMED OF EVERY ARS NAME: CRESY shows NO defect (worst adjacent ratio 5.0x vs BMA's 1,588x; 7.5x nominal rise vs BMA's 45.6x, i.e. BELOW Argentine inflation, which is what correct restatement looks like). CRESY is removed by this rule alone. Panel effect: 2 sources, 48 rows.] [ARS on 80/80 rows]",
stock_CUR6K@718712e8d985,CRESY,2012-07-01,46.2,2865155462.4,"currency_excluded [ARS: reports in ARS -- IAS 29 hyperinflation regime, no admitted ARS->USD rate, and this vendor is demonstrably wrong on ARS in this panel | CURRENCY-SCOPED RULE (CEO 2026-08-08): every ARS reporter is removed, whether or not its own series looks damaged. Grounds, measured on the 2026-08-07 CUR3K panel: (1) VENDOR DEFECT, on BMA -- totalAssets 2.325e16 between 2.056e13 and 2.420e13 (961x break) and revenue 1.201e9 between 1.443e12 and 1.907e12 (1,588x break), with marketCap continuous through both, so no market-cap sanity check can see it; BMA's nominal revenue also rises 45.6x over the window. (2) NO USD VALUATION IS POSSIBLE -- ARS is refused by fx_rates.ABSTAIN_CURRENCIES and absent from carveOut.FX_TO_USD, so an ARS name has no marketCap_usd, sits in no band, and scores NEUTRAL on the size tilt while competing for the same slots. (3) NO PER-NAME CLEARANCE EXISTS -- separating a correctly IAS 29-restated series from a mishandled one needs a restatement-vintage audit this codebase does not perform. EXPLICITLY NOT CLAIMED OF EVERY ARS NAME: CRESY shows NO defect (worst adjacent ratio 5.0x vs BMA's 1,588x; 7.5x nominal rise vs BMA's 45.6x, i.e. BELOW Argentine inflation, which is what correct restatement looks like). CRESY is removed by this rule alone. Panel effect: 2 sources, 48 rows.] [ARS on 80/80 rows]",
stock_CUR6K@718712e8d985,CRESY,2012-10-01,51.200000733307164,2859854837.76,"currency_excluded [ARS: reports in ARS -- IAS 29 hyperinflation regime, no admitted ARS->USD rate, and this vendor is demonstrably wrong on ARS in this panel | CURRENCY-SCOPED RULE (CEO 2026-08-08): every ARS reporter is removed, whether or not its own series looks damaged. Grounds, measured on the 2026-08-07 CUR3K panel: (1) VENDOR DEFECT, on BMA -- totalAssets 2.325e16 between 2.056e13 and 2.420e13 (961x break) and revenue 1.201e9 between 1.443e12 and 1.907e12 (1,588x break), with marketCap continuous through both, so no market-cap sanity check can see it; BMA's nominal revenue also rises 45.6x over the window. (2) NO USD VALUATION IS POSSIBLE -- ARS is refused by fx_rates.ABSTAIN_CURRENCIES and absent from carveOut.FX_TO_USD, so an ARS name has no marketCap_usd, sits in no band, and scores NEUTRAL on the size tilt while competing for the same slots. (3) NO PER-NAME CLEARANCE EXISTS -- separating a correctly IAS 29-restated series from a mishandled one needs a restatement-vintage audit this codebase does not perform. EXPLICITLY NOT CLAIMED OF EVERY ARS NAME: CRESY shows NO defect (worst adjacent ratio 5.0x vs BMA's 1,588x; 7.5x nominal rise vs BMA's 45.6x, i.e. BELOW Argentine inflation, which is what correct restatement looks like). CRESY is removed by this rule alone. Panel effect: 2 sources, 48 rows.] [ARS on 80/80 rows]",
stock_CUR6K@718712e8d985,CRESY,2013-01-01,69.10000103407491,3693976186.28,"currency_excluded [ARS: reports in ARS -- IAS 29 hyperinflation regime, no admitted ARS->USD rate, and this vendor is demonstrably wrong on ARS in this panel | CURRENCY-SCOPED RULE (CEO 2026-08-08): every ARS reporter is removed, whether or not its own series looks damaged. Grounds, measured on the 2026-08-07 CUR3K panel: (1) VENDOR DEFECT, on BMA -- totalAssets 2.325e16 between 2.056e13 and 2.420e13 (961x break) and revenue 1.201e9 between 1.443e12 and 1.907e12 (1,588x break), with marketCap continuous through both, so no market-cap sanity check can see it; BMA's nominal revenue also rises 45.6x over the window. (2) NO USD VALUATION IS POSSIBLE -- ARS is refused by fx_rates.ABSTAIN_CURRENCIES and absent from carveOut.FX_TO_USD, so an ARS name has no marketCap_usd, sits in no band, and scores NEUTRAL on the size tilt while competing for the same slots. (3) NO PER-NAME CLEARANCE EXISTS -- separating a correctly IAS 29-restated series from a mishandled one needs a restatement-vintage audit this codebase does not perform. EXPLICITLY NOT CLAIMED OF EVERY ARS NAME: CRESY shows NO defect (worst adjacent ratio 5.0x vs BMA's 1,588x; 7.5x nominal rise vs BMA's 45.6x, i.e. BELOW Argentine inflation, which is what correct restatement looks like). CRESY is removed by this rule alone. Panel effect: 2 sources, 48 rows.] [ARS on 80/80 rows]",
stock_CUR6K@718712e8d985,CRESY,2013-04-01,,0.0,"currency_excluded [ARS: reports in ARS -- IAS 29 hyperinflation regime, no admitted ARS->USD rate, and this vendor is demonstrably wrong on ARS in this panel | CURRENCY-SCOPED RULE (CEO 2026-08-08): every ARS reporter is removed, whether or not its own series looks damaged. Grounds, measured on the 2026-08-07 CUR3K panel: (1) VENDOR DEFECT, on BMA -- totalAssets 2.325e16 between 2.056e13 and 2.420e13 (961x break) and revenue 1.201e9 between 1.443e12 and 1.907e12 (1,588x break), with marketCap continuous through both, so no market-cap sanity check can see it; BMA's nominal revenue also rises 45.6x over the window. (2) NO USD VALUATION IS POSSIBLE -- ARS is refused by fx_rates.ABSTAIN_CURRENCIES and absent from carveOut.FX_TO_USD, so an ARS name has no marketCap_usd, sits in no band, and scores NEUTRAL on the size tilt while competing for the same slots. (3) NO PER-NAME CLEARANCE EXISTS -- separating a correctly IAS 29-restated series from a mishandled one needs a restatement-vintage audit this codebase does not perform. EXPLICITLY NOT CLAIMED OF EVERY ARS NAME: CRESY shows NO defect (worst adjacent ratio 5.0x vs BMA's 1,588x; 7.5x nominal rise vs BMA's 45.6x, i.e. BELOW Argentine inflation, which is what correct restatement looks like). CRESY is removed by this rule alone. Panel effect: 2 sources, 48 rows.] [ARS on 80/80 rows]",
stock_CUR6K@718712e8d985,CRESY,2013-07-01,70.9,3906993066.5,"currency_excluded [ARS: reports in ARS -- IAS 29 hyperinflation regime, no admitted ARS->USD rate, and this vendor is demonstrably wrong on ARS in this panel | CURRENCY-SCOPED RULE (CEO 2026-08-08): every ARS reporter is removed, whether or not its own series looks damaged. Grounds, measured on the 2026-08-07 CUR3K panel: (1) VENDOR DEFECT, on BMA -- totalAssets 2.325e16 between 2.056e13 and 2.420e13 (961x break) and revenue 1.201e9 between 1.443e12 and 1.907e12 (1,588x break), with marketCap continuous through both, so no market-cap sanity check can see it; BMA's nominal revenue also rises 45.6x over the window. (2) NO USD VALUATION IS POSSIBLE -- ARS is refused by fx_rates.ABSTAIN_CURRENCIES and absent from carveOut.FX_TO_USD, so an ARS name has no marketCap_usd, sits in no band, and scores NEUTRAL on the size tilt while competing for the same slots. (3) NO PER-NAME CLEARANCE EXISTS -- separating a correctly IAS 29-restated series from a mishandled one needs a restatement-vintage audit this codebase does not perform. EXPLICITLY NOT CLAIMED OF EVERY ARS NAME: CRESY shows NO defect (worst adjacent ratio 5.0x vs BMA's 1,588x; 7.5x nominal rise vs BMA's 45.6x, i.e. BELOW Argentine inflation, which is what correct restatement looks like). CRESY is removed by this rule alone. Panel effect: 2 sources, 48 rows.] [ARS on 80/80 rows]",
stock_CUR6K@718712e8d985,CRESY,2013-10-01,79.50000014327448,4411287978.45,"currency_excluded [ARS: reports in ARS -- IAS 29 hyperinflation regime, no admitted ARS->USD rate, and this vendor is demonstrably wrong on ARS in this panel | CURRENCY-SCOPED RULE (CEO 2026-08-08): every ARS reporter is removed, whether or not its own series looks damaged. Grounds, measured on the 2026-08-07 CUR3K panel: (1) VENDOR DEFECT, on BMA -- totalAssets 2.325e16 between 2.056e13 and 2.420e13 (961x break) and revenue 1.201e9 between 1.443e12 and 1.907e12 (1,588x break), with marketCap continuous through both, so no market-cap sanity check can see it; BMA's nominal revenue also rises 45.6x over the window. (2) NO USD VALUATION IS POSSIBLE -- ARS is refused by fx_rates.ABSTAIN_CURRENCIES and absent from carveOut.FX_TO_USD, so an ARS name has no marketCap_usd, sits in no band, and scores NEUTRAL on the size tilt while competing for the same slots. (3) NO PER-NAME CLEARANCE EXISTS -- separating a correctly IAS 29-restated series from a mishandled one needs a restatement-vintage audit this codebase does not perform. EXPLICITLY NOT CLAIMED OF EVERY ARS NAME: CRESY shows NO defect (worst adjacent ratio 5.0x vs BMA's 1,588x; 7.5x nominal rise vs BMA's 45.6x, i.e. BELOW Argentine inflation, which is what correct restatement looks like). CRESY is removed by this rule alone. Panel effect: 2 sources, 48 rows.] [ARS on 80/80 rows]",
stock_CUR6K@718712e8d985,CRESY,2014-01-01,82.60000118303068,4613750187.48,"currency_excluded [ARS: reports in ARS -- IAS 29 hyperinflation regime, no admitted ARS->USD rate, and this vendor is demonstrably wrong on ARS in this panel | CURRENCY-SCOPED RULE (CEO 2026-08-08): every ARS reporter is removed, whether or not its own series looks damaged. Grounds, measured on the 2026-08-07 CUR3K panel: (1) VENDOR DEFECT, on BMA -- totalAssets 2.325e16 between 2.056e13 and 2.420e13 (961x break) and revenue 1.201e9 between 1.443e12 and 1.907e12 (1,588x break), with marketCap continuous through both, so no market-cap sanity check can see it; BMA's nominal revenue also rises 45.6x over the window. (2) NO USD VALUATION IS POSSIBLE -- ARS is refused by fx_rates.ABSTAIN_CURRENCIES and absent from carveOut.FX_TO_USD, so an ARS name has no marketCap_usd, sits in no band, and scores NEUTRAL on the size tilt while competing for the same slots. (3) NO PER-NAME CLEARANCE EXISTS -- separating a correctly IAS 29-restated series from a mishandled one needs a restatement-vintage audit this codebase does not perform. EXPLICITLY NOT CLAIMED OF EVERY ARS NAME: CRESY shows NO defect (worst adjacent ratio 5.0x vs BMA's 1,588x; 7.5x nominal rise vs BMA's 45.6x, i.e. BELOW Argentine inflation, which is what correct restatement looks like). CRESY is removed by this rule alone. Panel effect: 2 sources, 48 rows.] [ARS on 80/80 rows]",
stock_CUR6K@718712e8d985,CRESY,2014-04-01,116.70000063028252,6482278919.01,"currency_excluded [ARS: reports in ARS -- IAS 29 hyperinflation regime, no admitted ARS->USD rate, and this vendor is demonstrably wrong on ARS in this panel | CURRENCY-SCOPED RULE (CEO 2026-08-08): every ARS reporter is removed, whether or not its own series looks damaged. Grounds, measured on the 2026-08-07 CUR3K panel: (1) VENDOR DEFECT, on BMA -- totalAssets 2.325e16 between 2.056e13 and 2.420e13 (961x break) and revenue 1.201e9 between 1.443e12 and 1.907e12 (1,588x break), with marketCap continuous through both, so no market-cap sanity check can see it; BMA's nominal revenue also rises 45.6x over the window. (2) NO USD VALUATION IS POSSIBLE -- ARS is refused by fx_rates.ABSTAIN_CURRENCIES and absent from carveOut.FX_TO_USD, so an ARS name has no marketCap_usd, sits in no band, and scores NEUTRAL on the size tilt while competing for the same slots. (3) NO PER-NAME CLEARANCE EXISTS -- separating a correctly IAS 29-restated series from a mishandled one needs a restatement-vintage audit this codebase does not perform. EXPLICITLY NOT CLAIMED OF EVERY ARS NAME: CRESY shows NO defect (worst adjacent ratio 5.0x vs BMA's 1,588x; 7.5x nominal rise vs BMA's 45.6x, i.e. BELOW Argentine inflation, which is what correct restatement looks like). CRESY is removed by this rule alone. Panel effect: 2 sources, 48 rows.] [ARS on 80/80 rows]",
stock_CUR6K@718712e8d985,CRESY,2014-07-01,147.3,8005433444.1,"currency_excluded [ARS: reports in ARS -- IAS 29 hyperinflation regime, no admitted ARS->USD rate, and this vendor is demonstrably wrong on ARS in this panel | CURRENCY-SCOPED RULE (CEO 2026-08-08): every ARS reporter is removed, whether or not its own series looks damaged. Grounds, measured on the 2026-08-07 CUR3K panel: (1) VENDOR DEFECT, on BMA -- totalAssets 2.325e16 between 2.056e13 and 2.420e13 (961x break) and revenue 1.201e9 between 1.443e12 and 1.907e12 (1,588x break), with marketCap continuous through both, so no market-cap sanity check can see it; BMA's nominal revenue also rises 45.6x over the window. (2) NO USD VALUATION IS POSSIBLE -- ARS is refused by fx_rates.ABSTAIN_CURRENCIES and absent from carveOut.FX_TO_USD, so an ARS name has no marketCap_usd, sits in no band, and scores NEUTRAL on the size tilt while competing for the same slots. (3) NO PER-NAME CLEARANCE EXISTS -- separating a correctly IAS 29-restated series from a mishandled one needs a restatement-vintage audit this codebase does not perform. EXPLICITLY NOT CLAIMED OF EVERY ARS NAME: CRESY shows NO defect (worst adjacent ratio 5.0x vs BMA's 1,588x; 7.5x nominal rise vs BMA's 45.6x, i.e. BELOW Argentine inflation, which is what correct restatement looks like). CRESY is removed by this rule alone. Panel effect: 2 sources, 48 rows.] [ARS on 80/80 rows]",
stock_CUR6K@718712e8d985,CRESY,2014-10-01,112.30000163061342,6187261798.84,"currency_excluded [ARS: reports in ARS -- IAS 29 hyperinflation regime, no admitted ARS->USD rate, and this vendor is demonstrably wrong on ARS in this panel | CURRENCY-SCOPED RULE (CEO 2026-08-08): every ARS reporter is removed, whether or not its own series looks damaged. Grounds, measured on the 2026-08-07 CUR3K panel: (1) VENDOR DEFECT, on BMA -- totalAssets 2.325e16 between 2.056e13 and 2.420e13 (961x break) and revenue 1.201e9 between 1.443e12 and 1.907e12 (1,588x break), with marketCap continuous through both, so no market-cap sanity check can see it; BMA's nominal revenue also rises 45.6x over the window. (2) NO USD VALUATION IS POSSIBLE -- ARS is refused by fx_rates.ABSTAIN_CURRENCIES and absent from carveOut.FX_TO_USD, so an ARS name has no marketCap_usd, sits in no band, and scores NEUTRAL on the size tilt while competing for the same slots. (3) NO PER-NAME CLEARANCE EXISTS -- separating a correctly IAS 29-restated series from a mishandled one needs a restatement-vintage audit this codebase does not perform. EXPLICITLY NOT CLAIMED OF EVERY ARS NAME: CRESY shows NO defect (worst adjacent ratio 5.0x vs BMA's 1,588x; 7.5x nominal rise vs BMA's 45.6x, i.e. BELOW Argentine inflation, which is what correct restatement looks like). CRESY is removed by this rule alone. Panel effect: 2 sources, 48 rows.] [ARS on 80/80 rows]",
stock_CUR6K@718712e8d985,CRESY,2015-01-01,147.70000161129633,8123381042.42,"currency_excluded [ARS: reports in ARS -- IAS 29 hyperinflation regime, no admitted ARS->USD rate, and this vendor is demonstrably wrong on ARS in this panel | CURRENCY-SCOPED RULE (CEO 2026-08-08): every ARS reporter is removed, whether or not its own series looks damaged. Grounds, measured on the 2026-08-07 CUR3K panel: (1) VENDOR DEFECT, on BMA -- totalAssets 2.325e16 between 2.056e13 and 2.420e13 (961x break) and revenue 1.201e9 between 1.443e12 and 1.907e12 (1,588x break), with marketCap continuous through both, so no market-cap sanity check can see it; BMA's nominal revenue also rises 45.6x over the window. (2) NO USD VALUATION IS POSSIBLE -- ARS is refused by fx_rates.ABSTAIN_CURRENCIES and absent from carveOut.FX_TO_USD, so an ARS name has no marketCap_usd, sits in no band, and scores NEUTRAL on the size tilt while competing for the same slots. (3) NO PER-NAME CLEARANCE EXISTS -- separating a correctly IAS 29-restated series from a mishandled one needs a restatement-vintage audit this codebase does not perform. EXPLICITLY NOT CLAIMED OF EVERY ARS NAME: CRESY shows NO defect (worst adjacent ratio 5.0x vs BMA's 1,588x; 7.5x nominal rise vs BMA's 45.6x, i.e. BELOW Argentine inflation, which is what correct restatement looks like). CRESY is removed by this rule alone. Panel effect: 2 sources, 48 rows.] [ARS on 80/80 rows]",
stock_CUR6K@718712e8d985,CRESY,2015-04-01,,0.0,"currency_excluded [ARS: reports in ARS -- IAS 29 hyperinflation regime, no admitted ARS->USD rate, and this vendor is demonstrably wrong on ARS in this panel | CURRENCY-SCOPED RULE (CEO 2026-08-08): every ARS reporter is removed, whether or not its own series looks damaged. Grounds, measured on the 2026-08-07 CUR3K panel: (1) VENDOR DEFECT, on BMA -- totalAssets 2.325e16 between 2.056e13 and 2.420e13 (961x break) and revenue 1.201e9 between 1.443e12 and 1.907e12 (1,588x break), with marketCap continuous through both, so no market-cap sanity check can see it; BMA's nominal revenue also rises 45.6x over the window. (2) NO USD VALUATION IS POSSIBLE -- ARS is refused by fx_rates.ABSTAIN_CURRENCIES and absent from carveOut.FX_TO_USD, so an ARS name has no marketCap_usd, sits in no band, and scores NEUTRAL on the size tilt while competing for the same slots. (3) NO PER-NAME CLEARANCE EXISTS -- separating a correctly IAS 29-restated series from a mishandled one needs a restatement-vintage audit this codebase does not perform. EXPLICITLY NOT CLAIMED OF EVERY ARS NAME: CRESY shows NO defect (worst adjacent ratio 5.0x vs BMA's 1,588x; 7.5x nominal rise vs BMA's 45.6x, i.e. BELOW Argentine inflation, which is what correct restatement looks like). CRESY is removed by this rule alone. Panel effect: 2 sources, 48 rows.] [ARS on 80/80 rows]",
stock_CUR6K@718712e8d985,CRESY,2015-07-01,120.30000043509756,6652342566.96,"currency_excluded [ARS: reports in ARS -- IAS 29 hyperinflation regime, no admitted ARS->USD rate, and this vendor is demonstrably wrong on ARS in this panel | CURRENCY-SCOPED RULE (CEO 2026-08-08): every ARS reporter is removed, whether or not its own series looks damaged. Grounds, measured on the 2026-08-07 CUR3K panel: (1) VENDOR DEFECT, on BMA -- totalAssets 2.325e16 between 2.056e13 and 2.420e13 (961x break) and revenue 1.201e9 between 1.443e12 and 1.907e12 (1,588x break), with marketCap continuous through both, so no market-cap sanity check can see it; BMA's nominal revenue also rises 45.6x over the window. (2) NO USD VALUATION IS POSSIBLE -- ARS is refused by fx_rates.ABSTAIN_CURRENCIES and absent from carveOut.FX_TO_USD, so an ARS name has no marketCap_usd, sits in no band, and scores NEUTRAL on the size tilt while competing for the same slots. (3) NO PER-NAME CLEARANCE EXISTS -- separating a correctly IAS 29-restated series from a mishandled one needs a restatement-vintage audit this codebase does not perform. EXPLICITLY NOT CLAIMED OF EVERY ARS NAME: CRESY shows NO defect (worst adjacent ratio 5.0x vs BMA's 1,588x; 7.5x nominal rise vs BMA's 45.6x, i.e. BELOW Argentine inflation, which is what correct restatement looks like). CRESY is removed by this rule alone. Panel effect: 2 sources, 48 rows.] [ARS on 80/80 rows]",
stock_CUR6K@718712e8d985,CRESY,2016-01-01,159.90000147709418,8654834145.75,"currency_excluded [ARS: reports in ARS -- IAS 29 hyperinflation regime, no admitted ARS->USD rate, and this vendor is demonstrably wrong on ARS in this panel | CURRENCY-SCOPED RULE (CEO 2026-08-08): every ARS reporter is removed, whether or not its own series looks damaged. Grounds, measured on the 2026-08-07 CUR3K panel: (1) VENDOR DEFECT, on BMA -- totalAssets 2.325e16 between 2.056e13 and 2.420e13 (961x break) and revenue 1.201e9 between 1.443e12 and 1.907e12 (1,588x break), with marketCap continuous through both, so no market-cap sanity check can see it; BMA's nominal revenue also rises 45.6x over the window. (2) NO USD VALUATION IS POSSIBLE -- ARS is refused by fx_rates.ABSTAIN_CURRENCIES and absent from carveOut.FX_TO_USD, so an ARS name has no marketCap_usd, sits in no band, and scores NEUTRAL on the size tilt while competing for the same slots. (3) NO PER-NAME CLEARANCE EXISTS -- separating a correctly IAS 29-restated series from a mishandled one needs a restatement-vintage audit this codebase does not perform. EXPLICITLY NOT CLAIMED OF EVERY ARS NAME: CRESY shows NO defect (worst adjacent ratio 5.0x vs BMA's 1,588x; 7.5x nominal rise vs BMA's 45.6x, i.e. BELOW Argentine inflation, which is what correct restatement looks like). CRESY is removed by this rule alone. Panel effect: 2 sources, 48 rows.] [ARS on 80/80 rows]",
stock_CUR6K@718712e8d985,CRESY,2016-04-01,191.30000068823045,10634719604.16,"currency_excluded [ARS: reports in ARS -- IAS 29 hyperinflation regime, no admitted ARS->USD rate, and this vendor is demonstrably wrong on ARS in this panel | CURRENCY-SCOPED RULE (CEO 2026-08-08): every ARS reporter is removed, whether or not its own series looks damaged. Grounds, measured on the 2026-08-07 CUR3K panel: (1) VENDOR DEFECT, on BMA -- totalAssets 2.325e16 between 2.056e13 and 2.420e13 (961x break) and revenue 1.201e9 between 1.443e12 and 1.907e12 (1,588x break), with marketCap continuous through both, so no market-cap sanity check can see it; BMA's nominal revenue also rises 45.6x over the window. (2) NO USD VALUATION IS POSSIBLE -- ARS is refused by fx_rates.ABSTAIN_CURRENCIES and absent from carveOut.FX_TO_USD, so an ARS name has no marketCap_usd, sits in no band, and scores NEUTRAL on the size tilt while competing for the same slots. (3) NO PER-NAME CLEARANCE EXISTS -- separating a correctly IAS 29-restated series from a mishandled one needs a restatement-vintage audit this codebase does not perform. EXPLICITLY NOT CLAIMED OF EVERY ARS NAME: CRESY shows NO defect (worst adjacent ratio 5.0x vs BMA's 1,588x; 7.5x nominal rise vs BMA's 45.6x, i.e. BELOW Argentine inflation, which is what correct restatement looks like). CRESY is removed by this rule alone. Panel effect: 2 sources, 48 rows.] [ARS on 80/80 rows]",
stock_CUR6K@718712e8d985,CRESY,2016-07-01,244.70000173293997,13821157488.18,"currency_excluded [ARS: reports in ARS -- IAS 29 hyperinflation regime, no admitted ARS->USD rate, and this vendor is demonstrably wrong on ARS in this panel | CURRENCY-SCOPED RULE (CEO 2026-08-08): every ARS reporter is removed, whether or not its own series looks damaged. Grounds, measured on the 2026-08-07 CUR3K panel: (1) VENDOR DEFECT, on BMA -- totalAssets 2.325e16 between 2.056e13 and 2.420e13 (961x break) and revenue 1.201e9 between 1.443e12 and 1.907e12 (1,588x break), with marketCap continuous through both, so no market-cap sanity check can see it; BMA's nominal revenue also rises 45.6x over the window. (2) NO USD VALUATION IS POSSIBLE -- ARS is refused by fx_rates.ABSTAIN_CURRENCIES and absent from carveOut.FX_TO_USD, so an ARS name has no marketCap_usd, sits in no band, and scores NEUTRAL on the size tilt while competing for the same slots. (3) NO PER-NAME CLEARANCE EXISTS -- separating a correctly IAS 29-restated series from a mishandled one needs a restatement-vintage audit this codebase does not perform. EXPLICITLY NOT CLAIMED OF EVERY ARS NAME: CRESY shows NO defect (worst adjacent ratio 5.0x vs BMA's 1,588x; 7.5x nominal rise vs BMA's 45.6x, i.e. BELOW Argentine inflation, which is what correct restatement looks like). CRESY is removed by this rule alone. Panel effect: 2 sources, 48 rows.] [ARS on 80/80 rows]",
stock_CUR6K@718712e8d985,CRESY,2016-10-01,221.70000080856377,12157579101.84,"currency_excluded [ARS: reports in ARS -- IAS 29 hyperinflation regime, no admitted ARS->USD rate, and this vendor is demonstrably wrong on ARS in this panel | CURRENCY-SCOPED RULE (CEO 2026-08-08): every ARS reporter is removed, whether or not its own series looks damaged. Grounds, measured on the 2026-08-07 CUR3K panel: (1) VENDOR DEFECT, on BMA -- totalAssets 2.325e16 between 2.056e13 and 2.420e13 (961x break) and revenue 1.201e9 between 1.443e12 and 1.907e12 (1,588x break), with marketCap continuous through both, so no market-cap sanity check can see it; BMA's nominal revenue also rises 45.6x over the window. (2) NO USD VALUATION IS POSSIBLE -- ARS is refused by fx_rates.ABSTAIN_CURRENCIES and absent from carveOut.FX_TO_USD, so an ARS name has no marketCap_usd, sits in no band, and scores NEUTRAL on the size tilt while competing for the same slots. (3) NO PER-NAME CLEARANCE EXISTS -- separating a correctly IAS 29-restated series from a mishandled one needs a restatement-vintage audit this codebase does not perform. EXPLICITLY NOT CLAIMED OF EVERY ARS NAME: CRESY shows NO defect (worst adjacent ratio 5.0x vs BMA's 1,588x; 7.5x nominal rise vs BMA's 45.6x, i.e. BELOW Argentine inflation, which is what correct restatement looks like). CRESY is removed by this rule alone. Panel effect: 2 sources, 48 rows.] [ARS on 80/80 rows]",
stock_CUR6K@718712e8d985,CRESY,2017-01-01,277.8000018323079,16847133885.12,"currency_excluded [ARS: reports in ARS -- IAS 29 hyperinflation regime, no admitted ARS->USD rate, and this vendor is demonstrably wrong on ARS in this panel | CURRENCY-SCOPED RULE (CEO 2026-08-08): every ARS reporter is removed, whether or not its own series looks damaged. Grounds, measured on the 2026-08-07 CUR3K panel: (1) VENDOR DEFECT, on BMA -- totalAssets 2.325e16 between 2.056e13 and 2.420e13 (961x break) and revenue 1.201e9 between 1.443e12 and 1.907e12 (1,588x break), with marketCap continuous through both, so no market-cap sanity check can see it; BMA's nominal revenue also rises 45.6x over the window. (2) NO USD VALUATION IS POSSIBLE -- ARS is refused by fx_rates.ABSTAIN_CURRENCIES and absent from carveOut.FX_TO_USD, so an ARS name has no marketCap_usd, sits in no band, and scores NEUTRAL on the size tilt while competing for the same slots. (3) NO PER-NAME CLEARANCE EXISTS -- separating a correctly IAS 29-restated series from a mishandled one needs a restatement-vintage audit this codebase does not perform. EXPLICITLY NOT CLAIMED OF EVERY ARS NAME: CRESY shows NO defect (worst adjacent ratio 5.0x vs BMA's 1,588x; 7.5x nominal rise vs BMA's 45.6x, i.e. BELOW Argentine inflation, which is what correct restatement looks like). CRESY is removed by this rule alone. Panel effect: 2 sources, 48 rows.] [ARS on 80/80 rows]",
stock_CUR6K@718712e8d985,CRESY,2017-04-01,291.40000054014837,15720487733.74,"currency_excluded [ARS: reports in ARS -- IAS 29 hyperinflation regime, no admitted ARS->USD rate, and this vendor is demonstrably wrong on ARS in this panel | CURRENCY-SCOPED RULE (CEO 2026-08-08): every ARS reporter is removed, whether or not its own series looks damaged. Grounds, measured on the 2026-08-07 CUR3K panel: (1) VENDOR DEFECT, on BMA -- totalAssets 2.325e16 between 2.056e13 and 2.420e13 (961x break) and revenue 1.201e9 between 1.443e12 and 1.907e12 (1,588x break), with marketCap continuous through both, so no market-cap sanity check can see it; BMA's nominal revenue also rises 45.6x over the window. (2) NO USD VALUATION IS POSSIBLE -- ARS is refused by fx_rates.ABSTAIN_CURRENCIES and absent from carveOut.FX_TO_USD, so an ARS name has no marketCap_usd, sits in no band, and scores NEUTRAL on the size tilt while competing for the same slots. (3) NO PER-NAME CLEARANCE EXISTS -- separating a correctly IAS 29-restated series from a mishandled one needs a restatement-vintage audit this codebase does not perform. EXPLICITLY NOT CLAIMED OF EVERY ARS NAME: CRESY shows NO defect (worst adjacent ratio 5.0x vs BMA's 1,588x; 7.5x nominal rise vs BMA's 45.6x, i.e. BELOW Argentine inflation, which is what correct restatement looks like). CRESY is removed by this rule alone. Panel effect: 2 sources, 48 rows.] [ARS on 80/80 rows]",
stock_CUR6K@718712e8d985,CRESY,2017-07-01,293.2000026591957,16163955179.8,"currency_excluded [ARS: reports in ARS -- IAS 29 hyperinflation regime, no admitted ARS->USD rate, and this vendor is demonstrably wrong on ARS in this panel | CURRENCY-SCOPED RULE (CEO 2026-08-08): every ARS reporter is removed, whether or not its own series looks damaged. Grounds, measured on the 2026-08-07 CUR3K panel: (1) VENDOR DEFECT, on BMA -- totalAssets 2.325e16 between 2.056e13 and 2.420e13 (961x break) and revenue 1.201e9 between 1.443e12 and 1.907e12 (1,588x break), with marketCap continuous through both, so no market-cap sanity check can see it; BMA's nominal revenue also rises 45.6x over the window. (2) NO USD VALUATION IS POSSIBLE -- ARS is refused by fx_rates.ABSTAIN_CURRENCIES and absent from carveOut.FX_TO_USD, so an ARS name has no marketCap_usd, sits in no band, and scores NEUTRAL on the size tilt while competing for the same slots. (3) NO PER-NAME CLEARANCE EXISTS -- separating a correctly IAS 29-restated series from a mishandled one needs a restatement-vintage audit this codebase does not perform. EXPLICITLY NOT CLAIMED OF EVERY ARS NAME: CRESY shows NO defect (worst adjacent ratio 5.0x vs BMA's 1,588x; 7.5x nominal rise vs BMA's 45.6x, i.e. BELOW Argentine inflation, which is what correct restatement looks like). CRESY is removed by this rule alone. Panel effect: 2 sources, 48 rows.] [ARS on 80/80 rows]",
stock_CUR6K@718712e8d985,CRESY,2017-10-01,374.20000492117936,19917573223.74,"currency_excluded [ARS: reports in ARS -- IAS 29 hyperinflation regime, no admitted ARS->USD rate, and this vendor is demonstrably wrong on ARS in this panel | CURRENCY-SCOPED RULE (CEO 2026-08-08): every ARS reporter is removed, whether or not its own series looks damaged. Grounds, measured on the 2026-08-07 CUR3K panel: (1) VENDOR DEFECT, on BMA -- totalAssets 2.325e16 between 2.056e13 and 2.420e13 (961x break) and revenue 1.201e9 between 1.443e12 and 1.907e12 (1,588x break), with marketCap continuous through both, so no market-cap sanity check can see it; BMA's nominal revenue also rises 45.6x over the window. (2) NO USD VALUATION IS POSSIBLE -- ARS is refused by fx_rates.ABSTAIN_CURRENCIES and absent from carveOut.FX_TO_USD, so an ARS name has no marketCap_usd, sits in no band, and scores NEUTRAL on the size tilt while competing for the same slots. (3) NO PER-NAME CLEARANCE EXISTS -- separating a correctly IAS 29-restated series from a mishandled one needs a restatement-vintage audit this codebase does not perform. EXPLICITLY NOT CLAIMED OF EVERY ARS NAME: CRESY shows NO defect (worst adjacent ratio 5.0x vs BMA's 1,588x; 7.5x nominal rise vs BMA's 45.6x, i.e. BELOW Argentine inflation, which is what correct restatement looks like). CRESY is removed by this rule alone. Panel effect: 2 sources, 48 rows.] [ARS on 80/80 rows]",
stock_CUR6K@718712e8d985,CRESY,2018-01-01,377.8000021325595,20079089344.54,"currency_excluded [ARS: reports in ARS -- IAS 29 hyperinflation regime, no admitted ARS->USD rate, and this vendor is demonstrably wrong on ARS in this panel | CURRENCY-SCOPED RULE (CEO 2026-08-08): every ARS reporter is removed, whether or not its own series looks damaged. Grounds, measured on the 2026-08-07 CUR3K panel: (1) VENDOR DEFECT, on BMA -- totalAssets 2.325e16 between 2.056e13 and 2.420e13 (961x break) and revenue 1.201e9 between 1.443e12 and 1.907e12 (1,588x break), with marketCap continuous through both, so no market-cap sanity check can see it; BMA's nominal revenue also rises 45.6x over the window. (2) NO USD VALUATION IS POSSIBLE -- ARS is refused by fx_rates.ABSTAIN_CURRENCIES and absent from carveOut.FX_TO_USD, so an ARS name has no marketCap_usd, sits in no band, and scores NEUTRAL on the size tilt while competing for the same slots. (3) NO PER-NAME CLEARANCE EXISTS -- separating a correctly IAS 29-restated series from a mishandled one needs a restatement-vintage audit this codebase does not perform. EXPLICITLY NOT CLAIMED OF EVERY ARS NAME: CRESY shows NO defect (worst adjacent ratio 5.0x vs BMA's 1,588x; 7.5x nominal rise vs BMA's 45.6x, i.e. BELOW Argentine inflation, which is what correct restatement looks like). CRESY is removed by this rule alone. Panel effect: 2 sources, 48 rows.] [ARS on 80/80 rows]",
stock_CUR6K@718712e8d985,CRESY,2018-04-01,382.3000051260852,19958174768.91,"currency_excluded [ARS: reports in ARS -- IAS 29 hyperinflation regime, no admitted ARS->USD rate, and this vendor is demonstrably wrong on ARS in this panel | CURRENCY-SCOPED RULE (CEO 2026-08-08): every ARS reporter is removed, whether or not its own series looks damaged. Grounds, measured on the 2026-08-07 CUR3K panel: (1) VENDOR DEFECT, on BMA -- totalAssets 2.325e16 between 2.056e13 and 2.420e13 (961x break) and revenue 1.201e9 between 1.443e12 and 1.907e12 (1,588x break), with marketCap continuous through both, so no market-cap sanity check can see it; BMA's nominal revenue also rises 45.6x over the window. (2) NO USD VALUATION IS POSSIBLE -- ARS is refused by fx_rates.ABSTAIN_CURRENCIES and absent from carveOut.FX_TO_USD, so an ARS name has no marketCap_usd, sits in no band, and scores NEUTRAL on the size tilt while competing for the same slots. (3) NO PER-NAME CLEARANCE EXISTS -- separating a correctly IAS 29-restated series from a mishandled one needs a restatement-vintage audit this codebase does not perform. EXPLICITLY NOT CLAIMED OF EVERY ARS NAME: CRESY shows NO defect (worst adjacent ratio 5.0x vs BMA's 1,588x; 7.5x nominal rise vs BMA's 45.6x, i.e. BELOW Argentine inflation, which is what correct restatement looks like). CRESY is removed by this rule alone. Panel effect: 2 sources, 48 rows.] [ARS on 80/80 rows]",
stock_CUR6K@718712e8d985,CRESY,2018-07-01,491.40000000000003,24960896906.4,"currency_excluded [ARS: reports in ARS -- IAS 29 hyperinflation regime, no admitted ARS->USD rate, and this vendor is demonstrably wrong on ARS in this panel | CURRENCY-SCOPED RULE (CEO 2026-08-08): every ARS reporter is removed, whether or not its own series looks damaged. Grounds, measured on the 2026-08-07 CUR3K panel: (1) VENDOR DEFECT, on BMA -- totalAssets 2.325e16 between 2.056e13 and 2.420e13 (961x break) and revenue 1.201e9 between 1.443e12 and 1.907e12 (1,588x break), with marketCap continuous through both, so no market-cap sanity check can see it; BMA's nominal revenue also rises 45.6x over the window. (2) NO USD VALUATION IS POSSIBLE -- ARS is refused by fx_rates.ABSTAIN_CURRENCIES and absent from carveOut.FX_TO_USD, so an ARS name has no marketCap_usd, sits in no band, and scores NEUTRAL on the size tilt while competing for the same slots. (3) NO PER-NAME CLEARANCE EXISTS -- separating a correctly IAS 29-restated series from a mishandled one needs a restatement-vintage audit this codebase does not perform. EXPLICITLY NOT CLAIMED OF EVERY ARS NAME: CRESY shows NO defect (worst adjacent ratio 5.0x vs BMA's 1,588x; 7.5x nominal rise vs BMA's 45.6x, i.e. BELOW Argentine inflation, which is what correct restatement looks like). CRESY is removed by this rule alone. Panel effect: 2 sources, 48 rows.] [ARS on 80/80 rows]",
stock_CUR6K@718712e8d985,CRESY,2018-10-01,423.800001690184,21252886495.36,"currency_excluded [ARS: reports in ARS -- IAS 29 hyperinflation regime, no admitted ARS->USD rate, and this vendor is demonstrably wrong on ARS in this panel | CURRENCY-SCOPED RULE (CEO 2026-08-08): every ARS reporter is removed, whether or not its own series looks damaged. Grounds, measured on the 2026-08-07 CUR3K panel: (1) VENDOR DEFECT, on BMA -- totalAssets 2.325e16 between 2.056e13 and 2.420e13 (961x break) and revenue 1.201e9 between 1.443e12 and 1.907e12 (1,588x break), with marketCap continuous through both, so no market-cap sanity check can see it; BMA's nominal revenue also rises 45.6x over the window. (2) NO USD VALUATION IS POSSIBLE -- ARS is refused by fx_rates.ABSTAIN_CURRENCIES and absent from carveOut.FX_TO_USD, so an ARS name has no marketCap_usd, sits in no band, and scores NEUTRAL on the size tilt while competing for the same slots. (3) NO PER-NAME CLEARANCE EXISTS -- separating a correctly IAS 29-restated series from a mishandled one needs a restatement-vintage audit this codebase does not perform. EXPLICITLY NOT CLAIMED OF EVERY ARS NAME: CRESY shows NO defect (worst adjacent ratio 5.0x vs BMA's 1,588x; 7.5x nominal rise vs BMA's 45.6x, i.e. BELOW Argentine inflation, which is what correct restatement looks like). CRESY is removed by this rule alone. Panel effect: 2 sources, 48 rows.] [ARS on 80/80 rows]",
stock_CUR6K@718712e8d985,CRESY,2019-01-01,479.0000018478177,24833726355.8,"currency_excluded [ARS: reports in ARS -- IAS 29 hyperinflation regime, no admitted ARS->USD rate, and this vendor is demonstrably wrong on ARS in this panel | CURRENCY-SCOPED RULE (CEO 2026-08-08): every ARS reporter is removed, whether or not its own series looks damaged. Grounds, measured on the 2026-08-07 CUR3K panel: (1) VENDOR DEFECT, on BMA -- totalAssets 2.325e16 between 2.056e13 and 2.420e13 (961x break) and revenue 1.201e9 between 1.443e12 and 1.907e12 (1,588x break), with marketCap continuous through both, so no market-cap sanity check can see it; BMA's nominal revenue also rises 45.6x over the window. (2) NO USD VALUATION IS POSSIBLE -- ARS is refused by fx_rates.ABSTAIN_CURRENCIES and absent from carveOut.FX_TO_USD, so an ARS name has no marketCap_usd, sits in no band, and scores NEUTRAL on the size tilt while competing for the same slots. (3) NO PER-NAME CLEARANCE EXISTS -- separating a correctly IAS 29-restated series from a mishandled one needs a restatement-vintage audit this codebase does not perform. EXPLICITLY NOT CLAIMED OF EVERY ARS NAME: CRESY shows NO defect (worst adjacent ratio 5.0x vs BMA's 1,588x; 7.5x nominal rise vs BMA's 45.6x, i.e. BELOW Argentine inflation, which is what correct restatement looks like). CRESY is removed by this rule alone. Panel effect: 2 sources, 48 rows.] [ARS on 80/80 rows]",
stock_CUR6K@718712e8d985,CRESY,2019-04-01,459.10000088809824,23733050129.809998,"currency_excluded [ARS: reports in ARS -- IAS 29 hyperinflation regime, no admitted ARS->USD rate, and this vendor is demonstrably wrong on ARS in this panel | CURRENCY-SCOPED RULE (CEO 2026-08-08): every ARS reporter is removed, whether or not its own series looks damaged. Grounds, measured on the 2026-08-07 CUR3K panel: (1) VENDOR DEFECT, on BMA -- totalAssets 2.325e16 between 2.056e13 and 2.420e13 (961x break) and revenue 1.201e9 between 1.443e12 and 1.907e12 (1,588x break), with marketCap continuous through both, so no market-cap sanity check can see it; BMA's nominal revenue also rises 45.6x over the window. (2) NO USD VALUATION IS POSSIBLE -- ARS is refused by fx_rates.ABSTAIN_CURRENCIES and absent from carveOut.FX_TO_USD, so an ARS name has no marketCap_usd, sits in no band, and scores NEUTRAL on the size tilt while competing for the same slots. (3) NO PER-NAME CLEARANCE EXISTS -- separating a correctly IAS 29-restated series from a mishandled one needs a restatement-vintage audit this codebase does not perform. EXPLICITLY NOT CLAIMED OF EVERY ARS NAME: CRESY shows NO defect (worst adjacent ratio 5.0x vs BMA's 1,588x; 7.5x nominal rise vs BMA's 45.6x, i.e. BELOW Argentine inflation, which is what correct restatement looks like). CRESY is removed by this rule alone. Panel effect: 2 sources, 48 rows.] [ARS on 80/80 rows]",
stock_CUR6K@718712e8d985,CRESY,2019-07-01,350.10000069796234,17561120714.91,"currency_excluded [ARS: reports in ARS -- IAS 29 hyperinflation regime, no admitted ARS->USD rate, and this vendor is demonstrably wrong on ARS in this panel | CURRENCY-SCOPED RULE (CEO 2026-08-08): every ARS reporter is removed, whether or not its own series looks damaged. Grounds, measured on the 2026-08-07 CUR3K panel: (1) VENDOR DEFECT, on BMA -- totalAssets 2.325e16 between 2.056e13 and 2.420e13 (961x break) and revenue 1.201e9 between 1.443e12 and 1.907e12 (1,588x break), with marketCap continuous through both, so no market-cap sanity check can see it; BMA's nominal revenue also rises 45.6x over the window. (2) NO USD VALUATION IS POSSIBLE -- ARS is refused by fx_rates.ABSTAIN_CURRENCIES and absent from carveOut.FX_TO_USD, so an ARS name has no marketCap_usd, sits in no band, and scores NEUTRAL on the size tilt while competing for the same slots. (3) NO PER-NAME CLEARANCE EXISTS -- separating a correctly IAS 29-restated series from a mishandled one needs a restatement-vintage audit this codebase does not perform. EXPLICITLY NOT CLAIMED OF EVERY ARS NAME: CRESY shows NO defect (worst adjacent ratio 5.0x vs BMA's 1,588x; 7.5x nominal rise vs BMA's 45.6x, i.e. BELOW Argentine inflation, which is what correct restatement looks like). CRESY is removed by this rule alone. Panel effect: 2 sources, 48 rows.] [ARS on 80/80 rows]",
stock_CUR6K@718712e8d985,CRESY,2019-10-01,508.20000301431355,25704084820.26,"currency_excluded [ARS: reports in ARS -- IAS 29 hyperinflation regime, no admitted ARS->USD rate, and this vendor is demonstrably wrong on ARS in this panel | CURRENCY-SCOPED RULE (CEO 2026-08-08): every ARS reporter is removed, whether or not its own series looks damaged. Grounds, measured on the 2026-08-07 CUR3K panel: (1) VENDOR DEFECT, on BMA -- totalAssets 2.325e16 between 2.056e13 and 2.420e13 (961x break) and revenue 1.201e9 between 1.443e12 and 1.907e12 (1,588x break), with marketCap continuous through both, so no market-cap sanity check can see it; BMA's nominal revenue also rises 45.6x over the window. (2) NO USD VALUATION IS POSSIBLE -- ARS is refused by fx_rates.ABSTAIN_CURRENCIES and absent from carveOut.FX_TO_USD, so an ARS name has no marketCap_usd, sits in no band, and scores NEUTRAL on the size tilt while competing for the same slots. (3) NO PER-NAME CLEARANCE EXISTS -- separating a correctly IAS 29-restated series from a mishandled one needs a restatement-vintage audit this codebase does not perform. EXPLICITLY NOT CLAIMED OF EVERY ARS NAME: CRESY shows NO defect (worst adjacent ratio 5.0x vs BMA's 1,588x; 7.5x nominal rise vs BMA's 45.6x, i.e. BELOW Argentine inflation, which is what correct restatement looks like). CRESY is removed by this rule alone. Panel effect: 2 sources, 48 rows.] [ARS on 80/80 rows]",
stock_CUR6K@718712e8d985,CRESY,2020-01-01,280.500001625298,14522921244.15,"currency_excluded [ARS: reports in ARS -- IAS 29 hyperinflation regime, no admitted ARS->USD rate, and this vendor is demonstrably wrong on ARS in this panel | CURRENCY-SCOPED RULE (CEO 2026-08-08): every ARS reporter is removed, whether or not its own series looks damaged. Grounds, measured on the 2026-08-07 CUR3K panel: (1) VENDOR DEFECT, on BMA -- totalAssets 2.325e16 between 2.056e13 and 2.420e13 (961x break) and revenue 1.201e9 between 1.443e12 and 1.907e12 (1,588x break), with marketCap continuous through both, so no market-cap sanity check can see it; BMA's nominal revenue also rises 45.6x over the window. (2) NO USD VALUATION IS POSSIBLE -- ARS is refused by fx_rates.ABSTAIN_CURRENCIES and absent from carveOut.FX_TO_USD, so an ARS name has no marketCap_usd, sits in no band, and scores NEUTRAL on the size tilt while competing for the same slots. (3) NO PER-NAME CLEARANCE EXISTS -- separating a correctly IAS 29-restated series from a mishandled one needs a restatement-vintage audit this codebase does not perform. EXPLICITLY NOT CLAIMED OF EVERY ARS NAME: CRESY shows NO defect (worst adjacent ratio 5.0x vs BMA's 1,588x; 7.5x nominal rise vs BMA's 45.6x, i.e. BELOW Argentine inflation, which is what correct restatement looks like). CRESY is removed by this rule alone. Panel effect: 2 sources, 48 rows.] [ARS on 80/80 rows]",
stock_CUR6K@718712e8d985,CRESY,2020-04-01,306.70000118786794,15837601312.640001,"currency_excluded [ARS: reports in ARS -- IAS 29 hyperinflation regime, no admitted ARS->USD rate, and this vendor is demonstrably wrong on ARS in this panel | CURRENCY-SCOPED RULE (CEO 2026-08-08): every ARS reporter is removed, whether or not its own series looks damaged. Grounds, measured on the 2026-08-07 CUR3K panel: (1) VENDOR DEFECT, on BMA -- totalAssets 2.325e16 between 2.056e13 and 2.420e13 (961x break) and revenue 1.201e9 between 1.443e12 and 1.907e12 (1,588x break), with marketCap continuous through both, so no market-cap sanity check can see it; BMA's nominal revenue also rises 45.6x over the window. (2) NO USD VALUATION IS POSSIBLE -- ARS is refused by fx_rates.ABSTAIN_CURRENCIES and absent from carveOut.FX_TO_USD, so an ARS name has no marketCap_usd, sits in no band, and scores NEUTRAL on the size tilt while competing for the same slots. (3) NO PER-NAME CLEARANCE EXISTS -- separating a correctly IAS 29-restated series from a mishandled one needs a restatement-vintage audit this codebase does not perform. EXPLICITLY NOT CLAIMED OF EVERY ARS NAME: CRESY shows NO defect (worst adjacent ratio 5.0x vs BMA's 1,588x; 7.5x nominal rise vs BMA's 45.6x, i.e. BELOW Argentine inflation, which is what correct restatement looks like). CRESY is removed by this rule alone. Panel effect: 2 sources, 48 rows.] [ARS on 80/80 rows]",
stock_CUR6K@718712e8d985,CRESY,2020-07-01,388.00000224818405,20088746676.399998,"currency_excluded [ARS: reports in ARS -- IAS 29 hyperinflation regime, no admitted ARS->USD rate, and this vendor is demonstrably wrong on ARS in this panel | CURRENCY-SCOPED RULE (CEO 2026-08-08): every ARS reporter is removed, whether or not its own series looks damaged. Grounds, measured on the 2026-08-07 CUR3K panel: (1) VENDOR DEFECT, on BMA -- totalAssets 2.325e16 between 2.056e13 and 2.420e13 (961x break) and revenue 1.201e9 between 1.443e12 and 1.907e12 (1,588x break), with marketCap continuous through both, so no market-cap sanity check can see it; BMA's nominal revenue also rises 45.6x over the window. (2) NO USD VALUATION IS POSSIBLE -- ARS is refused by fx_rates.ABSTAIN_CURRENCIES and absent from carveOut.FX_TO_USD, so an ARS name has no marketCap_usd, sits in no band, and scores NEUTRAL on the size tilt while competing for the same slots. (3) NO PER-NAME CLEARANCE EXISTS -- separating a correctly IAS 29-restated series from a mishandled one needs a restatement-vintage audit this codebase does not perform. EXPLICITLY NOT CLAIMED OF EVERY ARS NAME: CRESY shows NO defect (worst adjacent ratio 5.0x vs BMA's 1,588x; 7.5x nominal rise vs BMA's 45.6x, i.e. BELOW Argentine inflation, which is what correct restatement looks like). CRESY is removed by this rule alone. Panel effect: 2 sources, 48 rows.] [ARS on 80/80 rows]",
stock_CUR6K@718712e8d985,CRESY,2020-10-01,624.9000084953697,32176352647.23,"currency_excluded [ARS: reports in ARS -- IAS 29 hyperinflation regime, no admitted ARS->USD rate, and this vendor is demonstrably wrong on ARS in this panel | CURRENCY-SCOPED RULE (CEO 2026-08-08): every ARS reporter is removed, whether or not its own series looks damaged. Grounds, measured on the 2026-08-07 CUR3K panel: (1) VENDOR DEFECT, on BMA -- totalAssets 2.325e16 between 2.056e13 and 2.420e13 (961x break) and revenue 1.201e9 between 1.443e12 and 1.907e12 (1,588x break), with marketCap continuous through both, so no market-cap sanity check can see it; BMA's nominal revenue also rises 45.6x over the window. (2) NO USD VALUATION IS POSSIBLE -- ARS is refused by fx_rates.ABSTAIN_CURRENCIES and absent from carveOut.FX_TO_USD, so an ARS name has no marketCap_usd, sits in no band, and scores NEUTRAL on the size tilt while competing for the same slots. (3) NO PER-NAME CLEARANCE EXISTS -- separating a correctly IAS 29-restated series from a mishandled one needs a restatement-vintage audit this codebase does not perform. EXPLICITLY NOT CLAIMED OF EVERY ARS NAME: CRESY shows NO defect (worst adjacent ratio 5.0x vs BMA's 1,588x; 7.5x nominal rise vs BMA's 45.6x, i.e. BELOW Argentine inflation, which is what correct restatement looks like). CRESY is removed by this rule alone. Panel effect: 2 sources, 48 rows.] [ARS on 80/80 rows]",
stock_CUR6K@718712e8d985,CRESY,2021-01-01,748.000011024477,45675963181.2,"currency_excluded [ARS: reports in ARS -- IAS 29 hyperinflation regime, no admitted ARS->USD rate, and this vendor is demonstrably wrong on ARS in this panel | CURRENCY-SCOPED RULE (CEO 2026-08-08): every ARS reporter is removed, whether or not its own series looks damaged. Grounds, measured on the 2026-08-07 CUR3K panel: (1) VENDOR DEFECT, on BMA -- totalAssets 2.325e16 between 2.056e13 and 2.420e13 (961x break) and revenue 1.201e9 between 1.443e12 and 1.907e12 (1,588x break), with marketCap continuous through both, so no market-cap sanity check can see it; BMA's nominal revenue also rises 45.6x over the window. (2) NO USD VALUATION IS POSSIBLE -- ARS is refused by fx_rates.ABSTAIN_CURRENCIES and absent from carveOut.FX_TO_USD, so an ARS name has no marketCap_usd, sits in no band, and scores NEUTRAL on the size tilt while competing for the same slots. (3) NO PER-NAME CLEARANCE EXISTS -- separating a correctly IAS 29-restated series from a mishandled one needs a restatement-vintage audit this codebase does not perform. EXPLICITLY NOT CLAIMED OF EVERY ARS NAME: CRESY shows NO defect (worst adjacent ratio 5.0x vs BMA's 1,588x; 7.5x nominal rise vs BMA's 45.6x, i.e. BELOW Argentine inflation, which is what correct restatement looks like). CRESY is removed by this rule alone. Panel effect: 2 sources, 48 rows.] [ARS on 80/80 rows]",
stock_CUR6K@718712e8d985,CRESY,2021-04-01,983.4000119166905,56807123440.98,"currency_excluded [ARS: reports in ARS -- IAS 29 hyperinflation regime, no admitted ARS->USD rate, and this vendor is demonstrably wrong on ARS in this panel | CURRENCY-SCOPED RULE (CEO 2026-08-08): every ARS reporter is removed, whether or not its own series looks damaged. Grounds, measured on the 2026-08-07 CUR3K panel: (1) VENDOR DEFECT, on BMA -- totalAssets 2.325e16 between 2.056e13 and 2.420e13 (961x break) and revenue 1.201e9 between 1.443e12 and 1.907e12 (1,588x break), with marketCap continuous through both, so no market-cap sanity check can see it; BMA's nominal revenue also rises 45.6x over the window. (2) NO USD VALUATION IS POSSIBLE -- ARS is refused by fx_rates.ABSTAIN_CURRENCIES and absent from carveOut.FX_TO_USD, so an ARS name has no marketCap_usd, sits in no band, and scores NEUTRAL on the size tilt while competing for the same slots. (3) NO PER-NAME CLEARANCE EXISTS -- separating a correctly IAS 29-restated series from a mishandled one needs a restatement-vintage audit this codebase does not perform. EXPLICITLY NOT CLAIMED OF EVERY ARS NAME: CRESY shows NO defect (worst adjacent ratio 5.0x vs BMA's 1,588x; 7.5x nominal rise vs BMA's 45.6x, i.e. BELOW Argentine inflation, which is what correct restatement looks like). CRESY is removed by this rule alone. Panel effect: 2 sources, 48 rows.] [ARS on 80/80 rows]",
stock_CUR6K@718712e8d985,CRESY,2021-07-01,919.0000060664098,55687699554.600006,"currency_excluded [ARS: reports in ARS -- IAS 29 hyperinflation regime, no admitted ARS->USD rate, and this vendor is demonstrably wrong on ARS in this panel | CURRENCY-SCOPED RULE (CEO 2026-08-08): every ARS reporter is removed, whether or not its own series looks damaged. Grounds, measured on the 2026-08-07 CUR3K panel: (1) VENDOR DEFECT, on BMA -- totalAssets 2.325e16 between 2.056e13 and 2.420e13 (961x break) and revenue 1.201e9 between 1.443e12 and 1.907e12 (1,588x break), with marketCap continuous through both, so no market-cap sanity check can see it; BMA's nominal revenue also rises 45.6x over the window. (2) NO USD VALUATION IS POSSIBLE -- ARS is refused by fx_rates.ABSTAIN_CURRENCIES and absent from carveOut.FX_TO_USD, so an ARS name has no marketCap_usd, sits in no band, and scores NEUTRAL on the size tilt while competing for the same slots. (3) NO PER-NAME CLEARANCE EXISTS -- separating a correctly IAS 29-restated series from a mishandled one needs a restatement-vintage audit this codebase does not perform. EXPLICITLY NOT CLAIMED OF EVERY ARS NAME: CRESY shows NO defect (worst adjacent ratio 5.0x vs BMA's 1,588x; 7.5x nominal rise vs BMA's 45.6x, i.e. BELOW Argentine inflation, which is what correct restatement looks like). CRESY is removed by this rule alone. Panel effect: 2 sources, 48 rows.] [ARS on 80/80 rows]",
stock_CUR6K@718712e8d985,CRESY,2021-10-01,952.9000015638782,58061966630.590004,"currency_excluded [ARS: reports in ARS -- IAS 29 hyperinflation regime, no admitted ARS->USD rate, and this vendor is demonstrably wrong on ARS in this panel | CURRENCY-SCOPED RULE (CEO 2026-08-08): every ARS reporter is removed, whether or not its own series looks damaged. Grounds, measured on the 2026-08-07 CUR3K panel: (1) VENDOR DEFECT, on BMA -- totalAssets 2.325e16 between 2.056e13 and 2.420e13 (961x break) and revenue 1.201e9 between 1.443e12 and 1.907e12 (1,588x break), with marketCap continuous through both, so no market-cap sanity check can see it; BMA's nominal revenue also rises 45.6x over the window. (2) NO USD VALUATION IS POSSIBLE -- ARS is refused by fx_rates.ABSTAIN_CURRENCIES and absent from carveOut.FX_TO_USD, so an ARS name has no marketCap_usd, sits in no band, and scores NEUTRAL on the size tilt while competing for the same slots. (3) NO PER-NAME CLEARANCE EXISTS -- separating a correctly IAS 29-restated series from a mishandled one needs a restatement-vintage audit this codebase does not perform. EXPLICITLY NOT CLAIMED OF EVERY ARS NAME: CRESY shows NO defect (worst adjacent ratio 5.0x vs BMA's 1,588x; 7.5x nominal rise vs BMA's 45.6x, i.e. BELOW Argentine inflation, which is what correct restatement looks like). CRESY is removed by this rule alone. Panel effect: 2 sources, 48 rows.] [ARS on 80/80 rows]",
stock_CUR6K@718712e8d985,CRESY,2022-01-01,1515.8000099571395,92301597879.92001,"currency_excluded [ARS: reports in ARS -- IAS 29 hyperinflation regime, no admitted ARS->USD rate, and this vendor is demonstrably wrong on ARS in this panel | CURRENCY-SCOPED RULE (CEO 2026-08-08): every ARS reporter is removed, whether or not its own series looks damaged. Grounds, measured on the 2026-08-07 CUR3K panel: (1) VENDOR DEFECT, on BMA -- totalAssets 2.325e16 between 2.056e13 and 2.420e13 (961x break) and revenue 1.201e9 between 1.443e12 and 1.907e12 (1,588x break), with marketCap continuous through both, so no market-cap sanity check can see it; BMA's nominal revenue also rises 45.6x over the window. (2) NO USD VALUATION IS POSSIBLE -- ARS is refused by fx_rates.ABSTAIN_CURRENCIES and absent from carveOut.FX_TO_USD, so an ARS name has no marketCap_usd, sits in no band, and scores NEUTRAL on the size tilt while competing for the same slots. (3) NO PER-NAME CLEARANCE EXISTS -- separating a correctly IAS 29-restated series from a mishandled one needs a restatement-vintage audit this codebase does not perform. EXPLICITLY NOT CLAIMED OF EVERY ARS NAME: CRESY shows NO defect (worst adjacent ratio 5.0x vs BMA's 1,588x; 7.5x nominal rise vs BMA's 45.6x, i.e. BELOW Argentine inflation, which is what correct restatement looks like). CRESY is removed by this rule alone. Panel effect: 2 sources, 48 rows.] [ARS on 80/80 rows]",
stock_CUR6K@718712e8d985,CRESY,2022-04-01,1244.1000145315045,85209886741.98,"currency_excluded [ARS: reports in ARS -- IAS 29 hyperinflation regime, no admitted ARS->USD rate, and this vendor is demonstrably wrong on ARS in this panel | CURRENCY-SCOPED RULE (CEO 2026-08-08): every ARS reporter is removed, whether or not its own series looks damaged. Grounds, measured on the 2026-08-07 CUR3K panel: (1) VENDOR DEFECT, on BMA -- totalAssets 2.325e16 between 2.056e13 and 2.420e13 (961x break) and revenue 1.201e9 between 1.443e12 and 1.907e12 (1,588x break), with marketCap continuous through both, so no market-cap sanity check can see it; BMA's nominal revenue also rises 45.6x over the window. (2) NO USD VALUATION IS POSSIBLE -- ARS is refused by fx_rates.ABSTAIN_CURRENCIES and absent from carveOut.FX_TO_USD, so an ARS name has no marketCap_usd, sits in no band, and scores NEUTRAL on the size tilt while competing for the same slots. (3) NO PER-NAME CLEARANCE EXISTS -- separating a correctly IAS 29-restated series from a mishandled one needs a restatement-vintage audit this codebase does not perform. EXPLICITLY NOT CLAIMED OF EVERY ARS NAME: CRESY shows NO defect (worst adjacent ratio 5.0x vs BMA's 1,588x; 7.5x nominal rise vs BMA's 45.6x, i.e. BELOW Argentine inflation, which is what correct restatement looks like). CRESY is removed by this rule alone. Panel effect: 2 sources, 48 rows.] [ARS on 80/80 rows]",
stock_CUR6K@718712e8d985,CRESY,2022-07-01,1645.7000166757696,113687703825.29,"currency_excluded [ARS: reports in ARS -- IAS 29 hyperinflation regime, no admitted ARS->USD rate, and this vendor is demonstrably wrong on ARS in this panel | CURRENCY-SCOPED RULE (CEO 2026-08-08): every ARS reporter is removed, whether or not its own series looks damaged. Grounds, measured on the 2026-08-07 CUR3K panel: (1) VENDOR DEFECT, on BMA -- totalAssets 2.325e16 between 2.056e13 and 2.420e13 (961x break) and revenue 1.201e9 between 1.443e12 and 1.907e12 (1,588x break), with marketCap continuous through both, so no market-cap sanity check can see it; BMA's nominal revenue also rises 45.6x over the window. (2) NO USD VALUATION IS POSSIBLE -- ARS is refused by fx_rates.ABSTAIN_CURRENCIES and absent from carveOut.FX_TO_USD, so an ARS name has no marketCap_usd, sits in no band, and scores NEUTRAL on the size tilt while competing for the same slots. (3) NO PER-NAME CLEARANCE EXISTS -- separating a correctly IAS 29-restated series from a mishandled one needs a restatement-vintage audit this codebase does not perform. EXPLICITLY NOT CLAIMED OF EVERY ARS NAME: CRESY shows NO defect (worst adjacent ratio 5.0x vs BMA's 1,588x; 7.5x nominal rise vs BMA's 45.6x, i.e. BELOW Argentine inflation, which is what correct restatement looks like). CRESY is removed by this rule alone. Panel effect: 2 sources, 48 rows.] [ARS on 80/80 rows]",
stock_CUR6K@718712e8d985,CRESY,2022-10-01,2257.5000267484547,133368990672.75,"currency_excluded [ARS: reports in ARS -- IAS 29 hyperinflation regime, no admitted ARS->USD rate, and this vendor is demonstrably wrong on ARS in this panel | CURRENCY-SCOPED RULE (CEO 2026-08-08): every ARS reporter is removed, whether or not its own series looks damaged. Grounds, measured on the 2026-08-07 CUR3K panel: (1) VENDOR DEFECT, on BMA -- totalAssets 2.325e16 between 2.056e13 and 2.420e13 (961x break) and revenue 1.201e9 between 1.443e12 and 1.907e12 (1,588x break), with marketCap continuous through both, so no market-cap sanity check can see it; BMA's nominal revenue also rises 45.6x over the window. (2) NO USD VALUATION IS POSSIBLE -- ARS is refused by fx_rates.ABSTAIN_CURRENCIES and absent from carveOut.FX_TO_USD, so an ARS name has no marketCap_usd, sits in no band, and scores NEUTRAL on the size tilt while competing for the same slots. (3) NO PER-NAME CLEARANCE EXISTS -- separating a correctly IAS 29-restated series from a mishandled one needs a restatement-vintage audit this codebase does not perform. EXPLICITLY NOT CLAIMED OF EVERY ARS NAME: CRESY shows NO defect (worst adjacent ratio 5.0x vs BMA's 1,588x; 7.5x nominal rise vs BMA's 45.6x, i.e. BELOW Argentine inflation, which is what correct restatement looks like). CRESY is removed by this rule alone. Panel effect: 2 sources, 48 rows.] [ARS on 80/80 rows]",
stock_CUR6K@718712e8d985,CRESY,2023-01-01,2502.6000041640696,150405917394.06,"currency_excluded [ARS: reports in ARS -- IAS 29 hyperinflation regime, no admitted ARS->USD rate, and this vendor is demonstrably wrong on ARS in this panel | CURRENCY-SCOPED RULE (CEO 2026-08-08): every ARS reporter is removed, whether or not its own series looks damaged. Grounds, measured on the 2026-08-07 CUR3K panel: (1) VENDOR DEFECT, on BMA -- totalAssets 2.325e16 between 2.056e13 and 2.420e13 (961x break) and revenue 1.201e9 between 1.443e12 and 1.907e12 (1,588x break), with marketCap continuous through both, so no market-cap sanity check can see it; BMA's nominal revenue also rises 45.6x over the window. (2) NO USD VALUATION IS POSSIBLE -- ARS is refused by fx_rates.ABSTAIN_CURRENCIES and absent from carveOut.FX_TO_USD, so an ARS name has no marketCap_usd, sits in no band, and scores NEUTRAL on the size tilt while competing for the same slots. (3) NO PER-NAME CLEARANCE EXISTS -- separating a correctly IAS 29-restated series from a mishandled one needs a restatement-vintage audit this codebase does not perform. EXPLICITLY NOT CLAIMED OF EVERY ARS NAME: CRESY shows NO defect (worst adjacent ratio 5.0x vs BMA's 1,588x; 7.5x nominal rise vs BMA's 45.6x, i.e. BELOW Argentine inflation, which is what correct restatement looks like). CRESY is removed by this rule alone. Panel effect: 2 sources, 48 rows.] [ARS on 80/80 rows]",
stock_CUR6K@718712e8d985,CRESY,2023-04-01,3973.8000060966624,259011978414.78,"currency_excluded [ARS: reports in ARS -- IAS 29 hyperinflation regime, no admitted ARS->USD rate, and this vendor is demonstrably wrong on ARS in this panel | CURRENCY-SCOPED RULE (CEO 2026-08-08): every ARS reporter is removed, whether or not its own series looks damaged. Grounds, measured on the 2026-08-07 CUR3K panel: (1) VENDOR DEFECT, on BMA -- totalAssets 2.325e16 between 2.056e13 and 2.420e13 (961x break) and revenue 1.201e9 between 1.443e12 and 1.907e12 (1,588x break), with marketCap continuous through both, so no market-cap sanity check can see it; BMA's nominal revenue also rises 45.6x over the window. (2) NO USD VALUATION IS POSSIBLE -- ARS is refused by fx_rates.ABSTAIN_CURRENCIES and absent from carveOut.FX_TO_USD, so an ARS name has no marketCap_usd, sits in no band, and scores NEUTRAL on the size tilt while competing for the same slots. (3) NO PER-NAME CLEARANCE EXISTS -- separating a correctly IAS 29-restated series from a mishandled one needs a restatement-vintage audit this codebase does not perform. EXPLICITLY NOT CLAIMED OF EVERY ARS NAME: CRESY shows NO defect (worst adjacent ratio 5.0x vs BMA's 1,588x; 7.5x nominal rise vs BMA's 45.6x, i.e. BELOW Argentine inflation, which is what correct restatement looks like). CRESY is removed by this rule alone. Panel effect: 2 sources, 48 rows.] [ARS on 80/80 rows]",
stock_CUR6K@718712e8d985,CRESY,2023-07-01,5504.300013845364,437652866266.36,"currency_excluded [ARS: reports in ARS -- IAS 29 hyperinflation regime, no admitted ARS->USD rate, and this vendor is demonstrably wrong on ARS in this panel | CURRENCY-SCOPED RULE (CEO 2026-08-08): every ARS reporter is removed, whether or not its own series looks damaged. Grounds, measured on the 2026-08-07 CUR3K panel: (1) VENDOR DEFECT, on BMA -- totalAssets 2.325e16 between 2.056e13 and 2.420e13 (961x break) and revenue 1.201e9 between 1.443e12 and 1.907e12 (1,588x break), with marketCap continuous through both, so no market-cap sanity check can see it; BMA's nominal revenue also rises 45.6x over the window. (2) NO USD VALUATION IS POSSIBLE -- ARS is refused by fx_rates.ABSTAIN_CURRENCIES and absent from carveOut.FX_TO_USD, so an ARS name has no marketCap_usd, sits in no band, and scores NEUTRAL on the size tilt while competing for the same slots. (3) NO PER-NAME CLEARANCE EXISTS -- separating a correctly IAS 29-restated series from a mishandled one needs a restatement-vintage audit this codebase does not perform. EXPLICITLY NOT CLAIMED OF EVERY ARS NAME: CRESY shows NO defect (worst adjacent ratio 5.0x vs BMA's 1,588x; 7.5x nominal rise vs BMA's 45.6x, i.e. BELOW Argentine inflation, which is what correct restatement looks like). CRESY is removed by this rule alone. Panel effect: 2 sources, 48 rows.] [ARS on 80/80 rows]",
stock_CUR6K@718712e8d985,CRESY,2023-10-01,9305.5,559285674850.0,"currency_excluded [ARS: reports in ARS -- IAS 29 hyperinflation regime, no admitted ARS->USD rate, and this vendor is demonstrably wrong on ARS in this panel | CURRENCY-SCOPED RULE (CEO 2026-08-08): every ARS reporter is removed, whether or not its own series looks damaged. Grounds, measured on the 2026-08-07 CUR3K panel: (1) VENDOR DEFECT, on BMA -- totalAssets 2.325e16 between 2.056e13 and 2.420e13 (961x break) and revenue 1.201e9 between 1.443e12 and 1.907e12 (1,588x break), with marketCap continuous through both, so no market-cap sanity check can see it; BMA's nominal revenue also rises 45.6x over the window. (2) NO USD VALUATION IS POSSIBLE -- ARS is refused by fx_rates.ABSTAIN_CURRENCIES and absent from carveOut.FX_TO_USD, so an ARS name has no marketCap_usd, sits in no band, and scores NEUTRAL on the size tilt while competing for the same slots. (3) NO PER-NAME CLEARANCE EXISTS -- separating a correctly IAS 29-restated series from a mishandled one needs a restatement-vintage audit this codebase does not perform. EXPLICITLY NOT CLAIMED OF EVERY ARS NAME: CRESY shows NO defect (worst adjacent ratio 5.0x vs BMA's 1,588x; 7.5x nominal rise vs BMA's 45.6x, i.e. BELOW Argentine inflation, which is what correct restatement looks like). CRESY is removed by this rule alone. Panel effect: 2 sources, 48 rows.] [ARS on 80/80 rows]",
stock_CUR6K@718712e8d985,CRESY,2024-01-01,9672.5,568972238250.0,"currency_excluded [ARS: reports in ARS -- IAS 29 hyperinflation regime, no admitted ARS->USD rate, and this vendor is demonstrably wrong on ARS in this panel | CURRENCY-SCOPED RULE (CEO 2026-08-08): every ARS reporter is removed, whether or not its own series looks damaged. Grounds, measured on the 2026-08-07 CUR3K panel: (1) VENDOR DEFECT, on BMA -- totalAssets 2.325e16 between 2.056e13 and 2.420e13 (961x break) and revenue 1.201e9 between 1.443e12 and 1.907e12 (1,588x break), with marketCap continuous through both, so no market-cap sanity check can see it; BMA's nominal revenue also rises 45.6x over the window. (2) NO USD VALUATION IS POSSIBLE -- ARS is refused by fx_rates.ABSTAIN_CURRENCIES and absent from carveOut.FX_TO_USD, so an ARS name has no marketCap_usd, sits in no band, and scores NEUTRAL on the size tilt while competing for the same slots. (3) NO PER-NAME CLEARANCE EXISTS -- separating a correctly IAS 29-restated series from a mishandled one needs a restatement-vintage audit this codebase does not perform. EXPLICITLY NOT CLAIMED OF EVERY ARS NAME: CRESY shows NO defect (worst adjacent ratio 5.0x vs BMA's 1,588x; 7.5x nominal rise vs BMA's 45.6x, i.e. BELOW Argentine inflation, which is what correct restatement looks like). CRESY is removed by this rule alone. Panel effect: 2 sources, 48 rows.] [ARS on 80/80 rows]",
stock_CUR6K@718712e8d985,CRESY,2024-04-01,11088.0,784387296000.0,"currency_excluded [ARS: reports in ARS -- IAS 29 hyperinflation regime, no admitted ARS->USD rate, and this vendor is demonstrably wrong on ARS in this panel | CURRENCY-SCOPED RULE (CEO 2026-08-08): every ARS reporter is removed, whether or not its own series looks damaged. Grounds, measured on the 2026-08-07 CUR3K panel: (1) VENDOR DEFECT, on BMA -- totalAssets 2.325e16 between 2.056e13 and 2.420e13 (961x break) and revenue 1.201e9 between 1.443e12 and 1.907e12 (1,588x break), with marketCap continuous through both, so no market-cap sanity check can see it; BMA's nominal revenue also rises 45.6x over the window. (2) NO USD VALUATION IS POSSIBLE -- ARS is refused by fx_rates.ABSTAIN_CURRENCIES and absent from carveOut.FX_TO_USD, so an ARS name has no marketCap_usd, sits in no band, and scores NEUTRAL on the size tilt while competing for the same slots. (3) NO PER-NAME CLEARANCE EXISTS -- separating a correctly IAS 29-restated series from a mishandled one needs a restatement-vintage audit this codebase does not perform. EXPLICITLY NOT CLAIMED OF EVERY ARS NAME: CRESY shows NO defect (worst adjacent ratio 5.0x vs BMA's 1,588x; 7.5x nominal rise vs BMA's 45.6x, i.e. BELOW Argentine inflation, which is what correct restatement looks like). CRESY is removed by this rule alone. Panel effect: 2 sources, 48 rows.] [ARS on 80/80 rows]",
stock_CUR6K@718712e8d985,CRESY,2024-07-01,10750.0,641521300000.0,"currency_excluded [ARS: reports in ARS -- IAS 29 hyperinflation regime, no admitted ARS->USD rate, and this vendor is demonstrably wrong on ARS in this panel | CURRENCY-SCOPED RULE (CEO 2026-08-08): every ARS reporter is removed, whether or not its own series looks damaged. Grounds, measured on the 2026-08-07 CUR3K panel: (1) VENDOR DEFECT, on BMA -- totalAssets 2.325e16 between 2.056e13 and 2.420e13 (961x break) and revenue 1.201e9 between 1.443e12 and 1.907e12 (1,588x break), with marketCap continuous through both, so no market-cap sanity check can see it; BMA's nominal revenue also rises 45.6x over the window. (2) NO USD VALUATION IS POSSIBLE -- ARS is refused by fx_rates.ABSTAIN_CURRENCIES and absent from carveOut.FX_TO_USD, so an ARS name has no marketCap_usd, sits in no band, and scores NEUTRAL on the size tilt while competing for the same slots. (3) NO PER-NAME CLEARANCE EXISTS -- separating a correctly IAS 29-restated series from a mishandled one needs a restatement-vintage audit this codebase does not perform. EXPLICITLY NOT CLAIMED OF EVERY ARS NAME: CRESY shows NO defect (worst adjacent ratio 5.0x vs BMA's 1,588x; 7.5x nominal rise vs BMA's 45.6x, i.e. BELOW Argentine inflation, which is what correct restatement looks like). CRESY is removed by this rule alone. Panel effect: 2 sources, 48 rows.] [ARS on 80/80 rows]",
stock_CUR6K@718712e8d985,CRESY,2024-10-01,14950.0,891028970000.0,"currency_excluded [ARS: reports in ARS -- IAS 29 hyperinflation regime, no admitted ARS->USD rate, and this vendor is demonstrably wrong on ARS in this panel | CURRENCY-SCOPED RULE (CEO 2026-08-08): every ARS reporter is removed, whether or not its own series looks damaged. Grounds, measured on the 2026-08-07 CUR3K panel: (1) VENDOR DEFECT, on BMA -- totalAssets 2.325e16 between 2.056e13 and 2.420e13 (961x break) and revenue 1.201e9 between 1.443e12 and 1.907e12 (1,588x break), with marketCap continuous through both, so no market-cap sanity check can see it; BMA's nominal revenue also rises 45.6x over the window. (2) NO USD VALUATION IS POSSIBLE -- ARS is refused by fx_rates.ABSTAIN_CURRENCIES and absent from carveOut.FX_TO_USD, so an ARS name has no marketCap_usd, sits in no band, and scores NEUTRAL on the size tilt while competing for the same slots. (3) NO PER-NAME CLEARANCE EXISTS -- separating a correctly IAS 29-restated series from a mishandled one needs a restatement-vintage audit this codebase does not perform. EXPLICITLY NOT CLAIMED OF EVERY ARS NAME: CRESY shows NO defect (worst adjacent ratio 5.0x vs BMA's 1,588x; 7.5x nominal rise vs BMA's 45.6x, i.e. BELOW Argentine inflation, which is what correct restatement looks like). CRESY is removed by this rule alone. Panel effect: 2 sources, 48 rows.] [ARS on 80/80 rows]",
stock_CUR6K@718712e8d985,CRESY,2025-01-01,14550.0,871038660000.0,"currency_excluded [ARS: reports in ARS -- IAS 29 hyperinflation regime, no admitted ARS->USD rate, and this vendor is demonstrably wrong on ARS in this panel | CURRENCY-SCOPED RULE (CEO 2026-08-08): every ARS reporter is removed, whether or not its own series looks damaged. Grounds, measured on the 2026-08-07 CUR3K panel: (1) VENDOR DEFECT, on BMA -- totalAssets 2.325e16 between 2.056e13 and 2.420e13 (961x break) and revenue 1.201e9 between 1.443e12 and 1.907e12 (1,588x break), with marketCap continuous through both, so no market-cap sanity check can see it; BMA's nominal revenue also rises 45.6x over the window. (2) NO USD VALUATION IS POSSIBLE -- ARS is refused by fx_rates.ABSTAIN_CURRENCIES and absent from carveOut.FX_TO_USD, so an ARS name has no marketCap_usd, sits in no band, and scores NEUTRAL on the size tilt while competing for the same slots. (3) NO PER-NAME CLEARANCE EXISTS -- separating a correctly IAS 29-restated series from a mishandled one needs a restatement-vintage audit this codebase does not perform. EXPLICITLY NOT CLAIMED OF EVERY ARS NAME: CRESY shows NO defect (worst adjacent ratio 5.0x vs BMA's 1,588x; 7.5x nominal rise vs BMA's 45.6x, i.e. BELOW Argentine inflation, which is what correct restatement looks like). CRESY is removed by this rule alone. Panel effect: 2 sources, 48 rows.] [ARS on 80/80 rows]",
stock_CUR6K@718712e8d985,CRESY,2025-04-01,11631.970550079133,701158900000.0,"currency_excluded [ARS: reports in ARS -- IAS 29 hyperinflation regime, no admitted ARS->USD rate, and this vendor is demonstrably wrong on ARS in this panel | CURRENCY-SCOPED RULE (CEO 2026-08-08): every ARS reporter is removed, whether or not its own series looks damaged. Grounds, measured on the 2026-08-07 CUR3K panel: (1) VENDOR DEFECT, on BMA -- totalAssets 2.325e16 between 2.056e13 and 2.420e13 (961x break) and revenue 1.201e9 between 1.443e12 and 1.907e12 (1,588x break), with marketCap continuous through both, so no market-cap sanity check can see it; BMA's nominal revenue also rises 45.6x over the window. (2) NO USD VALUATION IS POSSIBLE -- ARS is refused by fx_rates.ABSTAIN_CURRENCIES and absent from carveOut.FX_TO_USD, so an ARS name has no marketCap_usd, sits in no band, and scores NEUTRAL on the size tilt while competing for the same slots. (3) NO PER-NAME CLEARANCE EXISTS -- separating a correctly IAS 29-restated series from a mishandled one needs a restatement-vintage audit this codebase does not perform. EXPLICITLY NOT CLAIMED OF EVERY ARS NAME: CRESY shows NO defect (worst adjacent ratio 5.0x vs BMA's 1,588x; 7.5x nominal rise vs BMA's 45.6x, i.e. BELOW Argentine inflation, which is what correct restatement looks like). CRESY is removed by this rule alone. Panel effect: 2 sources, 48 rows.] [ARS on 80/80 rows]",
stock_CUR6K@718712e8d985,CRESY,2025-07-01,15756.304562185407,885245913000.0,"currency_excluded [ARS: reports in ARS -- IAS 29 hyperinflation regime, no admitted ARS->USD rate, and this vendor is demonstrably wrong on ARS in this panel | CURRENCY-SCOPED RULE (CEO 2026-08-08): every ARS reporter is removed, whether or not its own series looks damaged. Grounds, measured on the 2026-08-07 CUR3K panel: (1) VENDOR DEFECT, on BMA -- totalAssets 2.325e16 between 2.056e13 and 2.420e13 (961x break) and revenue 1.201e9 between 1.443e12 and 1.907e12 (1,588x break), with marketCap continuous through both, so no market-cap sanity check can see it; BMA's nominal revenue also rises 45.6x over the window. (2) NO USD VALUATION IS POSSIBLE -- ARS is refused by fx_rates.ABSTAIN_CURRENCIES and absent from carveOut.FX_TO_USD, so an ARS name has no marketCap_usd, sits in no band, and scores NEUTRAL on the size tilt while competing for the same slots. (3) NO PER-NAME CLEARANCE EXISTS -- separating a correctly IAS 29-restated series from a mishandled one needs a restatement-vintage audit this codebase does not perform. EXPLICITLY NOT CLAIMED OF EVERY ARS NAME: CRESY shows NO defect (worst adjacent ratio 5.0x vs BMA's 1,588x; 7.5x nominal rise vs BMA's 45.6x, i.e. BELOW Argentine inflation, which is what correct restatement looks like). CRESY is removed by this rule alone. Panel effect: 2 sources, 48 rows.] [ARS on 80/80 rows]",
stock_CUR6K@718712e8d985,CRESY,2025-10-01,18496.19315536839,1199925734000.0,"currency_excluded [ARS: reports in ARS -- IAS 29 hyperinflation regime, no admitted ARS->USD rate, and this vendor is demonstrably wrong on ARS in this panel | CURRENCY-SCOPED RULE (CEO 2026-08-08): every ARS reporter is removed, whether or not its own series looks damaged. Grounds, measured on the 2026-08-07 CUR3K panel: (1) VENDOR DEFECT, on BMA -- totalAssets 2.325e16 between 2.056e13 and 2.420e13 (961x break) and revenue 1.201e9 between 1.443e12 and 1.907e12 (1,588x break), with marketCap continuous through both, so no market-cap sanity check can see it; BMA's nominal revenue also rises 45.6x over the window. (2) NO USD VALUATION IS POSSIBLE -- ARS is refused by fx_rates.ABSTAIN_CURRENCIES and absent from carveOut.FX_TO_USD, so an ARS name has no marketCap_usd, sits in no band, and scores NEUTRAL on the size tilt while competing for the same slots. (3) NO PER-NAME CLEARANCE EXISTS -- separating a correctly IAS 29-restated series from a mishandled one needs a restatement-vintage audit this codebase does not perform. EXPLICITLY NOT CLAIMED OF EVERY ARS NAME: CRESY shows NO defect (worst adjacent ratio 5.0x vs BMA's 1,588x; 7.5x nominal rise vs BMA's 45.6x, i.e. BELOW Argentine inflation, which is what correct restatement looks like). CRESY is removed by this rule alone. Panel effect: 2 sources, 48 rows.] [ARS on 80/80 rows]",
stock_CUR6K@718712e8d985,CRESY,2026-01-01,18720.0,1198723968000.0,"currency_excluded [ARS: reports in ARS -- IAS 29 hyperinflation regime, no admitted ARS->USD rate, and this vendor is demonstrably wrong on ARS in this panel | CURRENCY-SCOPED RULE (CEO 2026-08-08): every ARS reporter is removed, whether or not its own series looks damaged. Grounds, measured on the 2026-08-07 CUR3K panel: (1) VENDOR DEFECT, on BMA -- totalAssets 2.325e16 between 2.056e13 and 2.420e13 (961x break) and revenue 1.201e9 between 1.443e12 and 1.907e12 (1,588x break), with marketCap continuous through both, so no market-cap sanity check can see it; BMA's nominal revenue also rises 45.6x over the window. (2) NO USD VALUATION IS POSSIBLE -- ARS is refused by fx_rates.ABSTAIN_CURRENCIES and absent from carveOut.FX_TO_USD, so an ARS name has no marketCap_usd, sits in no band, and scores NEUTRAL on the size tilt while competing for the same slots. (3) NO PER-NAME CLEARANCE EXISTS -- separating a correctly IAS 29-restated series from a mishandled one needs a restatement-vintage audit this codebase does not perform. EXPLICITLY NOT CLAIMED OF EVERY ARS NAME: CRESY shows NO defect (worst adjacent ratio 5.0x vs BMA's 1,588x; 7.5x nominal rise vs BMA's 45.6x, i.e. BELOW Argentine inflation, which is what correct restatement looks like). CRESY is removed by this rule alone. Panel effect: 2 sources, 48 rows.] [ARS on 80/80 rows]",
stock_CUR6K@718712e8d985,001230.KS,2007-01-01,4605.69,208133618172.59998,data_before_corruption (corruption at 2023-10-01),
stock_CUR6K@718712e8d985,001230.KS,2007-04-01,5323.11,240554215379.4,data_before_corruption (corruption at 2023-10-01),
stock_CUR6K@718712e8d985,001230.KS,2007-07-01,9140.52,413065034680.80005,data_before_corruption (corruption at 2023-10-01),
stock_CUR6K@718712e8d985,001230.KS,2008-01-01,6864.24,310198712289.6,data_before_corruption (corruption at 2023-10-01),
stock_CUR6K@718712e8d985,001230.KS,2008-04-01,7989.1,361031743114.0,data_before_corruption (corruption at 2023-10-01),
stock_CUR6K@718712e8d985,001230.KS,2008-07-01,6377.1,288184592634.0,data_before_corruption (corruption at 2023-10-01),
stock_CUR6K@718712e8d985,001230.KS,2009-01-01,4499.4,203330315675.99997,data_before_corruption (corruption at 2023-10-01),
stock_CUR6K@718712e8d985,001230.KS,2009-04-01,4579.12,206932905524.8,data_before_corruption (corruption at 2023-10-01),
stock_CUR6K@718712e8d985,001230.KS,2009-07-01,4835.97,218540095723.80002,data_before_corruption (corruption at 2023-10-01),
stock_CUR6K@718712e8d985,001230.KS,2010-01-01,4074.2600000000007,184118009500.40002,data_before_corruption (corruption at 2023-10-01),
stock_CUR6K@718712e8d985,001230.KS,2010-04-01,3897.12,176112957244.8,data_before_corruption (corruption at 2023-10-01),
stock_CUR6K@718712e8d985,001230.KS,2010-07-01,4835.97,218540095723.80002,data_before_corruption (corruption at 2023-10-01),
stock_CUR6K@718712e8d985,001230.KS,2011-01-01,6997.1,316202727434.0,data_before_corruption (corruption at 2023-10-01),
stock_CUR6K@718712e8d985,001230.KS,2011-04-01,7262.81,328210305817.4,data_before_corruption (corruption at 2023-10-01),
stock_CUR6K@718712e8d985,001230.KS,2011-07-01,4012.2600000000007,181316196020.40002,data_before_corruption (corruption at 2023-10-01),
stock_CUR6K@718712e8d985,001230.KS,2011-10-01,3631.41,164105378861.4,data_before_corruption (corruption at 2023-10-01),
stock_CUR6K@718712e8d985,001230.KS,2012-01-01,3835.12,173311143764.8,data_before_corruption (corruption at 2023-10-01),
stock_CUR6K@718712e8d985,001230.KS,2012-04-01,2710.27,122478564845.8,data_before_corruption (corruption at 2023-10-01),
stock_CUR6K@718712e8d985,001230.KS,2012-07-01,2931.7,132485106117.99998,data_before_corruption (corruption at 2023-10-01),
stock_CUR6K@718712e8d985,001230.KS,2012-10-01,2515.41,113672736221.4,data_before_corruption (corruption at 2023-10-01),
stock_CUR6K@718712e8d985,001230.KS,2013-01-01,2178.84,98462956173.6,data_before_corruption (corruption at 2023-10-01),
stock_CUR6K@718712e8d985,001230.KS,2013-04-01,1939.7,87656090438.0,data_before_corruption (corruption at 2023-10-01),
stock_CUR6K@718712e8d985,001230.KS,2013-07-01,2621.7,118476038717.99998,data_before_corruption (corruption at 2023-10-01),
stock_CUR6K@718712e8d985,001230.KS,2013-10-01,2329.41,105267295781.4,data_before_corruption (corruption at 2023-10-01),
stock_CUR6K@718712e8d985,001230.KS,2014-01-01,2205.42,99664120726.8,data_before_corruption (corruption at 2023-10-01),
stock_CUR6K@718712e8d985,001230.KS,2014-04-01,1400.0,63266756000.0,data_before_corruption (corruption at 2023-10-01),
stock_CUR6K@718712e8d985,001230.KS,2014-07-01,1248.0,56397793920.0,data_before_corruption (corruption at 2023-10-01),
stock_CUR6K@718712e8d985,001230.KS,2014-10-01,1172.0,52963312880.0,data_before_corruption (corruption at 2023-10-01),
stock_CUR6K@718712e8d985,001230.KS,2015-01-01,1202.0,54319029080.0,data_before_corruption (corruption at 2023-10-01),
stock_CUR6K@718712e8d985,001230.KS,2015-04-01,1052.0,47540448080.0,data_before_corruption (corruption at 2023-10-01),
stock_CUR6K@718712e8d985,001230.KS,2015-07-01,1426.0,64441710040.0,data_before_corruption (corruption at 2023-10-01),
stock_CUR6K@718712e8d985,001230.KS,2015-10-01,1150.0,51969121000.0,data_before_corruption (corruption at 2023-10-01),
stock_CUR6K@718712e8d985,001230.KS,2016-01-01,1370.0,61911039800.0,data_before_corruption (corruption at 2023-10-01),
stock_CUR6K@718712e8d985,001230.KS,2016-04-01,1618.0,73118293720.0,data_before_corruption (corruption at 2023-10-01),
stock_CUR6K@718712e8d985,001230.KS,2016-07-01,1580.0,71401053200.0,data_before_corruption (corruption at 2023-10-01),
stock_CUR6K@718712e8d985,001230.KS,2016-10-01,2210.0,99871093400.0,data_before_corruption (corruption at 2023-10-01),
stock_CUR6K@718712e8d985,001230.KS,2017-01-01,2560.0,115687782400.0,data_before_corruption (corruption at 2023-10-01),
stock_CUR6K@718712e8d985,001230.KS,2017-04-01,2930.0,132408282200.0,data_before_corruption (corruption at 2023-10-01),
stock_CUR6K@718712e8d985,001230.KS,2017-07-01,2140.0,96707755600.0,data_before_corruption (corruption at 2023-10-01),
stock_CUR6K@718712e8d985,001230.KS,2017-10-01,2210.0,99871093400.0,data_before_corruption (corruption at 2023-10-01),
stock_CUR6K@718712e8d985,001230.KS,2018-01-01,2020.0,91284890800.0,data_before_corruption (corruption at 2023-10-01),
stock_CUR6K@718712e8d985,001230.KS,2018-04-01,1688.0,76281631520.0,data_before_corruption (corruption at 2023-10-01),
stock_CUR6K@718712e8d985,001230.KS,2018-07-01,1826.0,82517926040.0,data_before_corruption (corruption at 2023-10-01),
stock_CUR6K@718712e8d985,001230.KS,2018-10-01,1412.0,63809042480.0,data_before_corruption (corruption at 2023-10-01),
stock_CUR6K@718712e8d985,001230.KS,2019-01-01,1532.0,69231907280.0,data_before_corruption (corruption at 2023-10-01),
stock_CUR6K@718712e8d985,001230.KS,2019-04-01,1356.0,61278372240.0,data_before_corruption (corruption at 2023-10-01),
stock_CUR6K@718712e8d985,001230.KS,2019-07-01,1300.0,58747702000.0,data_before_corruption (corruption at 2023-10-01),
stock_CUR6K@718712e8d985,001230.KS,2019-10-01,1190.0,53776742600.0,data_before_corruption (corruption at 2023-10-01),
stock_CUR6K@718712e8d985,001230.KS,2020-01-01,,,data_before_corruption (corruption at 2023-10-01),bookValuePerShare|earningsYield|marketCap|price
stock_CUR6K@718712e8d985,001230.KS,2020-04-01,1060.0,47901972400.0,data_before_corruption (corruption at 2023-10-01),
stock_CUR6K@718712e8d985,001230.KS,2020-07-01,1268.0,57301604720.0,data_before_corruption (corruption at 2023-10-01),
stock_CUR6K@718712e8d985,001230.KS,2020-10-01,1624.0,73389436960.0,data_before_corruption (corruption at 2023-10-01),
stock_CUR6K@718712e8d985,001230.KS,2021-01-01,2730.0,123370174200.0,data_before_corruption (corruption at 2023-10-01),
stock_CUR6K@718712e8d985,001230.KS,2021-04-01,4440.0,200645997600.0,data_before_corruption (corruption at 2023-10-01),
stock_CUR6K@718712e8d985,001230.KS,2021-07-01,3670.0,165849281800.0,data_before_corruption (corruption at 2023-10-01),
stock_CUR6K@718712e8d985,001230.KS,2021-10-01,3180.0,143705917200.0,data_before_corruption (corruption at 2023-10-01),
stock_CUR6K@718712e8d985,001230.KS,2022-01-01,3350.0,151388309000.0,data_before_corruption (corruption at 2023-10-01),
stock_CUR6K@718712e8d985,001230.KS,2022-04-01,2570.0,116139687800.0,data_before_corruption (corruption at 2023-10-01),
stock_CUR6K@718712e8d985,001230.KS,2022-07-01,2160.0,97611566400.0,data_before_corruption (corruption at 2023-10-01),
stock_CUR6K@718712e8d985,001230.KS,2022-10-01,2150.0,97159661000.0,data_before_corruption (corruption at 2023-10-01),
stock_CUR6K@718712e8d985,001230.KS,2023-01-01,2440.0,110264917600.0,data_before_corruption (corruption at 2023-10-01),
stock_CUR6K@718712e8d985,001230.KS,2023-04-01,3484.0,157443841360.0,data_before_corruption (corruption at 2023-10-01),
stock_CUR6K@718712e8d985,001230.KS,2023-07-01,2130.0,96255850200.0,data_before_corruption (corruption at 2023-10-01),
stock_CUR6K@718712e8d985,001230.KS,2023-10-01,1740.0,78632696700.0,data_before_corruption (corruption at 2023-10-01),
stock_CUR6K@718712e8d985,001260.KS,2007-01-01,191801.27,12158090704.029999,data_before_corruption (corruption at 2012-10-01),
stock_CUR6K@718712e8d985,001260.KS,2007-04-01,471699.31,29900547561.59,data_before_corruption (corruption at 2012-10-01),
stock_CUR6K@718712e8d985,001260.KS,2007-07-01,568813.88,36069625758.56,data_before_corruption (corruption at 2012-10-01),
stock_CUR6K@718712e8d985,001260.KS,2007-10-01,484975.44,30753262601.28,data_before_corruption (corruption at 2012-10-01),
stock_CUR6K@718712e8d985,001260.KS,2008-01-01,549515.88,40921898067.72,data_before_corruption (corruption at 2012-10-01),
stock_CUR6K@718712e8d985,001260.KS,2008-04-01,4351871.0,324458094276.0,data_before_corruption (corruption at 2012-10-01),
stock_CUR6K@718712e8d985,001260.KS,2008-07-01,787393.56,58884439991.04,data_before_corruption (corruption at 2012-10-01),
stock_CUR6K@718712e8d985,001260.KS,2008-10-01,560580.0,41922414720.0,data_before_corruption (corruption at 2012-10-01),
stock_CUR6K@718712e8d985,001260.KS,2009-01-01,378022.69,29490306092.28,data_before_corruption (corruption at 2012-10-01),
stock_CUR6K@718712e8d985,001260.KS,2009-04-01,434000.0,25592112000.0,data_before_corruption (corruption at 2012-10-01),
stock_CUR6K@718712e8d985,001260.KS,2009-07-01,410000.0,24176880000.0,data_before_corruption (corruption at 2012-10-01),
stock_CUR6K@718712e8d985,001260.KS,2010-01-01,,,data_before_corruption (corruption at 2012-10-01),bookValuePerShare|earningsYield|marketCap|price
stock_CUR6K@718712e8d985,001260.KS,2010-04-01,,,data_before_corruption (corruption at 2012-10-01),bookValuePerShare|earningsYield|marketCap|price
stock_CUR6K@718712e8d985,001260.KS,2010-07-01,,,data_before_corruption (corruption at 2012-10-01),bookValuePerShare|earningsYield|marketCap|price
stock_CUR6K@718712e8d985,001260.KS,2011-01-01,,,data_before_corruption (corruption at 2012-10-01),bookValuePerShare|earningsYield|marketCap|price
stock_CUR6K@718712e8d985,001260.KS,2011-04-01,,,data_before_corruption (corruption at 2012-10-01),bookValuePerShare|earningsYield|marketCap|price
stock_CUR6K@718712e8d985,001260.KS,2011-07-01,,,data_before_corruption (corruption at 2012-10-01),bookValuePerShare|earningsYield|marketCap|price
stock_CUR6K@718712e8d985,001260.KS,2012-01-01,,,data_before_corruption (corruption at 2012-10-01),bookValuePerShare|earningsYield|marketCap|price
stock_CUR6K@718712e8d985,001260.KS,2012-10-01,,,data_before_corruption (corruption at 2012-10-01),bookValuePerShare|earningsYield|marketCap|price
stock_CUR6K@718712e8d985,007700.KS,2007-01-01,8666.58,67130886684.42,data_before_corruption (corruption at 2021-04-01),nan
stock_CUR6K@718712e8d985,007700.KS,2007-04-01,4700.0,36405960300.0,data_before_corruption (corruption at 2021-04-01),nan
stock_CUR6K@718712e8d985,007700.KS,2007-07-01,5180.0,40111961960.0,data_before_corruption (corruption at 2021-04-01),nan
stock_CUR6K@718712e8d985,007700.KS,2007-10-01,4180.0,32278273500.0,data_before_corruption (corruption at 2021-04-01),nan
stock_CUR6K@718712e8d985,007700.KS,2008-01-01,4100.0,31717817300.0,data_before_corruption (corruption at 2021-04-01),nan
stock_CUR6K@718712e8d985,007700.KS,2008-04-01,4550.0,35292657400.0,data_before_corruption (corruption at 2021-04-01),nan
stock_CUR6K@718712e8d985,007700.KS,2008-07-01,3670.0,28103663580.0,data_before_corruption (corruption at 2021-04-01),nan
stock_CUR6K@718712e8d985,007700.KS,2008-10-01,5970.09,45717002970.66,data_before_corruption (corruption at 2021-04-01),nan
stock_CUR6K@718712e8d985,007700.KS,2009-01-01,2590.0,19883380790.0,data_before_corruption (corruption at 2021-04-01),nan
stock_CUR6K@718712e8d985,007700.KS,2009-04-01,3070.0,23690548370.0,data_before_corruption (corruption at 2021-04-01),nan
stock_CUR6K@718712e8d985,007700.KS,2009-07-01,3375.0,26100427500.0,data_before_corruption (corruption at 2021-04-01),nan
stock_CUR6K@718712e8d985,007700.KS,2009-10-01,3175.0,24481897950.0,data_before_corruption (corruption at 2021-04-01),nan
stock_CUR6K@718712e8d985,007700.KS,2010-01-01,3730.0,28835179030.0,data_before_corruption (corruption at 2021-04-01),nan
stock_CUR6K@718712e8d985,007700.KS,2010-04-01,3905.0,30220349830.0,data_before_corruption (corruption at 2021-04-01),nan
stock_CUR6K@718712e8d985,007700.KS,2010-07-01,4425.0,34269531975.0,data_before_corruption (corruption at 2021-04-01),nan
stock_CUR6K@718712e8d985,007700.KS,2010-10-01,5560.0,42980301200.0,data_before_corruption (corruption at 2021-04-01),nan
stock_CUR6K@718712e8d985,007700.KS,2011-01-01,8090.0,62605087930.0,data_before_corruption (corruption at 2021-04-01),nan
stock_CUR6K@718712e8d985,007700.KS,2011-04-01,9790.0,75760668830.0,data_before_corruption (corruption at 2021-04-01),nan
stock_CUR6K@718712e8d985,007700.KS,2011-07-01,6900.0,53396181300.0,data_before_corruption (corruption at 2021-04-01),nan
stock_CUR6K@718712e8d985,007700.KS,2012-01-01,7050.0,54556967850.0,data_before_corruption (corruption at 2021-04-01),nan
stock_CUR6K@718712e8d985,007700.KS,2012-10-01,6040.0,46905081680.0,data_before_corruption (corruption at 2021-04-01),nan
stock_CUR6K@718712e8d985,007700.KS,2013-01-01,6090.0,46939911270.0,data_before_corruption (corruption at 2021-04-01),nan
stock_CUR6K@718712e8d985,007700.KS,2013-04-01,6750.0,52424853750.0,data_before_corruption (corruption at 2021-04-01),nan
stock_CUR6K@718712e8d985,007700.KS,2013-07-01,6240.0,48181467360.0,data_before_corruption (corruption at 2021-04-01),nan
stock_CUR6K@718712e8d985,007700.KS,2013-10-01,7060.0,54183791480.0,data_before_corruption (corruption at 2021-04-01),nan
stock_CUR6K@718712e8d985,007700.KS,2014-01-01,7600.0,58384043600.0,data_before_corruption (corruption at 2021-04-01),nan
stock_CUR6K@718712e8d985,007700.KS,2014-04-01,8400.0,65121579600.0,data_before_corruption (corruption at 2021-04-01),nan
stock_CUR6K@718712e8d985,007700.KS,2014-07-01,12850.0,99348425750.0,data_before_corruption (corruption at 2021-04-01),nan
stock_CUR6K@718712e8d985,007700.KS,2014-10-01,15000.0,116078655000.0,data_before_corruption (corruption at 2021-04-01),nan
stock_CUR6K@718712e8d985,007700.KS,2015-01-01,18150.0,140450762100.0,data_before_corruption (corruption at 2021-04-01),nan
stock_CUR6K@718712e8d985,007700.KS,2015-04-01,20300.0,157362676800.0,data_before_corruption (corruption at 2021-04-01),nan
stock_CUR6K@718712e8d985,007700.KS,2015-07-01,19350.0,150812023050.0,data_before_corruption (corruption at 2021-04-01),nan
stock_CUR6K@718712e8d985,007700.KS,2015-10-01,17750.0,136618555000.0,data_before_corruption (corruption at 2021-04-01),nan
stock_CUR6K@718712e8d985,007700.KS,2016-01-01,14450.0,111465103600.0,data_before_corruption (corruption at 2021-04-01),nan
stock_CUR6K@718712e8d985,007700.KS,2016-04-01,14200.0,109908965600.0,data_before_corruption (corruption at 2021-04-01),nan
stock_CUR6K@718712e8d985,007700.KS,2016-07-01,15650.0,121281459100.0,data_before_corruption (corruption at 2021-04-01),nan
stock_CUR6K@718712e8d985,007700.KS,2016-10-01,17000.0,131260264000.0,data_before_corruption (corruption at 2021-04-01),nan
stock_CUR6K@718712e8d985,007700.KS,2017-01-01,26550.0,205580473200.0,data_before_corruption (corruption at 2021-04-01),nan
stock_CUR6K@718712e8d985,007700.KS,2017-04-01,27600.0,213535155600.0,data_before_corruption (corruption at 2021-04-01),nan
stock_CUR6K@718712e8d985,007700.KS,2017-07-01,41000.0,317344838000.0,data_before_corruption (corruption at 2021-04-01),nan
stock_CUR6K@718712e8d985,007700.KS,2017-10-01,42200.0,326334752200.0,data_before_corruption (corruption at 2021-04-01),nan
stock_CUR6K@718712e8d985,007700.KS,2018-01-01,40600.0,314195929600.0,data_before_corruption (corruption at 2021-04-01),nan
stock_CUR6K@718712e8d985,007700.KS,2018-04-01,81600.0,631228713600.0,data_before_corruption (corruption at 2021-04-01),nan
stock_CUR6K@718712e8d985,007700.KS,2018-07-01,81600.0,631439568000.0,data_before_corruption (corruption at 2021-04-01),nan
stock_CUR6K@718712e8d985,007700.KS,2018-10-01,40100.0,310316937700.0,data_before_corruption (corruption at 2021-04-01),nan
stock_CUR6K@718712e8d985,007700.KS,2019-01-01,78300.0,605685265200.0,data_before_corruption (corruption at 2021-04-01),nan
stock_CUR6K@718712e8d985,007700.KS,2019-04-01,92100.0,712561766700.0,data_before_corruption (corruption at 2021-04-01),nan
stock_CUR6K@718712e8d985,007700.KS,2019-07-01,96900.0,749844273900.0,data_before_corruption (corruption at 2021-04-01),nan
stock_CUR6K@718712e8d985,007700.KS,2019-10-01,112000.0,865997664000.0,data_before_corruption (corruption at 2021-04-01),nan
stock_CUR6K@718712e8d985,007700.KS,2020-01-01,92600.0,713338729200.0,data_before_corruption (corruption at 2021-04-01),nan
stock_CUR6K@718712e8d985,007700.KS,2020-04-01,92100.0,709316807400.0,data_before_corruption (corruption at 2021-04-01),nan
stock_CUR6K@718712e8d985,007700.KS,2020-07-01,89100.0,685938577500.0,data_before_corruption (corruption at 2021-04-01),nan
stock_CUR6K@718712e8d985,007700.KS,2020-10-01,84400.0,649747323200.0,data_before_corruption (corruption at 2021-04-01),nan
stock_CUR6K@718712e8d985,007700.KS,2021-01-01,127500.0,981477660000.0,data_before_corruption (corruption at 2021-04-01),nan
stock_CUR6K@718712e8d985,007700.KS,2021-04-01,37650.0,384980511900.0,data_before_corruption (corruption at 2021-04-01),nan
stock_CUR6K@718712e8d985,0A4V.L,2012-07-01,3436.2179487179487,6432600.0,data_before_corruption (corruption at 2026-01-01),nan
stock_CUR6K@718712e8d985,0A4V.L,2012-10-01,1500.4644670050761,2955915.0,data_before_corruption (corruption at 2026-01-01),nan
stock_CUR6K@718712e8d985,0A4V.L,2013-01-01,950.3443047337278,1927298.25,data_before_corruption (corruption at 2026-01-01),nan
stock_CUR6K@718712e8d985,0A4V.L,2013-04-01,1250.6160670280926,2537500.0,data_before_corruption (corruption at 2026-01-01),nan
stock_CUR6K@718712e8d985,0A4V.L,2013-07-01,3700.0,9923400.0,data_before_corruption (corruption at 2026-01-01),nan
stock_CUR6K@718712e8d985,0A4V.L,2013-10-01,3600.19166132136,11225397.6,data_before_corruption (corruption at 2026-01-01),nan
stock_CUR6K@718712e8d985,0A4V.L,2014-01-01,4200.0671894604775,13389814.200000001,data_before_corruption (corruption at 2026-01-01),nan
stock_CUR6K@718712e8d985,0A4V.L,2014-04-01,2150.42825203252,6877069.55,data_before_corruption (corruption at 2026-01-01),nan
stock_CUR6K@718712e8d985,0A4V.L,2014-07-01,2973.7909516380655,9531000.0,data_before_corruption (corruption at 2026-01-01),nan
stock_CUR6K@718712e8d985,0A4V.L,2014-10-01,1900.3616224648986,6090659.0,data_before_corruption (corruption at 2026-01-01),nan
stock_CUR6K@718712e8d985,0A4V.L,2015-01-01,3100.8248059608823,9987756.700000001,data_before_corruption (corruption at 2026-01-01),nan
stock_CUR6K@718712e8d985,0A4V.L,2015-04-01,3300.361299765808,11274034.2,data_before_corruption (corruption at 2026-01-01),nan
stock_CUR6K@718712e8d985,0A4V.L,2015-07-01,3200.0,13961600.0,data_before_corruption (corruption at 2026-01-01),nan
stock_CUR6K@718712e8d985,0A4V.L,2015-10-01,3500.32833158447,16679064.5,data_before_corruption (corruption at 2026-01-01),nan
stock_CUR6K@718712e8d985,0A4V.L,2016-01-01,3250.0,15486250.0,data_before_corruption (corruption at 2026-01-01),nan
stock_CUR6K@718712e8d985,0A4V.L,2016-04-01,3550.0,19709600.0,data_before_corruption (corruption at 2026-01-01),nan
stock_CUR6K@718712e8d985,0A4V.L,2016-07-01,3126.9341999356084,19424515.25,data_before_corruption (corruption at 2026-01-01),nan
stock_CUR6K@718712e8d985,0A4V.L,2016-10-01,5500.378718024986,36984546.5,data_before_corruption (corruption at 2026-01-01),nan
stock_CUR6K@718712e8d985,0A4V.L,2017-01-01,3150.2358636715726,24401727.0,data_before_corruption (corruption at 2026-01-01),nan
stock_CUR6K@718712e8d985,0A4V.L,2017-04-01,3150.337572365882,24487573.95,data_before_corruption (corruption at 2026-01-01),nan
stock_CUR6K@718712e8d985,0A4V.L,2017-07-01,3842.851667305481,30078000.0,data_before_corruption (corruption at 2026-01-01),nan
stock_CUR6K@718712e8d985,0A4V.L,2017-10-01,3200.4056280897453,25248000.0,data_before_corruption (corruption at 2026-01-01),nan
stock_CUR6K@718712e8d985,0A4V.L,2018-01-01,2800.347999005717,22531600.0,data_before_corruption (corruption at 2026-01-01),nan
stock_CUR6K@718712e8d985,0A4V.L,2018-04-01,2250.0,18958500.0,data_before_corruption (corruption at 2026-01-01),nan
stock_CUR6K@718712e8d985,0A4V.L,2018-07-01,1328.4142745361055,11883994.1,data_before_corruption (corruption at 2026-01-01),nan
stock_CUR6K@718712e8d985,0A4V.L,2018-10-01,800.0149576669803,6803327.2,data_before_corruption (corruption at 2026-01-01),nan
stock_CUR6K@718712e8d985,0A4V.L,2019-01-01,800.0538802144023,6866062.4,data_before_corruption (corruption at 2026-01-01),nan
stock_CUR6K@718712e8d985,0A4V.L,2019-04-01,550.037151810585,4739120.100000001,data_before_corruption (corruption at 2026-01-01),nan
stock_CUR6K@718712e8d985,0A4V.L,2019-07-01,511.7837385740402,4479131.28,data_before_corruption (corruption at 2026-01-01),nan
stock_CUR6K@718712e8d985,0A4V.L,2019-10-01,850.0,9061850.0,data_before_corruption (corruption at 2026-01-01),nan
stock_CUR6K@718712e8d985,0A4V.L,2020-01-01,400.0053278304099,4264456.8,data_before_corruption (corruption at 2026-01-01),nan
stock_CUR6K@718712e8d985,0A4V.L,2020-04-01,1010.013452771785,10767753.42,data_before_corruption (corruption at 2026-01-01),nan
stock_CUR6K@718712e8d985,0A4V.L,2020-07-01,2602.942358058608,28424130.55,data_before_corruption (corruption at 2026-01-01),nan
stock_CUR6K@718712e8d985,0A4V.L,2020-10-01,2300.077712274527,26140383.2,data_before_corruption (corruption at 2026-01-01),nan
stock_CUR6K@718712e8d985,0A4V.L,2021-01-01,3.4099134525468986,41380350.0,data_before_corruption (corruption at 2026-01-01),nan
stock_CUR6K@718712e8d985,0A4V.L,2021-04-01,4.400064972796828,57807200.00000001,data_before_corruption (corruption at 2026-01-01),nan
stock_CUR6K@718712e8d985,0A4V.L,2021-07-01,2.5380747340471657,34245750.0,data_before_corruption (corruption at 2026-01-01),nan
stock_CUR6K@718712e8d985,0A4V.L,2021-10-01,2.79,37644928.74,data_before_corruption (corruption at 2026-01-01),nan
stock_CUR6K@718712e8d985,0A4V.L,2022-01-01,3.0100432778771147,40613930.0,data_before_corruption (corruption at 2026-01-01),nan
stock_CUR6K@718712e8d985,0A4V.L,2022-04-01,1.699979521122812,24837000.0,data_before_corruption (corruption at 2026-01-01),nan
stock_CUR6K@718712e8d985,0A4V.L,2022-07-01,2.5599567968716306,38225920.0,data_before_corruption (corruption at 2026-01-01),nan
stock_CUR6K@718712e8d985,0A4V.L,2022-10-01,2.16,32334945.12,data_before_corruption (corruption at 2026-01-01),nan
stock_CUR6K@718712e8d985,0A4V.L,2023-01-01,4.250055750027435,66419000.0,data_before_corruption (corruption at 2026-01-01),nan
stock_CUR6K@718712e8d985,0A4V.L,2023-04-01,2.779978358386102,47852140.0,data_before_corruption (corruption at 2026-01-01),nan
stock_CUR6K@718712e8d985,0A4V.L,2023-07-01,2.26,38917618.099999994,data_before_corruption (corruption at 2026-01-01),nan
stock_CUR6K@718712e8d985,0A4V.L,2023-10-01,1.78,30651929.3,data_before_corruption (corruption at 2026-01-01),nan
stock_CUR6K@718712e8d985,0A4V.L,2024-01-01,1.25,21739517.5,data_before_corruption (corruption at 2026-01-01),nan
stock_CUR6K@718712e8d985,0A4V.L,2024-04-01,1.2800135159817352,22425836.8,data_before_corruption (corruption at 2026-01-01),nan
stock_CUR6K@718712e8d985,0A4V.L,2024-07-01,0.9534119601276245,18045600.0,data_before_corruption (corruption at 2026-01-01),nan
stock_CUR6K@718712e8d985,0A4V.L,2024-10-01,0.8999814554463135,17034300.0,data_before_corruption (corruption at 2026-01-01),nan
stock_CUR6K@718712e8d985,0A4V.L,2025-01-01,0.92,17537398.8,data_before_corruption (corruption at 2026-01-01),nan
stock_CUR6K@718712e8d985,0A4V.L,2025-04-01,0.72,13735720.799999999,data_before_corruption (corruption at 2026-01-01),nan
stock_CUR6K@718712e8d985,0A4V.L,2025-07-01,0.71,13663390.52,data_before_corruption (corruption at 2026-01-01),nan
stock_CUR6K@718712e8d985,0A4V.L,2025-10-01,0.66,13181788.620000001,data_before_corruption (corruption at 2026-01-01),nan
stock_CUR6K@718712e8d985,0A4V.L,2026-01-01,0.74,16652324.34,data_before_corruption (corruption at 2026-01-01),nan
stock_CUR6K@718712e8d985,0CHZ.L,2012-10-01,,,data_before_corruption (corruption at 2019-04-01),bookValuePerShare|earningsYield|marketCap|price
stock_CUR6K@718712e8d985,0CHZ.L,2013-01-01,,,data_before_corruption (corruption at 2019-04-01),bookValuePerShare|earningsYield|marketCap|price
stock_CUR6K@718712e8d985,0CHZ.L,2013-04-01,,,data_before_corruption (corruption at 2019-04-01),bookValuePerShare|earningsYield|marketCap|price
stock_CUR6K@718712e8d985,0CHZ.L,2013-07-01,0.15991999999999998,3775711.1999999997,data_before_corruption (corruption at 2019-04-01),
stock_CUR6K@718712e8d985,0CHZ.L,2013-10-01,0.17068517016077542,4266507.96,data_before_corruption (corruption at 2019-04-01),
stock_CUR6K@718712e8d985,0CHZ.L,2014-01-01,,,data_before_corruption (corruption at 2019-04-01),bookValuePerShare|earningsYield|marketCap|price
stock_CUR6K@718712e8d985,0CHZ.L,2014-04-01,,,data_before_corruption (corruption at 2019-04-01),bookValuePerShare|earningsYield|marketCap|price
stock_CUR6K@718712e8d985,0CHZ.L,2014-07-01,,,data_before_corruption (corruption at 2019-04-01),bookValuePerShare|earningsYield|marketCap|price
stock_CUR6K@718712e8d985,0CHZ.L,2014-10-01,,,data_before_corruption (corruption at 2019-04-01),bookValuePerShare|earningsYield|marketCap|price
stock_CUR6K@718712e8d985,0CHZ.L,2015-01-01,,,data_before_corruption (corruption at 2019-04-01),bookValuePerShare|earningsYield|marketCap|price
stock_CUR6K@718712e8d985,0CHZ.L,2015-04-01,,,data_before_corruption (corruption at 2019-04-01),bookValuePerShare|earningsYield|marketCap|price
stock_CUR6K@718712e8d985,0CHZ.L,2015-07-01,,,data_before_corruption (corruption at 2019-04-01),bookValuePerShare|earningsYield|marketCap|price
stock_CUR6K@718712e8d985,0CHZ.L,2015-10-01,,,data_before_corruption (corruption at 2019-04-01),bookValuePerShare|earningsYield|marketCap|price
stock_CUR6K@718712e8d985,0CHZ.L,2016-01-01,,,data_before_corruption (corruption at 2019-04-01),bookValuePerShare|earningsYield|marketCap|price
stock_CUR6K@718712e8d985,0CHZ.L,2016-04-01,,,data_before_corruption (corruption at 2019-04-01),bookValuePerShare|earningsYield|marketCap|price
stock_CUR6K@718712e8d985,0CHZ.L,2016-07-01,,,data_before_corruption (corruption at 2019-04-01),bookValuePerShare|earningsYield|marketCap|price
stock_CUR6K@718712e8d985,0CHZ.L,2016-10-01,0.07740814783845906,1901319.75,data_before_corruption (corruption at 2019-04-01),
stock_CUR6K@718712e8d985,0CHZ.L,2017-01-01,,,data_before_corruption (corruption at 2019-04-01),bookValuePerShare|earningsYield|marketCap|price
stock_CUR6K@718712e8d985,0CHZ.L,2017-04-01,0.06959965808850486,1728472.4999999998,data_before_corruption (corruption at 2019-04-01),
stock_CUR6K@718712e8d985,0CHZ.L,2017-07-01,0.05884080670926518,1841717.25,data_before_corruption (corruption at 2019-04-01),
stock_CUR6K@718712e8d985,0CHZ.L,2017-10-01,0.07935123469583459,1970648.0,data_before_corruption (corruption at 2019-04-01),
stock_CUR6K@718712e8d985,0CHZ.L,2018-01-01,,,data_before_corruption (corruption at 2019-04-01),bookValuePerShare|earningsYield|marketCap|price
stock_CUR6K@718712e8d985,0CHZ.L,2018-04-01,,,data_before_corruption (corruption at 2019-04-01),bookValuePerShare|earningsYield|marketCap|price
stock_CUR6K@718712e8d985,0CHZ.L,2018-07-01,,,data_before_corruption (corruption at 2019-04-01),bookValuePerShare|earningsYield|marketCap|price
stock_CUR6K@718712e8d985,0CHZ.L,2018-10-01,,,data_before_corruption (corruption at 2019-04-01),bookValuePerShare|earningsYield|marketCap|price
stock_CUR6K@718712e8d985,0CHZ.L,2019-01-01,,,data_before_corruption (corruption at 2019-04-01),bookValuePerShare|earningsYield|marketCap|price
stock_CUR6K@718712e8d985,0CHZ.L,2019-04-01,,,data_before_corruption (corruption at 2019-04-01),bookValuePerShare|earningsYield|marketCap|price
stock_CUR6K@718712e8d985,0DSJ.L,2012-07-01,374.90703480501986,126366165.15138,data_before_corruption (corruption at 2013-01-01),nan
stock_CUR6K@718712e8d985,0DSJ.L,2012-10-01,47133.305336280006,15877796568.632647,data_before_corruption (corruption at 2013-01-01),nan
stock_CUR6K@718712e8d985,0DSJ.L,2013-01-01,169.05791248737611,56949017.45841,data_before_corruption (corruption at 2013-01-01),nan
stock_CUR6K@718712e8d985,0F6L.L,2012-10-01,19.187939262006932,3871575525.9679365,data_before_corruption (corruption at 2016-04-01),nan
stock_CUR6K@718712e8d985,0F6L.L,2013-04-01,14.9308947,1695723032.3966315,data_before_corruption (corruption at 2016-04-01),nan
stock_CUR6K@718712e8d985,0F6L.L,2013-10-01,16.754047999999997,2761206085.2281594,data_before_corruption (corruption at 2016-04-01),nan
stock_CUR6K@718712e8d985,0F6L.L,2014-04-01,41.89236133221266,5155651016.79408,data_before_corruption (corruption at 2016-04-01),nan
stock_CUR6K@718712e8d985,0F6L.L,2014-10-01,24.359477804141065,2823840650.9670405,data_before_corruption (corruption at 2016-04-01),nan
stock_CUR6K@718712e8d985,0F6L.L,2015-04-01,7.8197292588230445,906611590.538685,data_before_corruption (corruption at 2016-04-01),nan
stock_CUR6K@718712e8d985,0F6L.L,2015-10-01,3.2263703999999995,394200887.60091597,data_before_corruption (corruption at 2016-04-01),nan
stock_CUR6K@718712e8d985,0F6L.L,2016-04-01,0.0,0.0,data_before_corruption (corruption at 2016-04-01),nan
stock_CUR6K@718712e8d985,0FRI.L,2004-10-01,,,data_before_corruption (corruption at 2016-10-01),
stock_CUR6K@718712e8d985,0FRI.L,2005-10-01,,,data_before_corruption (corruption at 2016-10-01),
stock_CUR6K@718712e8d985,0FRI.L,2006-10-01,,,data_before_corruption (corruption at 2016-10-01),
stock_CUR6K@718712e8d985,0FRI.L,2007-10-01,,,data_before_corruption (corruption at 2016-10-01),
stock_CUR6K@718712e8d985,0FRI.L,2008-10-01,,,data_before_corruption (corruption at 2016-10-01),
stock_CUR6K@718712e8d985,0FRI.L,2009-10-01,,0.0,data_before_corruption (corruption at 2016-10-01),
stock_CUR6K@718712e8d985,0FRI.L,2010-10-01,,0.0,data_before_corruption (corruption at 2016-10-01),
stock_CUR6K@718712e8d985,0FRI.L,2011-10-01,,0.0,data_before_corruption (corruption at 2016-10-01),
stock_CUR6K@718712e8d985,0FRI.L,2012-10-01,0.0,0.0,data_before_corruption (corruption at 2016-10-01),
stock_CUR6K@718712e8d985,0FRI.L,2013-04-01,0.0,0.0,data_before_corruption (corruption at 2016-10-01),
stock_CUR6K@718712e8d985,0FRI.L,2013-10-01,0.0,0.0,data_before_corruption (corruption at 2016-10-01),
stock_CUR6K@718712e8d985,0FRI.L,2014-04-01,0.0,0.0,data_before_corruption (corruption at 2016-10-01),
stock_CUR6K@718712e8d985,0FRI.L,2014-10-01,0.0,0.0,data_before_corruption (corruption at 2016-10-01),
stock_CUR6K@718712e8d985,0FRI.L,2015-04-01,0.0,0.0,data_before_corruption (corruption at 2016-10-01),
stock_CUR6K@718712e8d985,0FRI.L,2015-10-01,0.0,0.0,data_before_corruption (corruption at 2016-10-01),
stock_CUR6K@718712e8d985,0FRI.L,2016-04-01,0.0,0.0,data_before_corruption (corruption at 2016-10-01),
stock_CUR6K@718712e8d985,0FRI.L,2016-10-01,0.0,0.0,data_before_corruption (corruption at 2016-10-01),totalAssets|totalLiabilities|totalStockholdersEquity
stock_CUR6K@718712e8d985,0GJS.L,2004-07-01,,7918000.0,data_before_corruption (corruption at 2014-10-01),nan
stock_CUR6K@718712e8d985,0GJS.L,2005-07-01,,11069918.64,data_before_corruption (corruption at 2014-10-01),nan
stock_CUR6K@718712e8d985,0GJS.L,2006-07-01,,17484000.0,data_before_corruption (corruption at 2014-10-01),nan
stock_CUR6K@718712e8d985,0GJS.L,2007-10-01,,17860000.0,data_before_corruption (corruption at 2014-10-01),nan
stock_CUR6K@718712e8d985,0GJS.L,2008-10-01,,5076000.0,data_before_corruption (corruption at 2014-10-01),nan
stock_CUR6K@718712e8d985,0GJS.L,2009-10-01,,9353000.0,data_before_corruption (corruption at 2014-10-01),nan
stock_CUR6K@718712e8d985,0GJS.L,2010-10-01,,5405000.0,data_before_corruption (corruption at 2014-10-01),nan
stock_CUR6K@718712e8d985,0GJS.L,2011-10-01,,8084000.0,data_before_corruption (corruption at 2014-10-01),nan
stock_CUR6K@718712e8d985,0GJS.L,2012-04-01,2.175104276595745,10222990.100000001,data_before_corruption (corruption at 2014-10-01),nan
stock_CUR6K@718712e8d985,0GJS.L,2012-10-01,2.3653238695502563,11067090.2,data_before_corruption (corruption at 2014-10-01),nan
stock_CUR6K@718712e8d985,0GJS.L,2014-04-01,0.00235,9952250.0,data_before_corruption (corruption at 2014-10-01),nan
stock_CUR6K@718712e8d985,0GJS.L,2014-10-01,0.0018890514305949008,8002021.859999999,data_before_corruption (corruption at 2014-10-01),nan
stock_CUR6K@718712e8d985,0HSU.L,2015-01-01,,384905002.5,data_before_corruption (corruption at 2015-10-01),nan
stock_CUR6K@718712e8d985,0HSU.L,2015-10-01,0.0,0.0,data_before_corruption (corruption at 2015-10-01),nan
stock_CUR6K@718712e8d985,0JQ2.L,2014-01-01,,,data_before_corruption (corruption at 2026-04-01),nan
stock_CUR6K@718712e8d985,0JQ2.L,2015-01-01,,,data_before_corruption (corruption at 2026-04-01),nan
stock_CUR6K@718712e8d985,0JQ2.L,2015-04-01,,,data_before_corruption (corruption at 2026-04-01),nan
stock_CUR6K@718712e8d985,0JQ2.L,2015-07-01,,,data_before_corruption (corruption at 2026-04-01),nan
stock_CUR6K@718712e8d985,0JQ2.L,2016-01-01,33781093.18181818,15978457075.0,data_before_corruption (corruption at 2026-04-01),nan
stock_CUR6K@718712e8d985,0JQ2.L,2016-10-01,0.0,0.0,data_before_corruption (corruption at 2026-04-01),nan
stock_CUR6K@718712e8d985,0JQ2.L,2017-01-01,33781093.18181818,15978457075.0,data_before_corruption (corruption at 2026-04-01),nan
stock_CUR6K@718712e8d985,0JQ2.L,2017-04-01,45508365.90909091,21525457075.0,data_before_corruption (corruption at 2026-04-01),nan
stock_CUR6K@718712e8d985,0JQ2.L,2017-07-01,2854881.2725256444,20595113500.0,data_before_corruption (corruption at 2026-04-01),nan
stock_CUR6K@718712e8d985,0JQ2.L,2017-10-01,2311306.5674077095,22664672200.0,data_before_corruption (corruption at 2026-04-01),nan
stock_CUR6K@718712e8d985,0JQ2.L,2018-01-01,1978741.9374554344,19425309600.0,data_before_corruption (corruption at 2026-04-01),nan
stock_CUR6K@718712e8d985,0JQ2.L,2018-04-01,1716222.0565788136,16865314150.0,data_before_corruption (corruption at 2026-04-01),nan
stock_CUR6K@718712e8d985,0JQ2.L,2018-07-01,1203750.0,11844900000.0,data_before_corruption (corruption at 2026-04-01),nan
stock_CUR6K@718712e8d985,0JQ2.L,2018-10-01,611234.3670076727,8125749675.0,data_before_corruption (corruption at 2026-04-01),nan
stock_CUR6K@718712e8d985,0JQ2.L,2019-01-01,1046265.4416648218,14177943000.0,data_before_corruption (corruption at 2026-04-01),nan
stock_CUR6K@718712e8d985,0JQ2.L,2019-04-01,798759.4296465727,10825586550.0,data_before_corruption (corruption at 2026-04-01),nan
stock_CUR6K@718712e8d985,0JQ2.L,2019-07-01,475635.44029413915,6500509562.5,data_before_corruption (corruption at 2026-04-01),nan
stock_CUR6K@718712e8d985,0JQ2.L,2019-10-01,461236.7836676218,6438865500.0,data_before_corruption (corruption at 2026-04-01),nan
stock_CUR6K@718712e8d985,0JQ2.L,2020-01-01,1098735.1747930082,17914877025.0,data_before_corruption (corruption at 2026-04-01),nan
stock_CUR6K@718712e8d985,0JQ2.L,2020-04-01,1313722.8783322861,29272373175.0,data_before_corruption (corruption at 2026-04-01),nan
stock_CUR6K@718712e8d985,0JQ2.L,2020-07-01,937511.7124754596,21011512500.0,data_before_corruption (corruption at 2026-04-01),nan
stock_CUR6K@718712e8d985,0JQ2.L,2020-10-01,847513.3997979709,19297032600.0,data_before_corruption (corruption at 2026-04-01),nan
stock_CUR6K@718712e8d985,0JQ2.L,2021-01-01,842511.615035277,20778021450.0,data_before_corruption (corruption at 2026-04-01),nan
stock_CUR6K@718712e8d985,0JQ2.L,2021-04-01,662494.8687165983,17106942500.0,data_before_corruption (corruption at 2026-04-01),nan
stock_CUR6K@718712e8d985,0JQ2.L,2021-07-01,330638.0591852421,8603202300.0,data_before_corruption (corruption at 2026-04-01),nan
stock_CUR6K@718712e8d985,0JQ2.L,2021-10-01,0.0,0.0,data_before_corruption (corruption at 2026-04-01),nan
stock_CUR6K@718712e8d985,0JQ2.L,2022-01-01,173948.58772406302,5123829600.0,data_before_corruption (corruption at 2026-04-01),nan
stock_CUR6K@718712e8d985,0JQ2.L,2022-04-01,37813.98663092532,1114416000.0,data_before_corruption (corruption at 2026-04-01),nan
stock_CUR6K@718712e8d985,0JQ2.L,2022-07-01,27675.0,829696500.0,data_before_corruption (corruption at 2026-04-01),nan
stock_CUR6K@718712e8d985,0JQ2.L,2022-10-01,95373.52030842745,3073697812.5,data_before_corruption (corruption at 2026-04-01),nan
stock_CUR6K@718712e8d985,0JQ2.L,2023-01-01,37624.74543301759,1557062465.0,data_before_corruption (corruption at 2026-04-01),nan
stock_CUR6K@718712e8d985,0JQ2.L,2023-04-01,36474.89307102773,1741894993.5,data_before_corruption (corruption at 2026-04-01),nan
stock_CUR6K@718712e8d985,0JQ2.L,2023-07-01,22250.087248058975,1134843450.0,data_before_corruption (corruption at 2026-04-01),nan
stock_CUR6K@718712e8d985,0JQ2.L,2023-10-01,17499.83870967742,949366250.0,data_before_corruption (corruption at 2026-04-01),nan
stock_CUR6K@718712e8d985,0JQ2.L,2024-01-01,19975.07100454998,1123877395.0,data_before_corruption (corruption at 2026-04-01),nan
stock_CUR6K@718712e8d985,0JQ2.L,2024-04-01,17225.073897762522,1043908378.5,data_before_corruption (corruption at 2026-04-01),nan
stock_CUR6K@718712e8d985,0JQ2.L,2024-07-01,14249.932254300285,1318859730.0,data_before_corruption (corruption at 2026-04-01),nan
stock_CUR6K@718712e8d985,0JQ2.L,2024-10-01,17350.040653090786,1629030017.0,data_before_corruption (corruption at 2026-04-01),nan
stock_CUR6K@718712e8d985,0JQ2.L,2025-01-01,286.5383806146572,36361720.5,data_before_corruption (corruption at 2026-04-01),nan
stock_CUR6K@718712e8d985,0JQ2.L,2025-04-01,238.0,31002356.0,data_before_corruption (corruption at 2026-04-01),nan
stock_CUR6K@718712e8d985,0JQ2.L,2025-07-01,76.5,10774948.5,data_before_corruption (corruption at 2026-04-01),nan
stock_CUR6K@718712e8d985,0JQ2.L,2025-10-01,0.0,0.0,data_before_corruption (corruption at 2026-04-01),nan
stock_CUR6K@718712e8d985,0JQ2.L,2026-01-01,0.1729997377367949,2054124.1500000001,data_before_corruption (corruption at 2026-04-01),nan
stock_CUR6K@718712e8d985,0JQ2.L,2026-04-01,17.3,1282950.7,data_before_corruption (corruption at 2026-04-01),nan
stock_CUR6K@718712e8d985,0JQQ.L,2012-10-01,0.0,0.0,data_before_corruption (corruption at 2012-10-01),nan
stock_CUR6K@718712e8d985,0K4C.L,2012-10-01,21.23574297188755,5287700000.0,data_before_corruption (corruption at 2026-04-01),nan
stock_CUR6K@718712e8d985,0K4C.L,2013-01-01,26.5,8559500000.0,data_before_corruption (corruption at 2026-04-01),nan
stock_CUR6K@718712e8d985,0K4C.L,2013-04-01,25.938776758409787,8481980000.000001,data_before_corruption (corruption at 2026-04-01),nan
stock_CUR6K@718712e8d985,0K4C.L,2013-07-01,27.161815384615384,8827590000.0,data_before_corruption (corruption at 2026-04-01),nan
stock_CUR6K@718712e8d985,0K4C.L,2013-10-01,28.72,9276560000.0,data_before_corruption (corruption at 2026-04-01),nan
stock_CUR6K@718712e8d985,0K4C.L,2014-01-01,31.8,10303200000.0,data_before_corruption (corruption at 2026-04-01),nan
stock_CUR6K@718712e8d985,0K4C.L,2014-04-01,37.2,12536400000.000002,data_before_corruption (corruption at 2026-04-01),nan
stock_CUR6K@718712e8d985,0K4C.L,2014-07-01,30.035685131195336,10302240000.0,data_before_corruption (corruption at 2026-04-01),nan
stock_CUR6K@718712e8d985,0K4C.L,2014-10-01,26.870012451267982,9055200000.0,data_before_corruption (corruption at 2026-04-01),nan
stock_CUR6K@718712e8d985,0K4C.L,2015-01-01,25.19,8463840000.0,data_before_corruption (corruption at 2026-04-01),nan
stock_CUR6K@718712e8d985,0K4C.L,2015-04-01,22.88,7619040000.0,data_before_corruption (corruption at 2026-04-01),nan
stock_CUR6K@718712e8d985,0K4C.L,2015-07-01,14.805271084337349,4915350000.0,data_before_corruption (corruption at 2026-04-01),nan
stock_CUR6K@718712e8d985,0K4C.L,2015-10-01,11.77,3695780000.0,data_before_corruption (corruption at 2026-04-01),nan
stock_CUR6K@718712e8d985,0K4C.L,2016-01-01,13.01,4098150000.0,data_before_corruption (corruption at 2026-04-01),nan
stock_CUR6K@718712e8d985,0K4C.L,2016-04-01,14.99,4721850000.0,data_before_corruption (corruption at 2026-04-01),nan
stock_CUR6K@718712e8d985,0K4C.L,2016-07-01,11.174637223974765,3542360000.0000005,data_before_corruption (corruption at 2026-04-01),nan
stock_CUR6K@718712e8d985,0K4C.L,2016-10-01,12.170671316588418,3874160000.0,data_before_corruption (corruption at 2026-04-01),nan
stock_CUR6K@718712e8d985,0K4C.L,2017-01-01,18.7,5883658530.2,data_before_corruption (corruption at 2026-04-01),nan
stock_CUR6K@718712e8d985,0K4C.L,2017-04-01,17.22,5441520000.0,data_before_corruption (corruption at 2026-04-01),nan
stock_CUR6K@718712e8d985,0K4C.L,2017-07-01,25.21874616625647,8112030000.0,data_before_corruption (corruption at 2026-04-01),nan
stock_CUR6K@718712e8d985,0K4C.L,2017-10-01,28.48,9028160000.0,data_before_corruption (corruption at 2026-04-01),nan
stock_CUR6K@718712e8d985,0K4C.L,2018-01-01,30.424650056778397,9708540000.0,data_before_corruption (corruption at 2026-04-01),nan
stock_CUR6K@718712e8d985,0K4C.L,2018-04-01,30.698669757319838,9517000000.0,data_before_corruption (corruption at 2026-04-01),nan
stock_CUR6K@718712e8d985,0K4C.L,2018-07-01,37.62,11248380000.0,data_before_corruption (corruption at 2026-04-01),nan
stock_CUR6K@718712e8d985,0K4C.L,2018-10-01,38.09273356401384,11008800000.0,data_before_corruption (corruption at 2026-04-01),nan
stock_CUR6K@718712e8d985,0K4C.L,2019-01-01,41.77993868267992,11614840000.0,data_before_corruption (corruption at 2026-04-01),nan
stock_CUR6K@718712e8d985,0K4C.L,2019-04-01,35.16460674157303,9388950000.0,data_before_corruption (corruption at 2026-04-01),nan
stock_CUR6K@718712e8d985,0K4C.L,2019-07-01,39.290625,10058400000.0,data_before_corruption (corruption at 2026-04-01),nan
stock_CUR6K@718712e8d985,0K4C.L,2019-10-01,39.11904761904762,9858000000.0,data_before_corruption (corruption at 2026-04-01),nan
stock_CUR6K@718712e8d985,0K4C.L,2020-01-01,27.25998746919931,6760480000.0,data_before_corruption (corruption at 2026-04-01),nan
stock_CUR6K@718712e8d985,0K4C.L,2020-04-01,32.427642276422766,7977200000.000001,data_before_corruption (corruption at 2026-04-01),nan
stock_CUR6K@718712e8d985,0K4C.L,2020-07-01,30.725185549572334,7500560000.0,data_before_corruption (corruption at 2026-04-01),nan
stock_CUR6K@718712e8d985,0K4C.L,2020-10-01,37.821298110226174,9087100000.0,data_before_corruption (corruption at 2026-04-01),nan
stock_CUR6K@718712e8d985,0K4C.L,2021-01-01,37.73,9243850000.0,data_before_corruption (corruption at 2026-04-01),nan
stock_CUR6K@718712e8d985,0K4C.L,2021-04-01,40.2999998355102,9873499959.699999,data_before_corruption (corruption at 2026-04-01),nan
stock_CUR6K@718712e8d985,0K4C.L,2021-07-01,40.83,10003350000.0,data_before_corruption (corruption at 2026-04-01),nan
stock_CUR6K@718712e8d985,0K4C.L,2021-10-01,43.08,10500917968.92,data_before_corruption (corruption at 2026-04-01),nan
stock_CUR6K@718712e8d985,0K4C.L,2022-01-01,38.36,9283120000.0,data_before_corruption (corruption at 2026-04-01),nan
stock_CUR6K@718712e8d985,0K4C.L,2022-04-01,38.17,9046290000.0,data_before_corruption (corruption at 2026-04-01),nan
stock_CUR6K@718712e8d985,0K4C.L,2022-07-01,38.27,8993450000.0,data_before_corruption (corruption at 2026-04-01),nan
stock_CUR6K@718712e8d985,0K4C.L,2022-10-01,31.82,7304631974.6,data_before_corruption (corruption at 2026-04-01),nan
stock_CUR6K@718712e8d985,0K4C.L,2023-01-01,34.29,7886700000.0,data_before_corruption (corruption at 2026-04-01),nan
stock_CUR6K@718712e8d985,0K4C.L,2023-04-01,37.39,8637090000.0,data_before_corruption (corruption at 2026-04-01),nan
stock_CUR6K@718712e8d985,0K4C.L,2023-07-01,38.52,8859600000.0,data_before_corruption (corruption at 2026-04-01),nan
stock_CUR6K@718712e8d985,0K4C.L,2023-10-01,55.14509014637179,11477400000.0,data_before_corruption (corruption at 2026-04-01),nan
stock_CUR6K@718712e8d985,0K4C.L,2024-01-01,70.15,14661350000.000002,data_before_corruption (corruption at 2026-04-01),nan
stock_CUR6K@718712e8d985,0K4C.L,2024-04-01,77.85,16192799999.999998,data_before_corruption (corruption at 2026-04-01),nan
stock_CUR6K@718712e8d985,0K4C.L,2024-07-01,91.1,18857700000.0,data_before_corruption (corruption at 2026-04-01),nan
stock_CUR6K@718712e8d985,0K4C.L,2024-10-01,93.80692090078365,18630430000.0,data_before_corruption (corruption at 2026-04-01),nan
stock_CUR6K@718712e8d985,0K4C.L,2025-01-01,93.1087684729064,18901080000.0,data_before_corruption (corruption at 2026-04-01),nan
stock_CUR6K@718712e8d985,0K4C.L,2025-04-01,160.58,31473680000.000004,data_before_corruption (corruption at 2026-04-01),nan
stock_CUR6K@718712e8d985,0K4C.L,2025-07-01,161.95,31256349999.999996,data_before_corruption (corruption at 2026-04-01),nan
stock_CUR6K@718712e8d985,0K4C.L,2025-10-01,157.893598430625,30315570898.68,data_before_corruption (corruption at 2026-04-01),nan
stock_CUR6K@718712e8d985,0K4C.L,2026-01-01,146.14,30250979999.999996,data_before_corruption (corruption at 2026-04-01),nan
stock_CUR6K@718712e8d985,0K4C.L,2026-04-01,-4161.764144512611,30526540000.0,data_before_corruption (corruption at 2026-04-01),nan
stock_CUR6K@718712e8d985,0MEL.L,2012-10-01,1.2741215867085338,128222500.0,data_before_corruption (corruption at 2025-10-01),nan
stock_CUR6K@718712e8d985,0MEL.L,2013-04-01,1.2306228769719554,134407400.0,data_before_corruption (corruption at 2025-10-01),nan
stock_CUR6K@718712e8d985,0MEL.L,2013-10-01,1.898664593551894,204168870.0,data_before_corruption (corruption at 2025-10-01),nan
stock_CUR6K@718712e8d985,0MEL.L,2014-04-01,2.096217211191599,235987000.0,data_before_corruption (corruption at 2025-10-01),nan
stock_CUR6K@718712e8d985,0MEL.L,2014-10-01,1.4968970044201273,206488625.0,data_before_corruption (corruption at 2025-10-01),nan
stock_CUR6K@718712e8d985,0MEL.L,2015-04-01,1.87,295958665.42,data_before_corruption (corruption at 2025-10-01),nan
stock_CUR6K@718712e8d985,0MEL.L,2015-10-01,2.39,357195060.0,data_before_corruption (corruption at 2025-10-01),nan
stock_CUR6K@718712e8d985,0MEL.L,2016-04-01,2.23,323003110.12,data_before_corruption (corruption at 2025-10-01),nan
stock_CUR6K@718712e8d985,0MEL.L,2016-10-01,2.26,315703920.0,data_before_corruption (corruption at 2025-10-01),nan
stock_CUR6K@718712e8d985,0MEL.L,2017-04-01,3.28,427985328.96,data_before_corruption (corruption at 2025-10-01),nan
stock_CUR6K@718712e8d985,0MEL.L,2017-10-01,3.1,451505603.90000004,data_before_corruption (corruption at 2025-10-01),nan
stock_CUR6K@718712e8d985,0MEL.L,2018-04-01,2.62,373716800.0,data_before_corruption (corruption at 2025-10-01),nan
stock_CUR6K@718712e8d985,0MEL.L,2018-10-01,1.93,251581081.56,data_before_corruption (corruption at 2025-10-01),nan
stock_CUR6K@718712e8d985,0MEL.L,2019-04-01,2.01,274692109.40999997,data_before_corruption (corruption at 2025-10-01),nan
stock_CUR6K@718712e8d985,0MEL.L,2019-10-01,2.05,280158610.84999996,data_before_corruption (corruption at 2025-10-01),nan
stock_CUR6K@718712e8d985,0MEL.L,2020-04-01,1.36,185861322.32000002,data_before_corruption (corruption at 2025-10-01),nan
stock_CUR6K@718712e8d985,0MEL.L,2020-10-01,1.93,263879933.22,data_before_corruption (corruption at 2025-10-01),nan
stock_CUR6K@718712e8d985,0MEL.L,2021-04-01,2.95,406673226.45000005,data_before_corruption (corruption at 2025-10-01),nan
stock_CUR6K@718712e8d985,0MEL.L,2021-10-01,3.36,463583097.59999996,data_before_corruption (corruption at 2025-10-01),nan
stock_CUR6K@718712e8d985,0MEL.L,2022-04-01,2.21,304916263.6,data_before_corruption (corruption at 2025-10-01),nan
stock_CUR6K@718712e8d985,0MEL.L,2022-10-01,2.45,338563437.1,data_before_corruption (corruption at 2025-10-01),nan
stock_CUR6K@718712e8d985,0MEL.L,2023-04-01,2.28,314181013.2,data_before_corruption (corruption at 2025-10-01),nan
stock_CUR6K@718712e8d985,0MEL.L,2023-10-01,2.28,315676617.96,data_before_corruption (corruption at 2025-10-01),nan
stock_CUR6K@718712e8d985,0MEL.L,2024-04-01,2.36,326612959.91999996,data_before_corruption (corruption at 2025-10-01),nan
stock_CUR6K@718712e8d985,0MEL.L,2024-10-01,2.43,335496302.46000004,data_before_corruption (corruption at 2025-10-01),nan
stock_CUR6K@718712e8d985,0MEL.L,2025-04-01,1.2829197288135592,286116757.91999996,data_before_corruption (corruption at 2025-10-01),nan
stock_CUR6K@718712e8d985,0MEL.L,2025-10-01,339.2624499891892,313817766.24,data_before_corruption (corruption at 2025-10-01),nan
stock_CUR6K@718712e8d985,0O0E.L,2005-01-01,,0.0,data_before_corruption (corruption at 2012-07-01),
stock_CUR6K@718712e8d985,0O0E.L,2006-01-01,,0.0,data_before_corruption (corruption at 2012-07-01),
stock_CUR6K@718712e8d985,0O0E.L,2007-01-01,,0.0,data_before_corruption (corruption at 2012-07-01),
stock_CUR6K@718712e8d985,0O0E.L,2008-01-01,,0.0,data_before_corruption (corruption at 2012-07-01),
stock_CUR6K@718712e8d985,0O0E.L,2009-01-01,,55149627.0,data_before_corruption (corruption at 2012-07-01),
stock_CUR6K@718712e8d985,0O0E.L,2010-01-01,,87233290.95,data_before_corruption (corruption at 2012-07-01),
stock_CUR6K@718712e8d985,0O0E.L,2011-01-01,,103689920.96,data_before_corruption (corruption at 2012-07-01),
stock_CUR6K@718712e8d985,0O0E.L,2012-01-01,,108566025.72,data_before_corruption (corruption at 2012-07-01),
stock_CUR6K@718712e8d985,0O0E.L,2012-07-01,0.0,0.0,data_before_corruption (corruption at 2012-07-01),propertyPlantEquipmentNet|totalAssets|totalCurrentAssets|totalCurrentLiabilities|totalLiabilities|totalStockholdersEquity
stock_CUR6K@718712e8d985,0QK3.L,2012-10-01,0.0,0.0,data_before_corruption (corruption at 2024-10-01),nan
stock_CUR6K@718712e8d985,0QK3.L,2013-04-01,0.0,0.0,data_before_corruption (corruption at 2024-10-01),nan
stock_CUR6K@718712e8d985,0QK3.L,2013-10-01,0.0,0.0,data_before_corruption (corruption at 2024-10-01),nan
stock_CUR6K@718712e8d985,0QK3.L,2014-04-01,0.0,0.0,data_before_corruption (corruption at 2024-10-01),nan
stock_CUR6K@718712e8d985,0QK3.L,2014-10-01,0.0,0.0,data_before_corruption (corruption at 2024-10-01),nan
stock_CUR6K@718712e8d985,0QK3.L,2015-04-01,0.0,0.0,data_before_corruption (corruption at 2024-10-01),nan
stock_CUR6K@718712e8d985,0QK3.L,2015-10-01,0.0,0.0,data_before_corruption (corruption at 2024-10-01),nan
stock_CUR6K@718712e8d985,0QK3.L,2016-04-01,0.0,0.0,data_before_corruption (corruption at 2024-10-01),nan
stock_CUR6K@718712e8d985,0QK3.L,2016-10-01,0.0,0.0,data_before_corruption (corruption at 2024-10-01),nan
stock_CUR6K@718712e8d985,0QK3.L,2017-04-01,0.0,0.0,data_before_corruption (corruption at 2024-10-01),nan
stock_CUR6K@718712e8d985,0QK3.L,2017-10-01,0.0,0.0,data_before_corruption (corruption at 2024-10-01),nan
stock_CUR6K@718712e8d985,0QK3.L,2018-04-01,0.0,0.0,data_before_corruption (corruption at 2024-10-01),nan
stock_CUR6K@718712e8d985,0QK3.L,2018-10-01,0.0,0.0,data_before_corruption (corruption at 2024-10-01),nan
stock_CUR6K@718712e8d985,0QK3.L,2019-04-01,0.0,0.0,data_before_corruption (corruption at 2024-10-01),nan
stock_CUR6K@718712e8d985,0QK3.L,2019-10-01,0.0,0.0,data_before_corruption (corruption at 2024-10-01),nan
stock_CUR6K@718712e8d985,0QK3.L,2020-04-01,28.057567289905432,1455574347.81,data_before_corruption (corruption at 2024-10-01),nan
stock_CUR6K@718712e8d985,0QK3.L,2020-10-01,53.79177471666108,3497138453.06,data_before_corruption (corruption at 2024-10-01),nan
stock_CUR6K@718712e8d985,0QK3.L,2021-04-01,54.8,4643391909.2,data_before_corruption (corruption at 2024-10-01),nan
stock_CUR6K@718712e8d985,0QK3.L,2021-10-01,45.12527412226442,4098975528.9,data_before_corruption (corruption at 2024-10-01),nan
stock_CUR6K@718712e8d985,0QK3.L,2022-04-01,30.24505859502901,2801647504.36,data_before_corruption (corruption at 2024-10-01),nan
stock_CUR6K@718712e8d985,0QK3.L,2022-10-01,36.45046296386477,3473052308.2599998,data_before_corruption (corruption at 2024-10-01),nan
stock_CUR6K@718712e8d985,0QK3.L,2023-04-01,40.76,4891200000.0,data_before_corruption (corruption at 2024-10-01),nan
stock_CUR6K@718712e8d985,0QK3.L,2023-10-01,31.480635329947585,4975138912.88,data_before_corruption (corruption at 2024-10-01),nan
stock_CUR6K@718712e8d985,0QK3.L,2024-04-01,31.115000054113043,5111750000.0,data_before_corruption (corruption at 2024-10-01),nan
stock_CUR6K@718712e8d985,0QK3.L,2024-10-01,0.0,0.0,data_before_corruption (corruption at 2024-10-01),nan
stock_CUR6K@718712e8d985,0QKP.L,2012-10-01,0.0,0.0,data_before_corruption (corruption at 2018-10-01),nan
stock_CUR6K@718712e8d985,0QKP.L,2013-04-01,0.0,0.0,data_before_corruption (corruption at 2018-10-01),nan
stock_CUR6K@718712e8d985,0QKP.L,2013-10-01,0.0,0.0,data_before_corruption (corruption at 2018-10-01),nan
stock_CUR6K@718712e8d985,0QKP.L,2014-04-01,0.0,0.0,data_before_corruption (corruption at 2018-10-01),nan
stock_CUR6K@718712e8d985,0QKP.L,2014-10-01,0.0,0.0,data_before_corruption (corruption at 2018-10-01),nan
stock_CUR6K@718712e8d985,0QKP.L,2015-04-01,0.0,0.0,data_before_corruption (corruption at 2018-10-01),nan
stock_CUR6K@718712e8d985,0QKP.L,2015-10-01,0.0,0.0,data_before_corruption (corruption at 2018-10-01),nan
stock_CUR6K@718712e8d985,0QKP.L,2016-04-01,0.0,0.0,data_before_corruption (corruption at 2018-10-01),nan
stock_CUR6K@718712e8d985,0QKP.L,2016-10-01,0.0,0.0,data_before_corruption (corruption at 2018-10-01),nan
stock_CUR6K@718712e8d985,0QKP.L,2017-04-01,0.0,0.0,data_before_corruption (corruption at 2018-10-01),nan
stock_CUR6K@718712e8d985,0QKP.L,2017-10-01,0.0,0.0,data_before_corruption (corruption at 2018-10-01),nan
stock_CUR6K@718712e8d985,0QKP.L,2018-04-01,0.0,0.0,data_before_corruption (corruption at 2018-10-01),nan
stock_CUR6K@718712e8d985,0QKP.L,2018-10-01,0.0,0.0,data_before_corruption (corruption at 2018-10-01),nan
stock_CUR6K@718712e8d985,0QKR.L,2012-10-01,23.435532728667305,415465897.586394,data_before_corruption (corruption at 2018-10-01),nan
stock_CUR6K@718712e8d985,0QKR.L,2013-04-01,18.895233,335819817.71039104,data_before_corruption (corruption at 2018-10-01),nan
stock_CUR6K@718712e8d985,0QKR.L,2013-10-01,23.213091,410767832.11777496,data_before_corruption (corruption at 2018-10-01),nan
stock_CUR6K@718712e8d985,0QKR.L,2014-04-01,22.216661,423005225.44,data_before_corruption (corruption at 2018-10-01),nan
stock_CUR6K@718712e8d985,0QKR.L,2014-10-01,18.194042,523202499.761768,data_before_corruption (corruption at 2018-10-01),nan
stock_CUR6K@718712e8d985,0QKR.L,2015-04-01,13.064282,318528320.103994,data_before_corruption (corruption at 2018-10-01),nan
stock_CUR6K@718712e8d985,0QKR.L,2015-10-01,10.1,344876407.9,data_before_corruption (corruption at 2018-10-01),nan
stock_CUR6K@718712e8d985,0QKR.L,2016-04-01,13.9,615075000.0,data_before_corruption (corruption at 2018-10-01),nan
stock_CUR6K@718712e8d985,0QKR.L,2016-10-01,0.0,0.0,data_before_corruption (corruption at 2018-10-01),nan
stock_CUR6K@718712e8d985,0QKR.L,2017-04-01,17.549999,923129947.4,data_before_corruption (corruption at 2018-10-01),nan
stock_CUR6K@718712e8d985,0QKR.L,2017-10-01,0.0,0.0,data_before_corruption (corruption at 2018-10-01),nan
stock_CUR6K@718712e8d985,0QKR.L,2018-04-01,16.34,1149713511.36,data_before_corruption (corruption at 2018-10-01),nan
stock_CUR6K@718712e8d985,0QKR.L,2018-10-01,0.0,0.0,data_before_corruption (corruption at 2018-10-01),nan
stock_CUR6K@718712e8d985,0QPF.L,2012-10-01,94.72,568942784.0,data_before_corruption (corruption at 2013-04-01),nan
stock_CUR6K@718712e8d985,0QPF.L,2013-04-01,0.0,0.0,data_before_corruption (corruption at 2013-04-01),nan
stock_CUR6K@718712e8d985,0R3M.L,2012-10-01,35505.28580032979,143858399.720343,data_before_corruption (corruption at 2018-04-01),nan
stock_CUR6K@718712e8d985,0R3M.L,2013-10-01,19.720963276154208,83909188.408573,data_before_corruption (corruption at 2018-04-01),nan
stock_CUR6K@718712e8d985,0R3M.L,2014-04-01,19.609381,83434425.68518199,data_before_corruption (corruption at 2018-04-01),nan
stock_CUR6K@718712e8d985,0R3M.L,2014-10-01,18.775982,102697261.35505599,data_before_corruption (corruption at 2018-04-01),nan
stock_CUR6K@718712e8d985,0R3M.L,2015-04-01,20.589848999999997,139496226.975,data_before_corruption (corruption at 2018-04-01),nan
stock_CUR6K@718712e8d985,0R3M.L,2015-10-01,24.016588,167350323.075032,data_before_corruption (corruption at 2018-04-01),nan
stock_CUR6K@718712e8d985,0R3M.L,2016-04-01,18.1877,135711670.3456,data_before_corruption (corruption at 2018-04-01),nan
stock_CUR6K@718712e8d985,0R3M.L,2016-10-01,17.672955,137443772.79594,data_before_corruption (corruption at 2018-04-01),nan
stock_CUR6K@718712e8d985,0R3M.L,2017-04-01,16.373833,133029664.67582402,data_before_corruption (corruption at 2018-04-01),nan
stock_CUR6K@718712e8d985,0R3M.L,2017-10-01,10.491018,86574880.967148,data_before_corruption (corruption at 2018-04-01),nan
stock_CUR6K@718712e8d985,0R3M.L,2018-04-01,3.921876,32190793.504884,data_before_corruption (corruption at 2018-04-01),nan
stock_CUR6K@718712e8d985,0R9T.L,2012-10-01,12158.761579396885,185068510.0,data_before_corruption (corruption at 2020-04-01),
stock_CUR6K@718712e8d985,0R9T.L,2013-04-01,13820.879297158304,209621276.3,data_before_corruption (corruption at 2020-04-01),
stock_CUR6K@718712e8d985,0R9T.L,2013-10-01,18011.16932634632,273247449.85,data_before_corruption (corruption at 2020-04-01),
stock_CUR6K@718712e8d985,0R9T.L,2014-04-01,20190.166430361383,306163683.75,data_before_corruption (corruption at 2020-04-01),
stock_CUR6K@718712e8d985,0R9T.L,2014-10-01,20000.16464699684,303682500.0,data_before_corruption (corruption at 2020-04-01),
stock_CUR6K@718712e8d985,0R9T.L,2015-04-01,20919.71737182022,317435791.40000004,data_before_corruption (corruption at 2020-04-01),totalCurrentAssets|totalLiabilities
stock_CUR6K@718712e8d985,0R9T.L,2015-10-01,21267.32102543825,322710329.24,data_before_corruption (corruption at 2020-04-01),
stock_CUR6K@718712e8d985,0R9T.L,2016-04-01,25.216701413340115,377536812.9,data_before_corruption (corruption at 2020-04-01),totalCurrentLiabilities|totalStockholdersEquity
stock_CUR6K@718712e8d985,0R9T.L,2016-10-01,35.21525353083308,527246438.25000006,data_before_corruption (corruption at 2020-04-01),totalCurrentLiabilities
stock_CUR6K@718712e8d985,0R9T.L,2017-04-01,39.18241760230845,586631672.5,data_before_corruption (corruption at 2020-04-01),
stock_CUR6K@718712e8d985,0R9T.L,2017-10-01,44.31561113528232,662470348.35,data_before_corruption (corruption at 2020-04-01),
stock_CUR6K@718712e8d985,0R9T.L,2018-04-01,59.678885683752895,892238550.0,data_before_corruption (corruption at 2020-04-01),propertyPlantEquipmentNet|totalStockholdersEquity
stock_CUR6K@718712e8d985,0R9T.L,2018-10-01,51.467714314307386,770401996.0,data_before_corruption (corruption at 2020-04-01),
stock_CUR6K@718712e8d985,0R9T.L,2019-04-01,58.4,876852990.4,data_before_corruption (corruption at 2020-04-01),
stock_CUR6K@718712e8d985,0R9T.L,2019-10-01,60.6,910534089.0,data_before_corruption (corruption at 2020-04-01),
stock_CUR6K@718712e8d985,0R9T.L,2020-04-01,78.0,1174175964.0,data_before_corruption (corruption at 2020-04-01),
stock_CUR6K@718712e8d985,0RA9.L,2013-10-01,0.021,145215.0,data_before_corruption (corruption at 2014-10-01),nan
stock_CUR6K@718712e8d985,0RA9.L,2014-10-01,25.11295704989154,173656098.0,data_before_corruption (corruption at 2014-10-01),nan
stock_CUR6K@718712e8d985,0RFX.L,2012-10-01,0.0,0.0,data_before_corruption (corruption at 2012-10-01),nan
stock_CUR6K@718712e8d985,0RH8.L,2012-04-01,44949.66154189114,725892084.24,data_before_corruption (corruption at 2025-10-01),
stock_CUR6K@718712e8d985,0RH8.L,2012-10-01,46189.55717369392,751504095.216,data_before_corruption (corruption at 2025-10-01),
stock_CUR6K@718712e8d985,0RH8.L,2013-04-01,33058887.55578145,520346890128.0,data_before_corruption (corruption at 2025-10-01),
stock_CUR6K@718712e8d985,0RH8.L,2013-10-01,15589310.322064945,374455233936.0,data_before_corruption (corruption at 2025-10-01),
stock_CUR6K@718712e8d985,0RH8.L,2014-04-01,20340.297379011972,404324431.29999995,data_before_corruption (corruption at 2025-10-01),
stock_CUR6K@718712e8d985,0RH8.L,2014-10-01,25553.381295539035,687385956.85,data_before_corruption (corruption at 2025-10-01),
stock_CUR6K@718712e8d985,0RH8.L,2015-04-01,18469.397,1052755629.0,data_before_corruption (corruption at 2025-10-01),
stock_CUR6K@718712e8d985,0RH8.L,2015-10-01,8861.172,504962747.592,data_before_corruption (corruption at 2025-10-01),
stock_CUR6K@718712e8d985,0RH8.L,2016-04-01,8480.0,687728000.0,data_before_corruption (corruption at 2025-10-01),
stock_CUR6K@718712e8d985,0RH8.L,2016-10-01,7795.0,729331380.0,data_before_corruption (corruption at 2025-10-01),
stock_CUR6K@718712e8d985,0RH8.L,2017-04-01,5341.999999999999,500011199.99999994,data_before_corruption (corruption at 2025-10-01),
stock_CUR6K@718712e8d985,0RH8.L,2017-10-01,6126.442740567334,646407100.0,data_before_corruption (corruption at 2025-10-01),
stock_CUR6K@718712e8d985,0RH8.L,2018-04-01,4795.057142857143,503481000.0,data_before_corruption (corruption at 2025-10-01),
stock_CUR6K@718712e8d985,0RH8.L,2018-10-01,574.4914965521639,63067101.99999999,data_before_corruption (corruption at 2025-10-01),propertyPlantEquipmentNet
stock_CUR6K@718712e8d985,0RH8.L,2019-04-01,190.3,20913970.0,data_before_corruption (corruption at 2025-10-01),
stock_CUR6K@718712e8d985,0RH8.L,2019-10-01,172.1,18909143.3,data_before_corruption (corruption at 2025-10-01),
stock_CUR6K@718712e8d985,0RH8.L,2020-04-01,100.00000000000001,10987300.100000001,data_before_corruption (corruption at 2025-10-01),
stock_CUR6K@718712e8d985,0RH8.L,2020-10-01,427.99999999999994,47025644.427999996,data_before_corruption (corruption at 2025-10-01),
stock_CUR6K@718712e8d985,0RH8.L,2021-04-01,390.0,42850470.39,data_before_corruption (corruption at 2025-10-01),
stock_CUR6K@718712e8d985,0RH8.L,2021-10-01,210.0,23073330.21,data_before_corruption (corruption at 2025-10-01),
stock_CUR6K@718712e8d985,0RH8.L,2022-04-01,230.0,25270790.23,data_before_corruption (corruption at 2025-10-01),
stock_CUR6K@718712e8d985,0RH8.L,2022-10-01,175.9999983981506,19337648.0,data_before_corruption (corruption at 2025-10-01),
stock_CUR6K@718712e8d985,0RH8.L,2023-04-01,127.49999883956933,14008807.5,data_before_corruption (corruption at 2025-10-01),
stock_CUR6K@718712e8d985,0RH8.L,2023-10-01,103.99999905345263,11426792.0,data_before_corruption (corruption at 2025-10-01),totalCurrentLiabilities
stock_CUR6K@718712e8d985,0RH8.L,2024-04-01,58.39999946847725,6416583.2,data_before_corruption (corruption at 2025-10-01),totalCurrentLiabilities|totalLiabilities
stock_CUR6K@718712e8d985,0RH8.L,2024-10-01,71.99999999999999,7910855.999999999,data_before_corruption (corruption at 2025-10-01),
stock_CUR6K@718712e8d985,0RH8.L,2025-04-01,69.00000000000001,7581237.000000001,data_before_corruption (corruption at 2025-10-01),
stock_CUR6K@718712e8d985,0RH8.L,2025-10-01,0.0522,5735370.600000001,data_before_corruption (corruption at 2025-10-01),
stock_CUR6K@718712e8d985,0RHT.L,2012-10-01,,368606014.0,data_before_corruption (corruption at 2016-10-01),nan
stock_CUR6K@718712e8d985,0RHT.L,2013-10-01,,368606014.0,data_before_corruption (corruption at 2016-10-01),nan
stock_CUR6K@718712e8d985,0RHT.L,2014-10-01,1623.8150396475771,368606014.0,data_before_corruption (corruption at 2016-10-01),nan
stock_CUR6K@718712e8d985,0RHT.L,2015-10-01,14.454369171584444,368606014.0,data_before_corruption (corruption at 2016-10-01),nan
stock_CUR6K@718712e8d985,0RHT.L,2016-04-01,15.0,382520340.0,data_before_corruption (corruption at 2016-10-01),nan
stock_CUR6K@718712e8d985,0RHT.L,2016-10-01,15.474999999999998,394633484.09999996,data_before_corruption (corruption at 2016-10-01),nan
stock_CUR6K@718712e8d985,0UNV.L,2012-10-01,212.15,4679604.7,data_before_corruption (corruption at 2021-01-01),
stock_CUR6K@718712e8d985,0UNV.L,2013-01-01,231.44000000000003,5105103.5200000005,data_before_corruption (corruption at 2021-01-01),
stock_CUR6K@718712e8d985,0UNV.L,2013-04-01,151.6970607712292,2977965.0,data_before_corruption (corruption at 2021-01-01),
stock_CUR6K@718712e8d985,0UNV.L,2013-07-01,96.432,2127289.92,data_before_corruption (corruption at 2021-01-01),
stock_CUR6K@718712e8d985,0UNV.L,2013-10-01,125.36,2766444.48,data_before_corruption (corruption at 2021-01-01),
stock_CUR6K@718712e8d985,0UNV.L,2014-01-01,212.15,4681726.2,data_before_corruption (corruption at 2021-01-01),
stock_CUR6K@718712e8d985,0UNV.L,2014-04-01,212.15961433880176,4681514.05,data_before_corruption (corruption at 2021-01-01),
stock_CUR6K@718712e8d985,0UNV.L,2014-07-01,154.29000000000002,3404871.72,data_before_corruption (corruption at 2021-01-01),
stock_CUR6K@718712e8d985,0UNV.L,2014-10-01,125.36,2766444.48,data_before_corruption (corruption at 2021-01-01),
stock_CUR6K@718712e8d985,0UNV.L,2015-01-01,173.58,3830563.4400000004,data_before_corruption (corruption at 2021-01-01),
stock_CUR6K@718712e8d985,0UNV.L,2015-04-01,231.44,5107417.92,data_before_corruption (corruption at 2021-01-01),
stock_CUR6K@718712e8d985,0UNV.L,2015-07-01,135.0,2979180.0,data_before_corruption (corruption at 2021-01-01),
stock_CUR6K@718712e8d985,0UNV.L,2015-10-01,106.08,2340973.44,data_before_corruption (corruption at 2021-01-01),
stock_CUR6K@718712e8d985,0UNV.L,2016-01-01,163.92999999999998,3617607.2399999998,data_before_corruption (corruption at 2021-01-01),
stock_CUR6K@718712e8d985,0UNV.L,2016-04-01,0.3606756470274119,8105103.14,data_before_corruption (corruption at 2021-01-01),
stock_CUR6K@718712e8d985,0UNV.L,2016-07-01,1.09,25955080.000000004,data_before_corruption (corruption at 2021-01-01),
stock_CUR6K@718712e8d985,0UNV.L,2016-10-01,0.50145,13550181.899999999,data_before_corruption (corruption at 2021-01-01),
stock_CUR6K@718712e8d985,0UNV.L,2017-01-01,0.61717,16848741.0,data_before_corruption (corruption at 2021-01-01),
stock_CUR6K@718712e8d985,0UNV.L,2017-04-01,426.9918025751073,11640223.53,data_before_corruption (corruption at 2021-01-01),
stock_CUR6K@718712e8d985,0UNV.L,2017-07-01,0.39537,10810997.28,data_before_corruption (corruption at 2021-01-01),
stock_CUR6K@718712e8d985,0UNV.L,2017-10-01,0.31823,8716001.47,data_before_corruption (corruption at 2021-01-01),
stock_CUR6K@718712e8d985,0UNV.L,2018-01-01,0.40501,11092818.889999999,data_before_corruption (corruption at 2021-01-01),
stock_CUR6K@718712e8d985,0UNV.L,2018-04-01,0.299781884057971,8791103.75,data_before_corruption (corruption at 2021-01-01),
stock_CUR6K@718712e8d985,0UNV.L,2018-07-01,0.32787,9935772.48,data_before_corruption (corruption at 2021-01-01),
stock_CUR6K@718712e8d985,0UNV.L,2018-10-01,298.93999999999994,9283880.639999999,data_before_corruption (corruption at 2021-01-01),
stock_CUR6K@718712e8d985,0UNV.L,2019-01-01,0.31823,10336428.63,data_before_corruption (corruption at 2021-01-01),
stock_CUR6K@718712e8d985,0UNV.L,2019-04-01,298.8893854306962,10208268.069999998,data_before_corruption (corruption at 2021-01-01),
stock_CUR6K@718712e8d985,0UNV.L,2019-07-01,270.01,11775406.11,data_before_corruption (corruption at 2021-01-01),
stock_CUR6K@718712e8d985,0UNV.L,2019-10-01,125.36,5840397.04,data_before_corruption (corruption at 2021-01-01),
stock_CUR6K@718712e8d985,0UNV.L,2020-01-01,192.85999999999999,9496619.26,data_before_corruption (corruption at 2021-01-01),
stock_CUR6K@718712e8d985,0UNV.L,2020-04-01,142.52880707151004,8247571.95,data_before_corruption (corruption at 2021-01-01),
stock_CUR6K@718712e8d985,0UNV.L,2020-07-01,173.58,9994042.08,data_before_corruption (corruption at 2021-01-01),
stock_CUR6K@718712e8d985,0UNV.L,2020-10-01,192.85999999999999,11104107.36,data_before_corruption (corruption at 2021-01-01),
stock_CUR6K@718712e8d985,0UNV.L,2021-01-01,462.87,30914624.43,data_before_corruption (corruption at 2021-01-01),
stock_CUR6K@718712e8d985,0V46.L,2012-10-01,2363.501029182653,182956251.16799998,data_before_corruption (corruption at 2026-01-01),nan
stock_CUR6K@718712e8d985,0V46.L,2013-01-01,1661.6755999999998,141681108.3584,data_before_corruption (corruption at 2026-01-01),nan
stock_CUR6K@718712e8d985,0V46.L,2013-04-01,770.4727715085149,66913248.7872,data_before_corruption (corruption at 2026-01-01),nan
stock_CUR6K@718712e8d985,0V46.L,2013-07-01,1066.1312483130346,92964512.5904,data_before_corruption (corruption at 2026-01-01),nan
stock_CUR6K@718712e8d985,0V46.L,2013-10-01,808.8080893790159,72755522.872,data_before_corruption (corruption at 2026-01-01),nan
stock_CUR6K@718712e8d985,0V46.L,2014-01-01,1284.5462819403829,115533377.14399998,data_before_corruption (corruption at 2026-01-01),nan
stock_CUR6K@718712e8d985,0V46.L,2014-04-01,1368.1660000000002,140551693.18,data_before_corruption (corruption at 2026-01-01),nan
stock_CUR6K@718712e8d985,0V46.L,2014-07-01,919.5928011944413,96082734.24000001,data_before_corruption (corruption at 2026-01-01),nan
stock_CUR6K@718712e8d985,0V46.L,2014-10-01,765.1266084203183,82099615.336717,data_before_corruption (corruption at 2026-01-01),nan
stock_CUR6K@718712e8d985,0V46.L,2015-01-01,630.8,67669700.8,data_before_corruption (corruption at 2026-01-01),nan
stock_CUR6K@718712e8d985,0V46.L,2015-04-01,496.12399999999997,53226167.216,data_before_corruption (corruption at 2026-01-01),nan
stock_CUR6K@718712e8d985,0V46.L,2015-07-01,262.5374463049413,28175256.199999996,data_before_corruption (corruption at 2026-01-01),nan
stock_CUR6K@718712e8d985,0V46.L,2015-10-01,223.8840856498733,24032613.29,data_before_corruption (corruption at 2026-01-01),nan
stock_CUR6K@718712e8d985,0V46.L,2016-01-01,377.25434795573346,42509397.182000004,data_before_corruption (corruption at 2026-01-01),nan
stock_CUR6K@718712e8d985,0V46.L,2016-04-01,571.2064146206418,71610434.581746,data_before_corruption (corruption at 2026-01-01),nan
stock_CUR6K@718712e8d985,0V46.L,2016-07-01,556.2644206561129,69995864.58,data_before_corruption (corruption at 2026-01-01),nan
stock_CUR6K@718712e8d985,0V46.L,2016-10-01,334.44,46141014.6,data_before_corruption (corruption at 2026-01-01),nan
stock_CUR6K@718712e8d985,0V46.L,2017-01-01,428.12699999999995,64258865.811,data_before_corruption (corruption at 2026-01-01),nan
stock_CUR6K@718712e8d985,0V46.L,2017-04-01,308.2820499248601,46361304.36000001,data_before_corruption (corruption at 2026-01-01),nan
stock_CUR6K@718712e8d985,0V46.L,2017-07-01,384.77055374731196,57972609.792,data_before_corruption (corruption at 2026-01-01),nan
stock_CUR6K@718712e8d985,0V46.L,2017-10-01,403.16707266146994,60823397.25,data_before_corruption (corruption at 2026-01-01),nan
stock_CUR6K@718712e8d985,0V46.L,2018-01-01,349.031057056473,59221495.574999996,data_before_corruption (corruption at 2026-01-01),nan
stock_CUR6K@718712e8d985,0V46.L,2018-04-01,334.65709024813185,59248695.228800006,data_before_corruption (corruption at 2026-01-01),nan
stock_CUR6K@718712e8d985,0V46.L,2018-07-01,280.3623828504325,49658906.7,data_before_corruption (corruption at 2026-01-01),nan
stock_CUR6K@718712e8d985,0V46.L,2018-10-01,227.16910390942002,46747994.048,data_before_corruption (corruption at 2026-01-01),nan
stock_CUR6K@718712e8d985,0V46.L,2019-01-01,247.24690076776005,51066127.637672395,data_before_corruption (corruption at 2026-01-01),nan
stock_CUR6K@718712e8d985,0V46.L,2019-04-01,397.2384,82428159.7152,data_before_corruption (corruption at 2026-01-01),nan
stock_CUR6K@718712e8d985,0V46.L,2019-07-01,528.3617218699897,113166098.67527999,data_before_corruption (corruption at 2026-01-01),nan
stock_CUR6K@718712e8d985,0V46.L,2019-10-01,838.6495151121412,200087517.264,data_before_corruption (corruption at 2026-01-01),nan
stock_CUR6K@718712e8d985,0V46.L,2020-01-01,618.1959,149466168.3102,data_before_corruption (corruption at 2026-01-01),nan
stock_CUR6K@718712e8d985,0V46.L,2020-04-01,1561.3588000000002,381550811.3148,data_before_corruption (corruption at 2026-01-01),nan
stock_CUR6K@718712e8d985,0V46.L,2020-07-01,1590.8544495319486,392401749.376,data_before_corruption (corruption at 2026-01-01),nan
stock_CUR6K@718712e8d985,0V46.L,2020-10-01,1365.557465246677,341199553.824,data_before_corruption (corruption at 2026-01-01),nan
stock_CUR6K@718712e8d985,0V46.L,2021-01-01,1153.9579159988825,301543050.9455,data_before_corruption (corruption at 2026-01-01),nan
stock_CUR6K@718712e8d985,0V46.L,2021-04-01,1209.15,319196253.6,data_before_corruption (corruption at 2026-01-01),nan
stock_CUR6K@718712e8d985,0V46.L,2021-07-01,701.498,188107390.198,data_before_corruption (corruption at 2026-01-01),nan
stock_CUR6K@718712e8d985,0V46.L,2021-10-01,766.882,219991604.92999998,data_before_corruption (corruption at 2026-01-01),nan
stock_CUR6K@718712e8d985,0V46.L,2022-01-01,743.256,215678769.336,data_before_corruption (corruption at 2026-01-01),nan
stock_CUR6K@718712e8d985,0V46.L,2022-04-01,427.0585,135055542.391,data_before_corruption (corruption at 2026-01-01),nan
stock_CUR6K@718712e8d985,0V46.L,2022-07-01,296.26599999999996,93886399.13399999,data_before_corruption (corruption at 2026-01-01),nan
stock_CUR6K@718712e8d985,0V46.L,2022-10-01,413.0678403742585,131384074.92000002,data_before_corruption (corruption at 2026-01-01),nan
stock_CUR6K@718712e8d985,0V46.L,2023-01-01,436.247366818206,139236635.82,data_before_corruption (corruption at 2026-01-01),nan
stock_CUR6K@718712e8d985,0V46.L,2023-04-01,331.936,105954967.008,data_before_corruption (corruption at 2026-01-01),nan
stock_CUR6K@718712e8d985,0V46.L,2023-07-01,206.10863789987127,66594525.34,data_before_corruption (corruption at 2026-01-01),nan
stock_CUR6K@718712e8d985,0V46.L,2023-10-01,233.7121,80366112.4028,data_before_corruption (corruption at 2026-01-01),nan
stock_CUR6K@718712e8d985,0V46.L,2024-01-01,244.0486292651513,84219961.7162574,data_before_corruption (corruption at 2026-01-01),nan
stock_CUR6K@718712e8d985,0V46.L,2024-04-01,223.07090000000002,80877031.64580001,data_before_corruption (corruption at 2026-01-01),nan
stock_CUR6K@718712e8d985,0V46.L,2024-07-01,251.27700000000002,95723219.319,data_before_corruption (corruption at 2026-01-01),nan
stock_CUR6K@718712e8d985,0V46.L,2024-10-01,13545.394290322582,65505526.788,data_before_corruption (corruption at 2026-01-01),nan
stock_CUR6K@718712e8d985,0V46.L,2025-01-01,236.2462150067034,90750439.80160001,data_before_corruption (corruption at 2026-01-01),nan
stock_CUR6K@718712e8d985,0V46.L,2025-04-01,238.7128606694382,104592278.61517501,data_before_corruption (corruption at 2026-01-01),nan
stock_CUR6K@718712e8d985,0V46.L,2025-07-01,0.45233999999999996,206298444.60917997,data_before_corruption (corruption at 2026-01-01),nan
stock_CUR6K@718712e8d985,0V46.L,2025-10-01,0.6044059999999999,310633865.33805996,data_before_corruption (corruption at 2026-01-01),nan
stock_CUR6K@718712e8d985,0V46.L,2026-01-01,0.8411364,436412567.7665676,data_before_corruption (corruption at 2026-01-01),nan
stock_CUR6K@718712e8d985,0V9D.L,2012-10-01,,,data_before_corruption (corruption at 2020-10-01),
stock_CUR6K@718712e8d985,0V9D.L,2013-01-01,330.00278650818154,21377580.51,data_before_corruption (corruption at 2020-10-01),
stock_CUR6K@718712e8d985,0V9D.L,2013-04-01,330.0011952936661,27514509.66,data_before_corruption (corruption at 2020-10-01),
stock_CUR6K@718712e8d985,0V9D.L,2013-07-01,0.3300044358416001,24550350.0,data_before_corruption (corruption at 2020-10-01),
stock_CUR6K@718712e8d985,0V9D.L,2013-10-01,0.18117193416844665,45717107.04,data_before_corruption (corruption at 2020-10-01),
stock_CUR6K@718712e8d985,0V9D.L,2014-01-01,0.330002317074027,46999260.0,data_before_corruption (corruption at 2020-10-01),
stock_CUR6K@718712e8d985,0V9D.L,2014-04-01,0.33000065570314147,51651372.63,data_before_corruption (corruption at 2020-10-01),
stock_CUR6K@718712e8d985,0V9D.L,2014-07-01,0.42000175723696515,60632713.68,data_before_corruption (corruption at 2020-10-01),
stock_CUR6K@718712e8d985,0V9D.L,2014-10-01,0.45579841095789714,74405900.0,data_before_corruption (corruption at 2020-10-01),
stock_CUR6K@718712e8d985,0V9D.L,2015-01-01,0.5200026557169415,101818600.0,data_before_corruption (corruption at 2020-10-01),
stock_CUR6K@718712e8d985,0V9D.L,2015-04-01,0.7800037284716612,163177560.0,data_before_corruption (corruption at 2020-10-01),
stock_CUR6K@718712e8d985,0V9D.L,2015-07-01,0.6200024464156065,157128460.0,data_before_corruption (corruption at 2020-10-01),
stock_CUR6K@718712e8d985,0V9D.L,2015-10-01,0.7969673724904115,209039760.0,data_before_corruption (corruption at 2020-10-01),
stock_CUR6K@718712e8d985,0V9D.L,2016-01-01,1750.0027967885153,508083562.0,data_before_corruption (corruption at 2020-10-01),
stock_CUR6K@718712e8d985,0V9D.L,2016-04-01,2660.00880179742,803883920.0,data_before_corruption (corruption at 2020-10-01),
stock_CUR6K@718712e8d985,0V9D.L,2016-07-01,2000.0,607144000.0,data_before_corruption (corruption at 2020-10-01),
stock_CUR6K@718712e8d985,0V9D.L,2016-10-01,2330.007638743181,710708250.0,data_before_corruption (corruption at 2020-10-01),
stock_CUR6K@718712e8d985,0V9D.L,2017-01-01,3150.0102811150605,965122200.0,data_before_corruption (corruption at 2020-10-01),
stock_CUR6K@718712e8d985,0V9D.L,2017-04-01,2870.0092771275167,887874680.0,data_before_corruption (corruption at 2020-10-01),
stock_CUR6K@718712e8d985,0V9D.L,2017-07-01,5.0391078097404405,921587310.0,data_before_corruption (corruption at 2020-10-01),
stock_CUR6K@718712e8d985,0V9D.L,2017-10-01,3.401851183788152,1152409600.0,data_before_corruption (corruption at 2020-10-01),
stock_CUR6K@718712e8d985,0V9D.L,2018-01-01,1.8345520503802095,746926860.0,data_before_corruption (corruption at 2020-10-01),
stock_CUR6K@718712e8d985,0V9D.L,2018-04-01,2.43,835638120.0,data_before_corruption (corruption at 2020-10-01),
stock_CUR6K@718712e8d985,0V9D.L,2018-07-01,2.7500079301912472,953636750.0,data_before_corruption (corruption at 2020-10-01),
stock_CUR6K@718712e8d985,0V9D.L,2018-10-01,1.5622476441875213,847500600.0,data_before_corruption (corruption at 2020-10-01),
stock_CUR6K@718712e8d985,0V9D.L,2019-01-01,1.940889321829189,794751599.9999999,data_before_corruption (corruption at 2020-10-01),
stock_CUR6K@718712e8d985,0V9D.L,2019-04-01,2.4254812790788347,746524330.0,data_before_corruption (corruption at 2020-10-01),
stock_CUR6K@718712e8d985,0V9D.L,2019-07-01,1.7199995600640847,611939880.0,data_before_corruption (corruption at 2020-10-01),
stock_CUR6K@718712e8d985,0V9D.L,2019-10-01,1.6700046766528607,596346980.0,data_before_corruption (corruption at 2020-10-01),
stock_CUR6K@718712e8d985,0V9D.L,2020-01-01,1.0800029979181125,389071080.0,data_before_corruption (corruption at 2020-10-01),
stock_CUR6K@718712e8d985,0V9D.L,2020-04-01,1770.0,648264270.0,data_before_corruption (corruption at 2020-10-01),
stock_CUR6K@718712e8d985,0V9D.L,2020-07-01,2310.00613220069,870179310.0,data_before_corruption (corruption at 2020-10-01),
stock_CUR6K@718712e8d985,0V9D.L,2020-10-01,3508.877571785351,1327706640.0,data_before_corruption (corruption at 2020-10-01),
stock_CUR6K@718712e8d985,0VNO.L,2012-10-01,2.710715532515765,210207857.4,data_before_corruption (corruption at 2019-04-01),
stock_CUR6K@718712e8d985,0VNO.L,2013-01-01,2.0347481982507287,164010878.51999998,data_before_corruption (corruption at 2019-04-01),
stock_CUR6K@718712e8d985,0VNO.L,2013-04-01,0.9911484730161088,80110566.48,data_before_corruption (corruption at 2019-04-01),
stock_CUR6K@718712e8d985,0VNO.L,2013-07-01,0.49823792133569433,37704652.935,data_before_corruption (corruption at 2019-04-01),
stock_CUR6K@718712e8d985,0VNO.L,2013-10-01,0.38982514552959247,31213689.2277,data_before_corruption (corruption at 2019-04-01),
stock_CUR6K@718712e8d985,0VNO.L,2014-01-01,0.5172699289511424,42560969.754099995,data_before_corruption (corruption at 2019-04-01),
stock_CUR6K@718712e8d985,0VNO.L,2014-04-01,0.5637219390202124,41137608.5,data_before_corruption (corruption at 2019-04-01),
stock_CUR6K@718712e8d985,0VNO.L,2014-07-01,0.412578012657547,33749294.0134,data_before_corruption (corruption at 2019-04-01),
stock_CUR6K@718712e8d985,0VNO.L,2014-10-01,0.28509886793641925,23478461.9723,data_before_corruption (corruption at 2019-04-01),
stock_CUR6K@718712e8d985,0VNO.L,2015-01-01,0.300000790144435,24717065.099999998,data_before_corruption (corruption at 2019-04-01),
stock_CUR6K@718712e8d985,0VNO.L,2015-04-01,0.30302336706603517,27188771.610000003,data_before_corruption (corruption at 2019-04-01),
stock_CUR6K@718712e8d985,0VNO.L,2015-07-01,0.29837387474160676,24653439.7744,data_before_corruption (corruption at 2019-04-01),
stock_CUR6K@718712e8d985,0VNO.L,2015-10-01,0.2973780996860303,22826445.553799998,data_before_corruption (corruption at 2019-04-01),
stock_CUR6K@718712e8d985,0VNO.L,2016-01-01,0.5550311580490197,39629224.684700005,data_before_corruption (corruption at 2019-04-01),
stock_CUR6K@718712e8d985,0VNO.L,2016-04-01,1.9199335814828664,159175933.44,data_before_corruption (corruption at 2019-04-01),
stock_CUR6K@718712e8d985,0VNO.L,2016-07-01,1.059991203319502,98095825.92,data_before_corruption (corruption at 2019-04-01),
stock_CUR6K@718712e8d985,0VNO.L,2016-10-01,1.3086954167841953,93535078.8284,data_before_corruption (corruption at 2019-04-01),
stock_CUR6K@718712e8d985,0VNO.L,2017-01-01,1.0521870834562697,99852554.22,data_before_corruption (corruption at 2019-04-01),
stock_CUR6K@718712e8d985,0VNO.L,2017-04-01,0.9555802773987159,85430787.96,data_before_corruption (corruption at 2019-04-01),
stock_CUR6K@718712e8d985,0VNO.L,2017-07-01,0.8557056177966101,75729947.175,data_before_corruption (corruption at 2019-04-01),
stock_CUR6K@718712e8d985,0VNO.L,2017-10-01,0.7209183999254141,69592415.89999999,data_before_corruption (corruption at 2019-04-01),
stock_CUR6K@718712e8d985,0VNO.L,2018-01-01,0.7612635102848102,72167780.775,data_before_corruption (corruption at 2019-04-01),
stock_CUR6K@718712e8d985,0VNO.L,2018-04-01,0.7164523291939677,68886891.45199999,data_before_corruption (corruption at 2019-04-01),
stock_CUR6K@718712e8d985,0VNO.L,2018-07-01,0.5032962985972786,50231990.377799995,data_before_corruption (corruption at 2019-04-01),
stock_CUR6K@718712e8d985,0VNO.L,2018-10-01,0.5549142788167254,52580347.575,data_before_corruption (corruption at 2019-04-01),
stock_CUR6K@718712e8d985,0VNO.L,2019-01-01,700.0051354126173,70226615.2,data_before_corruption (corruption at 2019-04-01),
stock_CUR6K@718712e8d985,0VNO.L,2019-04-01,750.0040358276058,75403155.75,data_before_corruption (corruption at 2019-04-01),
stock_CUR6K@718712e8d985,0YG8.L,2012-10-01,78.82793773905578,1131980379.5,data_before_corruption (corruption at 2017-10-01),nan
stock_CUR6K@718712e8d985,0YG8.L,2013-01-01,96.04521180918684,1379222880.0,data_before_corruption (corruption at 2017-10-01),nan
stock_CUR6K@718712e8d985,0YG8.L,2013-04-01,129.12703102100244,1854282501.5,data_before_corruption (corruption at 2017-10-01),nan
stock_CUR6K@718712e8d985,0YG8.L,2013-07-01,163.93734738138383,2354163587.5,data_before_corruption (corruption at 2017-10-01),nan
stock_CUR6K@718712e8d985,0YG8.L,2013-10-01,345.94230572371777,4967780634.0,data_before_corruption (corruption at 2017-10-01),nan
stock_CUR6K@718712e8d985,0YG8.L,2014-01-01,404.60917893430303,5810245264.0,data_before_corruption (corruption at 2017-10-01),nan
stock_CUR6K@718712e8d985,0YG8.L,2014-04-01,313.9209826755195,4507949888.0,data_before_corruption (corruption at 2017-10-01),nan
stock_CUR6K@718712e8d985,0YG8.L,2014-07-01,73.31932741333617,1052875953.0,data_before_corruption (corruption at 2017-10-01),nan
stock_CUR6K@718712e8d985,0YG8.L,2014-10-01,50.43576818390793,724264793.0,data_before_corruption (corruption at 2017-10-01),nan
stock_CUR6K@718712e8d985,0YG8.L,2015-01-01,27.349594732419778,392744064.0,data_before_corruption (corruption at 2017-10-01),nan
stock_CUR6K@718712e8d985,0YG8.L,2015-04-01,20.714119644499338,297457699.5,data_before_corruption (corruption at 2017-10-01),nan
stock_CUR6K@718712e8d985,0YG8.L,2015-07-01,23.835382686327197,342279480.0,data_before_corruption (corruption at 2017-10-01),nan
stock_CUR6K@718712e8d985,0YG8.L,2015-10-01,28.312332844619505,406569120.0,data_before_corruption (corruption at 2017-10-01),nan
stock_CUR6K@718712e8d985,0YG8.L,2016-01-01,26.25127456956902,376972030.5,data_before_corruption (corruption at 2017-10-01),nan
stock_CUR6K@718712e8d985,0YG8.L,2016-04-01,18.740155912107276,269111300.0,data_before_corruption (corruption at 2017-10-01),nan
stock_CUR6K@718712e8d985,0YG8.L,2016-07-01,12.963978350631908,186164570.0,data_before_corruption (corruption at 2017-10-01),nan
stock_CUR6K@718712e8d985,0YG8.L,2016-10-01,8.460798994884591,121498275.0,data_before_corruption (corruption at 2017-10-01),nan
stock_CUR6K@718712e8d985,0YG8.L,2017-01-01,11.52205897406864,165458403.0,data_before_corruption (corruption at 2017-10-01),nan
stock_CUR6K@718712e8d985,0YG8.L,2017-04-01,7.380267966709521,105981696.0,data_before_corruption (corruption at 2017-10-01),nan
stock_CUR6K@718712e8d985,0YG8.L,2017-07-01,8.187484775568375,117573444.0,data_before_corruption (corruption at 2017-10-01),nan
stock_CUR6K@718712e8d985,0YG8.L,2017-10-01,5.1259718044570866,73609683.0,data_before_corruption (corruption at 2017-10-01),nan
stock_CUR6K@718712e8d985,101140.KS,2008-01-01,2735.0,2774258190.0,data_before_corruption (corruption at 2012-04-01),nan
stock_CUR6K@718712e8d985,101140.KS,2008-04-01,5080.0,5984143480.0,data_before_corruption (corruption at 2012-04-01),nan
stock_CUR6K@718712e8d985,101140.KS,2008-07-01,4165.0,4790641310.0,data_before_corruption (corruption at 2012-04-01),nan
stock_CUR6K@718712e8d985,101140.KS,2008-10-01,485.0,557853790.0,data_before_corruption (corruption at 2012-04-01),nan
stock_CUR6K@718712e8d985,101140.KS,2009-01-01,370.0,743789910.0,data_before_corruption (corruption at 2012-04-01),nan
stock_CUR6K@718712e8d985,101140.KS,2009-04-01,660.0,1326760380.0,data_before_corruption (corruption at 2012-04-01),nan
stock_CUR6K@718712e8d985,101140.KS,2009-07-01,435.0,1163260470.0,data_before_corruption (corruption at 2012-04-01),nan
stock_CUR6K@718712e8d985,101140.KS,2009-10-01,480.0,1283597760.0,data_before_corruption (corruption at 2012-04-01),nan
stock_CUR6K@718712e8d985,101140.KS,2010-01-01,345.0,738148890.0,data_before_corruption (corruption at 2012-04-01),nan
stock_CUR6K@718712e8d985,101140.KS,2010-04-01,385.0,783393765.0,data_before_corruption (corruption at 2012-04-01),nan
stock_CUR6K@718712e8d985,101140.KS,2010-07-01,305.0,654757225.0,data_before_corruption (corruption at 2012-04-01),nan
stock_CUR6K@718712e8d985,101140.KS,2010-10-01,177.0,379973865.0,data_before_corruption (corruption at 2012-04-01),nan
stock_CUR6K@718712e8d985,101140.KS,2011-01-01,219.0,457079937.0,data_before_corruption (corruption at 2012-04-01),nan
stock_CUR6K@718712e8d985,101140.KS,2011-04-01,219.0,490007901.0,data_before_corruption (corruption at 2012-04-01),nan
stock_CUR6K@718712e8d985,101140.KS,2011-07-01,219.0,501910113.0,data_before_corruption (corruption at 2012-04-01),nan
stock_CUR6K@718712e8d985,101140.KS,2011-10-01,219.0,501910113.0,data_before_corruption (corruption at 2012-04-01),nan
stock_CUR6K@718712e8d985,101140.KS,2012-01-01,219.0,122887908.0,data_before_corruption (corruption at 2012-04-01),nan
stock_CUR6K@718712e8d985,101140.KS,2012-04-01,31600.0,17733098400.0,data_before_corruption (corruption at 2012-04-01),nan
stock_CUR6K@718712e8d985,2020.OL,2018-10-01,9.59563,162569163.46,data_before_corruption (corruption at 2026-04-01),nan
stock_CUR6K@718712e8d985,2020.OL,2019-01-01,9.65539,137618273.67000002,data_before_corruption (corruption at 2026-04-01),nan
stock_CUR6K@718712e8d985,2020.OL,2019-04-01,9.667010000000001,161119514.31744003,data_before_corruption (corruption at 2026-04-01),nan
stock_CUR6K@718712e8d985,2020.OL,2019-07-01,9.11506,202089995.26,data_before_corruption (corruption at 2026-04-01),nan
stock_CUR6K@718712e8d985,2020.OL,2019-10-01,9.975012,221155991.052,data_before_corruption (corruption at 2026-04-01),nan
stock_CUR6K@718712e8d985,2020.OL,2020-01-01,4.502647,99828186.637,data_before_corruption (corruption at 2026-04-01),nan
stock_CUR6K@718712e8d985,2020.OL,2020-04-01,5.38668,119428082.28,data_before_corruption (corruption at 2026-04-01),nan
stock_CUR6K@718712e8d985,2020.OL,2020-07-01,6.296892000000001,139608392.532,data_before_corruption (corruption at 2026-04-01),nan
stock_CUR6K@718712e8d985,2020.OL,2020-10-01,6.87586,152444692.06,data_before_corruption (corruption at 2026-04-01),nan
stock_CUR6K@718712e8d985,2020.OL,2021-01-01,10.11488,224257004.48,data_before_corruption (corruption at 2026-04-01),nan
stock_CUR6K@718712e8d985,2020.OL,2021-04-01,13.28658,294576765.18,data_before_corruption (corruption at 2026-04-01),nan
stock_CUR6K@718712e8d985,2020.OL,2021-07-01,15.36259,340665433.25,data_before_corruption (corruption at 2026-04-01),nan
stock_CUR6K@718712e8d985,2020.OL,2021-10-01,12.68512,281292536.0,data_before_corruption (corruption at 2026-04-01),nan
stock_CUR6K@718712e8d985,2020.OL,2022-01-01,13.73713,310060761.23,data_before_corruption (corruption at 2026-04-01),nan
stock_CUR6K@718712e8d985,2020.OL,2022-04-01,11.337788000000002,251936987.14800003,data_before_corruption (corruption at 2026-04-01),nan
stock_CUR6K@718712e8d985,2020.OL,2022-07-01,7.861504,174690480.384,data_before_corruption (corruption at 2026-04-01),nan
stock_CUR6K@718712e8d985,2020.OL,2022-10-01,9.44057,209778905.96999997,data_before_corruption (corruption at 2026-04-01),nan
stock_CUR6K@718712e8d985,2020.OL,2023-01-01,10.079519999999999,224692659.83999997,data_before_corruption (corruption at 2026-04-01),nan
stock_CUR6K@718712e8d985,2020.OL,2023-04-01,9.49212,216097603.92,data_before_corruption (corruption at 2026-04-01),nan
stock_CUR6K@718712e8d985,2020.OL,2023-07-01,8.954307,202662830.331,data_before_corruption (corruption at 2026-04-01),nan
stock_CUR6K@718712e8d985,2020.OL,2023-10-01,11.93859,271579045.32,data_before_corruption (corruption at 2026-04-01),nan
stock_CUR6K@718712e8d985,2020.OL,2024-01-01,13.691964800000001,313148926.9408,data_before_corruption (corruption at 2026-04-01),nan
stock_CUR6K@718712e8d985,2020.OL,2024-04-01,14.676569999999998,335667832.46999997,data_before_corruption (corruption at 2026-04-01),nan
stock_CUR6K@718712e8d985,2020.OL,2024-07-01,14.736447500000002,337037290.77250004,data_before_corruption (corruption at 2026-04-01),nan
stock_CUR6K@718712e8d985,2020.OL,2024-10-01,10.88968,248763849.92000002,data_before_corruption (corruption at 2026-04-01),nan
stock_CUR6K@718712e8d985,2020.OL,2025-01-01,10.582443,242031053.853,data_before_corruption (corruption at 2026-04-01),nan
stock_CUR6K@718712e8d985,2020.OL,2025-04-01,11.284518,258087150.433308,data_before_corruption (corruption at 2026-04-01),nan
stock_CUR6K@718712e8d985,2020.OL,2025-07-01,13.447459,307555570.727854,data_before_corruption (corruption at 2026-04-01),nan
stock_CUR6K@718712e8d985,2020.OL,2025-10-01,14.363937000000002,328581824.289327,data_before_corruption (corruption at 2026-04-01),nan
stock_CUR6K@718712e8d985,2020.OL,2026-01-01,14.166614,324459773.768592,data_before_corruption (corruption at 2026-04-01),nan
stock_CUR6K@718712e8d985,2020.OL,2026-04-01,0.33091919999999997,6664627.641765599,data_before_corruption (corruption at 2026-04-01),nan
stock_CUR6K@718712e8d985,2X0.DE,2018-04-01,29.0,21732600000.0,data_before_corruption (corruption at 2018-10-01),nan
stock_CUR6K@718712e8d985,2X0.DE,2018-07-01,29.01785089592451,21732600000.0,data_before_corruption (corruption at 2018-10-01),nan
stock_CUR6K@718712e8d985,2X0.DE,2018-10-01,0.0,0.0,data_before_corruption (corruption at 2018-10-01),nan
stock_CUR6K@718712e8d985,3ITN.DE,2007-10-01,0.015000000000000001,135587.85,data_before_corruption (corruption at 2021-04-01),
stock_CUR6K@718712e8d985,3ITN.DE,2008-04-01,0.015000000000000001,135587.85,data_before_corruption (corruption at 2021-04-01),
stock_CUR6K@718712e8d985,3ITN.DE,2008-10-01,0.015000000000000001,135587.85,data_before_corruption (corruption at 2021-04-01),
stock_CUR6K@718712e8d985,3ITN.DE,2009-04-01,0.015,127265.625,data_before_corruption (corruption at 2021-04-01),
stock_CUR6K@718712e8d985,3ITN.DE,2009-10-01,0.015,127265.625,data_before_corruption (corruption at 2021-04-01),
stock_CUR6K@718712e8d985,3ITN.DE,2010-04-01,0.015,127265.625,data_before_corruption (corruption at 2021-04-01),
stock_CUR6K@718712e8d985,3ITN.DE,2010-10-01,0.015,127265.625,data_before_corruption (corruption at 2021-04-01),
stock_CUR6K@718712e8d985,3ITN.DE,2011-10-01,0.015,26073.12,data_before_corruption (corruption at 2021-04-01),
stock_CUR6K@718712e8d985,3ITN.DE,2012-04-01,0.015,26073.12,data_before_corruption (corruption at 2021-04-01),
stock_CUR6K@718712e8d985,3ITN.DE,2012-10-01,0.015,26073.12,data_before_corruption (corruption at 2021-04-01),
stock_CUR6K@718712e8d985,3ITN.DE,2013-04-01,,,data_before_corruption (corruption at 2021-04-01),bookValuePerShare|earningsYield|marketCap|price
stock_CUR6K@718712e8d985,3ITN.DE,2013-10-01,0.015,26373.12,data_before_corruption (corruption at 2021-04-01),
stock_CUR6K@718712e8d985,3ITN.DE,2014-04-01,,,data_before_corruption (corruption at 2021-04-01),bookValuePerShare|earningsYield|marketCap|price
stock_CUR6K@718712e8d985,3ITN.DE,2014-10-01,0.015,26768.175,data_before_corruption (corruption at 2021-04-01),
stock_CUR6K@718712e8d985,3ITN.DE,2015-04-01,,,data_before_corruption (corruption at 2021-04-01),bookValuePerShare|earningsYield|marketCap|price
stock_CUR6K@718712e8d985,3ITN.DE,2015-10-01,0.015,27443.175,data_before_corruption (corruption at 2021-04-01),
stock_CUR6K@718712e8d985,3ITN.DE,2016-04-01,,,data_before_corruption (corruption at 2021-04-01),bookValuePerShare|earningsYield|marketCap|price
stock_CUR6K@718712e8d985,3ITN.DE,2016-10-01,0.015,27509.175,data_before_corruption (corruption at 2021-04-01),
stock_CUR6K@718712e8d985,3ITN.DE,2017-10-01,0.015,27509.175,data_before_corruption (corruption at 2021-04-01),
stock_CUR6K@718712e8d985,3ITN.DE,2018-04-01,0.015,27509.175,data_before_corruption (corruption at 2021-04-01),
stock_CUR6K@718712e8d985,3ITN.DE,2018-10-01,0.015,27509.175,data_before_corruption (corruption at 2021-04-01),
stock_CUR6K@718712e8d985,3ITN.DE,2019-04-01,,,data_before_corruption (corruption at 2021-04-01),bookValuePerShare|earningsYield|marketCap|price
stock_CUR6K@718712e8d985,3ITN.DE,2019-10-01,,,data_before_corruption (corruption at 2021-04-01),bookValuePerShare|earningsYield|marketCap|price
stock_CUR6K@718712e8d985,3ITN.DE,2020-04-01,,,data_before_corruption (corruption at 2021-04-01),bookValuePerShare|earningsYield|marketCap|price
stock_CUR6K@718712e8d985,3ITN.DE,2020-10-01,,,data_before_corruption (corruption at 2021-04-01),bookValuePerShare|earningsYield|marketCap|price
stock_CUR6K@718712e8d985,3ITN.DE,2021-04-01,13.3,65835000.0,data_before_corruption (corruption at 2021-04-01),
stock_CUR6K@718712e8d985,460860.KS,2007-01-01,4605.69,208133618172.59998,data_before_corruption (corruption at 2023-10-01),
stock_CUR6K@718712e8d985,460860.KS,2007-04-01,5323.11,240554215379.4,data_before_corruption (corruption at 2023-10-01),
stock_CUR6K@718712e8d985,460860.KS,2007-07-01,9140.52,413065034680.80005,data_before_corruption (corruption at 2023-10-01),
stock_CUR6K@718712e8d985,460860.KS,2008-01-01,6864.24,310198712289.6,data_before_corruption (corruption at 2023-10-01),
stock_CUR6K@718712e8d985,460860.KS,2008-04-01,7989.1,361031743114.0,data_before_corruption (corruption at 2023-10-01),
stock_CUR6K@718712e8d985,460860.KS,2008-07-01,6377.1,288184592634.0,data_before_corruption (corruption at 2023-10-01),
stock_CUR6K@718712e8d985,460860.KS,2009-01-01,4499.4,203330315675.99997,data_before_corruption (corruption at 2023-10-01),
stock_CUR6K@718712e8d985,460860.KS,2009-04-01,4579.12,206932905524.8,data_before_corruption (corruption at 2023-10-01),
stock_CUR6K@718712e8d985,460860.KS,2009-07-01,4835.97,218540095723.80002,data_before_corruption (corruption at 2023-10-01),
stock_CUR6K@718712e8d985,460860.KS,2010-01-01,4074.2600000000007,184118009500.40002,data_before_corruption (corruption at 2023-10-01),
stock_CUR6K@718712e8d985,460860.KS,2010-04-01,3897.12,176112957244.8,data_before_corruption (corruption at 2023-10-01),
stock_CUR6K@718712e8d985,460860.KS,2010-07-01,4835.97,218540095723.80002,data_before_corruption (corruption at 2023-10-01),
stock_CUR6K@718712e8d985,460860.KS,2011-01-01,6997.1,316202727434.0,data_before_corruption (corruption at 2023-10-01),
stock_CUR6K@718712e8d985,460860.KS,2011-04-01,7262.81,328210305817.4,data_before_corruption (corruption at 2023-10-01),
stock_CUR6K@718712e8d985,460860.KS,2011-07-01,4012.2600000000007,181316196020.40002,data_before_corruption (corruption at 2023-10-01),
stock_CUR6K@718712e8d985,460860.KS,2011-10-01,3631.41,164105378861.4,data_before_corruption (corruption at 2023-10-01),
stock_CUR6K@718712e8d985,460860.KS,2012-01-01,3835.12,173311143764.8,data_before_corruption (corruption at 2023-10-01),
stock_CUR6K@718712e8d985,460860.KS,2012-04-01,2710.27,122478564845.8,data_before_corruption (corruption at 2023-10-01),
stock_CUR6K@718712e8d985,460860.KS,2012-07-01,2931.7,132485106117.99998,data_before_corruption (corruption at 2023-10-01),
stock_CUR6K@718712e8d985,460860.KS,2012-10-01,2515.41,113672736221.4,data_before_corruption (corruption at 2023-10-01),
stock_CUR6K@718712e8d985,460860.KS,2013-01-01,2178.84,98462956173.6,data_before_corruption (corruption at 2023-10-01),
stock_CUR6K@718712e8d985,460860.KS,2013-04-01,1939.7,87656090438.0,data_before_corruption (corruption at 2023-10-01),
stock_CUR6K@718712e8d985,460860.KS,2013-07-01,2621.7,118476038717.99998,data_before_corruption (corruption at 2023-10-01),
stock_CUR6K@718712e8d985,460860.KS,2013-10-01,2329.41,105267295781.4,data_before_corruption (corruption at 2023-10-01),
stock_CUR6K@718712e8d985,460860.KS,2014-01-01,2205.42,99664120726.8,data_before_corruption (corruption at 2023-10-01),
stock_CUR6K@718712e8d985,460860.KS,2014-04-01,1400.0,63266756000.0,data_before_corruption (corruption at 2023-10-01),
stock_CUR6K@718712e8d985,460860.KS,2014-07-01,1248.0,56397793920.0,data_before_corruption (corruption at 2023-10-01),
stock_CUR6K@718712e8d985,460860.KS,2014-10-01,1172.0,52963312880.0,data_before_corruption (corruption at 2023-10-01),
stock_CUR6K@718712e8d985,460860.KS,2015-01-01,1202.0,54319029080.0,data_before_corruption (corruption at 2023-10-01),
stock_CUR6K@718712e8d985,460860.KS,2015-04-01,1052.0,47540448080.0,data_before_corruption (corruption at 2023-10-01),
stock_CUR6K@718712e8d985,460860.KS,2015-07-01,1426.0,64441710040.0,data_before_corruption (corruption at 2023-10-01),
stock_CUR6K@718712e8d985,460860.KS,2015-10-01,1150.0,51969121000.0,data_before_corruption (corruption at 2023-10-01),
stock_CUR6K@718712e8d985,460860.KS,2016-01-01,1370.0,61911039800.0,data_before_corruption (corruption at 2023-10-01),
stock_CUR6K@718712e8d985,460860.KS,2016-04-01,1618.0,73118293720.0,data_before_corruption (corruption at 2023-10-01),
stock_CUR6K@718712e8d985,460860.KS,2016-07-01,1580.0,71401053200.0,data_before_corruption (corruption at 2023-10-01),
stock_CUR6K@718712e8d985,460860.KS,2016-10-01,2210.0,99871093400.0,data_before_corruption (corruption at 2023-10-01),
stock_CUR6K@718712e8d985,460860.KS,2017-01-01,2560.0,115687782400.0,data_before_corruption (corruption at 2023-10-01),
stock_CUR6K@718712e8d985,460860.KS,2017-04-01,2930.0,132408282200.0,data_before_corruption (corruption at 2023-10-01),
stock_CUR6K@718712e8d985,460860.KS,2017-07-01,2140.0,96707755600.0,data_before_corruption (corruption at 2023-10-01),
stock_CUR6K@718712e8d985,460860.KS,2017-10-01,2210.0,99871093400.0,data_before_corruption (corruption at 2023-10-01),
stock_CUR6K@718712e8d985,460860.KS,2018-01-01,2020.0,91284890800.0,data_before_corruption (corruption at 2023-10-01),
stock_CUR6K@718712e8d985,460860.KS,2018-04-01,1688.0,76281631520.0,data_before_corruption (corruption at 2023-10-01),
stock_CUR6K@718712e8d985,460860.KS,2018-07-01,1826.0,82517926040.0,data_before_corruption (corruption at 2023-10-01),
stock_CUR6K@718712e8d985,460860.KS,2018-10-01,1412.0,63809042480.0,data_before_corruption (corruption at 2023-10-01),
stock_CUR6K@718712e8d985,460860.KS,2019-01-01,1532.0,69231907280.0,data_before_corruption (corruption at 2023-10-01),
stock_CUR6K@718712e8d985,460860.KS,2019-04-01,1356.0,61278372240.0,data_before_corruption (corruption at 2023-10-01),
stock_CUR6K@718712e8d985,460860.KS,2019-07-01,1300.0,58747702000.0,data_before_corruption (corruption at 2023-10-01),
stock_CUR6K@718712e8d985,460860.KS,2019-10-01,1190.0,53776742600.0,data_before_corruption (corruption at 2023-10-01),
stock_CUR6K@718712e8d985,460860.KS,2020-01-01,,,data_before_corruption (corruption at 2023-10-01),bookValuePerShare|earningsYield|marketCap|price
stock_CUR6K@718712e8d985,460860.KS,2020-04-01,1060.0,47901972400.0,data_before_corruption (corruption at 2023-10-01),
stock_CUR6K@718712e8d985,460860.KS,2020-07-01,1268.0,57301604720.0,data_before_corruption (corruption at 2023-10-01),
stock_CUR6K@718712e8d985,460860.KS,2020-10-01,1624.0,73389436960.0,data_before_corruption (corruption at 2023-10-01),
stock_CUR6K@718712e8d985,460860.KS,2021-01-01,2730.0,123370174200.0,data_before_corruption (corruption at 2023-10-01),
stock_CUR6K@718712e8d985,460860.KS,2021-04-01,4440.0,200645997600.0,data_before_corruption (corruption at 2023-10-01),
stock_CUR6K@718712e8d985,460860.KS,2021-07-01,3670.0,165849281800.0,data_before_corruption (corruption at 2023-10-01),
stock_CUR6K@718712e8d985,460860.KS,2021-10-01,3180.0,143705917200.0,data_before_corruption (corruption at 2023-10-01),
stock_CUR6K@718712e8d985,460860.KS,2022-01-01,3350.0,151388309000.0,data_before_corruption (corruption at 2023-10-01),
stock_CUR6K@718712e8d985,460860.KS,2022-04-01,2570.0,116139687800.0,data_before_corruption (corruption at 2023-10-01),
stock_CUR6K@718712e8d985,460860.KS,2022-07-01,2160.0,97611566400.0,data_before_corruption (corruption at 2023-10-01),
stock_CUR6K@718712e8d985,460860.KS,2022-10-01,2150.0,97159661000.0,data_before_corruption (corruption at 2023-10-01),
stock_CUR6K@718712e8d985,460860.KS,2023-01-01,2440.0,110264917600.0,data_before_corruption (corruption at 2023-10-01),
stock_CUR6K@718712e8d985,460860.KS,2023-04-01,3484.0,157443841360.0,data_before_corruption (corruption at 2023-10-01),
stock_CUR6K@718712e8d985,460860.KS,2023-07-01,2130.0,96255850200.0,data_before_corruption (corruption at 2023-10-01),
stock_CUR6K@718712e8d985,460860.KS,2023-10-01,1740.0,78632696700.0,data_before_corruption (corruption at 2023-10-01),
stock_CUR6K@718712e8d985,4I1.DE,2006-10-01,0.0,0.0,data_before_corruption (corruption at 2006-10-01),nan
stock_CUR6K@718712e8d985,ACCB.BR,2008-10-01,,51230523.6,data_before_corruption (corruption at 2022-04-01),
stock_CUR6K@718712e8d985,ACCB.BR,2009-10-01,0.03,15369157.08,data_before_corruption (corruption at 2022-04-01),
stock_CUR6K@718712e8d985,ACCB.BR,2010-04-01,0.029999999999999995,15648566.399999999,data_before_corruption (corruption at 2022-04-01),
stock_CUR6K@718712e8d985,ACCB.BR,2010-10-01,0.02,10618650.46,data_before_corruption (corruption at 2022-04-01),
stock_CUR6K@718712e8d985,ACCB.BR,2011-04-01,0.02,25354904.48,data_before_corruption (corruption at 2022-04-01),
stock_CUR6K@718712e8d985,ACCB.BR,2011-10-01,0.02,25354904.48,data_before_corruption (corruption at 2022-04-01),
stock_CUR6K@718712e8d985,ACCB.BR,2012-04-01,0.01,12677452.24,data_before_corruption (corruption at 2022-04-01),
stock_CUR6K@718712e8d985,ACCB.BR,2012-10-01,0.02,25354904.48,data_before_corruption (corruption at 2022-04-01),
stock_CUR6K@718712e8d985,ACCB.BR,2013-04-01,0.02,25354904.48,data_before_corruption (corruption at 2022-04-01),propertyPlantEquipmentNet
stock_CUR6K@718712e8d985,ACCB.BR,2013-10-01,0.0131,16607462.434400002,data_before_corruption (corruption at 2022-04-01),propertyPlantEquipmentNet
stock_CUR6K@718712e8d985,ACCB.BR,2014-04-01,0.013800000000000002,17494884.0912,data_before_corruption (corruption at 2022-04-01),
stock_CUR6K@718712e8d985,ACCB.BR,2014-10-01,0.015100000000000002,19142952.882400002,data_before_corruption (corruption at 2022-04-01),
stock_CUR6K@718712e8d985,ACCB.BR,2015-04-01,0.028,35496866.272,data_before_corruption (corruption at 2022-04-01),
stock_CUR6K@718712e8d985,ACCB.BR,2015-10-01,0.0314,39807200.033599995,data_before_corruption (corruption at 2022-04-01),
stock_CUR6K@718712e8d985,ACCB.BR,2016-04-01,0.031,39300101.944,data_before_corruption (corruption at 2022-04-01),
stock_CUR6K@718712e8d985,ACCB.BR,2016-10-01,0.0386,48934965.646400005,data_before_corruption (corruption at 2022-04-01),
stock_CUR6K@718712e8d985,ACCB.BR,2017-04-01,0.0388,49188514.6912,data_before_corruption (corruption at 2022-04-01),
stock_CUR6K@718712e8d985,ACCB.BR,2017-10-01,0.04,50709808.96,data_before_corruption (corruption at 2022-04-01),
stock_CUR6K@718712e8d985,ACCB.BR,2018-04-01,0.042,53245299.408,data_before_corruption (corruption at 2022-04-01),
stock_CUR6K@718712e8d985,ACCB.BR,2018-10-01,0.041,51977554.184,data_before_corruption (corruption at 2022-04-01),
stock_CUR6K@718712e8d985,ACCB.BR,2019-04-01,0.0425,52604172.02,data_before_corruption (corruption at 2022-04-01),
stock_CUR6K@718712e8d985,ACCB.BR,2019-10-01,0.053,67190496.872,data_before_corruption (corruption at 2022-04-01),
stock_CUR6K@718712e8d985,ACCB.BR,2020-04-01,0.049,62119515.976,data_before_corruption (corruption at 2022-04-01),
stock_CUR6K@718712e8d985,ACCB.BR,2020-10-01,0.0505,64021133.81200001,data_before_corruption (corruption at 2022-04-01),
stock_CUR6K@718712e8d985,ACCB.BR,2021-04-01,0.0535,67824369.484,data_before_corruption (corruption at 2022-04-01),
stock_CUR6K@718712e8d985,ACCB.BR,2021-10-01,0.0645,81138599.18100001,data_before_corruption (corruption at 2022-04-01),
stock_CUR6K@718712e8d985,ACCB.BR,2022-04-01,0.0374,47230739.6374,data_before_corruption (corruption at 2022-04-01),
stock_CUR6K@718712e8d985,ACHV,2006-07-01,185724.0,172537596.0,data_before_corruption (corruption at 2008-04-01),nan
stock_CUR6K@718712e8d985,ACHV,2006-10-01,241956.0,225019080.0,data_before_corruption (corruption at 2008-04-01),nan
stock_CUR6K@718712e8d985,ACHV,2007-01-01,199188.0,185244840.0,data_before_corruption (corruption at 2008-04-01),nan
stock_CUR6K@718712e8d985,ACHV,2007-04-01,209088.0,194870016.0,data_before_corruption (corruption at 2008-04-01),nan
stock_CUR6K@718712e8d985,ACHV,2007-07-01,24552.0,22907016.0,data_before_corruption (corruption at 2008-04-01),nan
stock_CUR6K@718712e8d985,ACHV,2007-10-01,17424.0,16274016.0,data_before_corruption (corruption at 2008-04-01),nan
stock_CUR6K@718712e8d985,ACHV,2008-01-01,14256.0,13329360.0,data_before_corruption (corruption at 2008-04-01),nan
stock_CUR6K@718712e8d985,ACHV,2008-04-01,12672.0,11860992.0,data_before_corruption (corruption at 2008-04-01),nan
stock_CUR6K@718712e8d985,ACT.TO,2018-07-01,,,data_before_corruption (corruption at 2022-10-01),bookValuePerShare|earningsYield|marketCap|price
stock_CUR6K@718712e8d985,ACT.TO,2018-10-01,,,data_before_corruption (corruption at 2022-10-01),bookValuePerShare|earningsYield|marketCap|price
stock_CUR6K@718712e8d985,ACT.TO,2019-01-01,,,data_before_corruption (corruption at 2022-10-01),bookValuePerShare|earningsYield|marketCap|price
stock_CUR6K@718712e8d985,ACT.TO,2019-04-01,,,data_before_corruption (corruption at 2022-10-01),bookValuePerShare|earningsYield|marketCap|price
stock_CUR6K@718712e8d985,ACT.TO,2019-07-01,,,data_before_corruption (corruption at 2022-10-01),bookValuePerShare|earningsYield|marketCap|price
stock_CUR6K@718712e8d985,ACT.TO,2019-10-01,,,data_before_corruption (corruption at 2022-10-01),bookValuePerShare|earningsYield|marketCap|price
stock_CUR6K@718712e8d985,ACT.TO,2020-01-01,,,data_before_corruption (corruption at 2022-10-01),bookValuePerShare|earningsYield|marketCap|price
stock_CUR6K@718712e8d985,ACT.TO,2020-04-01,,,data_before_corruption (corruption at 2022-10-01),bookValuePerShare|earningsYield|marketCap|price
stock_CUR6K@718712e8d985,ACT.TO,2020-07-01,,,data_before_corruption (corruption at 2022-10-01),bookValuePerShare|earningsYield|marketCap|price
stock_CUR6K@718712e8d985,ACT.TO,2020-10-01,,,data_before_corruption (corruption at 2022-10-01),bookValuePerShare|earningsYield|marketCap|price
stock_CUR6K@718712e8d985,ACT.TO,2021-01-01,,,data_before_corruption (corruption at 2022-10-01),bookValuePerShare|earningsYield|marketCap|price
stock_CUR6K@718712e8d985,ACT.TO,2021-04-01,,,data_before_corruption (corruption at 2022-10-01),bookValuePerShare|earningsYield|marketCap|price
stock_CUR6K@718712e8d985,ACT.TO,2021-07-01,,,data_before_corruption (corruption at 2022-10-01),bookValuePerShare|earningsYield|marketCap|price
stock_CUR6K@718712e8d985,ACT.TO,2021-10-01,,,data_before_corruption (corruption at 2022-10-01),bookValuePerShare|earningsYield|marketCap|price
stock_CUR6K@718712e8d985,ACT.TO,2022-01-01,66.88,499143631.35999995,data_before_corruption (corruption at 2022-10-01),
stock_CUR6K@718712e8d985,ACT.TO,2022-04-01,52.49,844734272.58,data_before_corruption (corruption at 2022-10-01),
stock_CUR6K@718712e8d985,ACT.TO,2022-07-01,,,data_before_corruption (corruption at 2022-10-01),bookValuePerShare|earningsYield|marketCap|price
stock_CUR6K@718712e8d985,ACT.TO,2022-10-01,2.9575000000000005,50597528.11750001,data_before_corruption (corruption at 2022-10-01),
stock_CUR6K@718712e8d985,ADP.PA,2004-04-01,,,data_before_corruption (corruption at 2004-10-01),bookValuePerShare|earningsYield|marketCap|price
stock_CUR6K@718712e8d985,ADP.PA,2004-10-01,45.5,3883948250.0,data_before_corruption (corruption at 2004-10-01),
stock_CUR6K@718712e8d985,ADUR,2018-07-01,,,data_before_corruption (corruption at 2022-07-01),bookValuePerShare|earningsYield|marketCap|price
stock_CUR6K@718712e8d985,ADUR,2018-10-01,,,data_before_corruption (corruption at 2022-07-01),bookValuePerShare|earningsYield|marketCap|price
stock_CUR6K@718712e8d985,ADUR,2019-01-01,,,data_before_corruption (corruption at 2022-07-01),bookValuePerShare|earningsYield|marketCap|price
stock_CUR6K@718712e8d985,ADUR,2019-04-01,,,data_before_corruption (corruption at 2022-07-01),bookValuePerShare|earningsYield|marketCap|price
stock_CUR6K@718712e8d985,ADUR,2019-07-01,,,data_before_corruption (corruption at 2022-07-01),bookValuePerShare|earningsYield|marketCap|price
stock_CUR6K@718712e8d985,ADUR,2019-10-01,,,data_before_corruption (corruption at 2022-07-01),bookValuePerShare|earningsYield|marketCap|price
stock_CUR6K@718712e8d985,ADUR,2020-01-01,,,data_before_corruption (corruption at 2022-07-01),bookValuePerShare|earningsYield|marketCap|price
stock_CUR6K@718712e8d985,ADUR,2020-04-01,1.572919753036592e-05,21.509992206726,data_before_corruption (corruption at 2022-07-01),
stock_CUR6K@718712e8d985,ADUR,2020-07-01,,,data_before_corruption (corruption at 2022-07-01),bookValuePerShare|earningsYield|marketCap|price
stock_CUR6K@718712e8d985,ADUR,2020-10-01,,,data_before_corruption (corruption at 2022-07-01),bookValuePerShare|earningsYield|marketCap|price
stock_CUR6K@718712e8d985,ADUR,2021-01-01,,,data_before_corruption (corruption at 2022-07-01),bookValuePerShare|earningsYield|marketCap|price
stock_CUR6K@718712e8d985,ADUR,2021-04-01,,,data_before_corruption (corruption at 2022-07-01),bookValuePerShare|earningsYield|marketCap|price
stock_CUR6K@718712e8d985,ADUR,2021-07-01,,,data_before_corruption (corruption at 2022-07-01),bookValuePerShare|earningsYield|marketCap|price
stock_CUR6K@718712e8d985,ADUR,2021-10-01,,,data_before_corruption (corruption at 2022-07-01),bookValuePerShare|earningsYield|marketCap|price
stock_CUR6K@718712e8d985,ADUR,2022-01-01,30.259198292878096,499143631.35999995,data_before_corruption (corruption at 2022-07-01),
stock_CUR6K@718712e8d985,ADUR,2022-04-01,49.37596171405201,844734272.58,data_before_corruption (corruption at 2022-07-01),
stock_CUR6K@718712e8d985,ADUR,2022-07-01,,,data_before_corruption (corruption at 2022-07-01),bookValuePerShare|earningsYield|marketCap|price
stock_CUR6K@718712e8d985,AF.PA,2004-01-01,,,data_before_corruption (corruption at 2021-01-01),nan
stock_CUR6K@718712e8d985,AF.PA,2004-07-01,,,data_before_corruption (corruption at 2021-01-01),nan
stock_CUR6K@718712e8d985,AF.PA,2005-01-01,69.95,3699843735.4500003,data_before_corruption (corruption at 2021-01-01),nan
stock_CUR6K@718712e8d985,AF.PA,2005-04-01,63.35,3383666607.65,data_before_corruption (corruption at 2021-01-01),nan
stock_CUR6K@718712e8d985,AF.PA,2005-07-01,70.15,3653488673.9500003,data_before_corruption (corruption at 2021-01-01),nan
stock_CUR6K@718712e8d985,AF.PA,2005-10-01,91.24,4873334511.16,data_before_corruption (corruption at 2021-01-01),nan
stock_CUR6K@718712e8d985,AF.PA,2006-01-01,97.98999999999998,5175969279.969999,data_before_corruption (corruption at 2021-01-01),nan
stock_CUR6K@718712e8d985,AF.PA,2006-04-01,92.7,4951316409.3,data_before_corruption (corruption at 2021-01-01),nan
stock_CUR6K@718712e8d985,AF.PA,2006-07-01,119.93,6405731022.570001,data_before_corruption (corruption at 2021-01-01),nan
stock_CUR6K@718712e8d985,AF.PA,2006-10-01,164.72,8798067302.48,data_before_corruption (corruption at 2021-01-01),nan
stock_CUR6K@718712e8d985,AF.PA,2007-01-01,172.23,9084154750.289999,data_before_corruption (corruption at 2021-01-01),nan
stock_CUR6K@718712e8d985,AF.PA,2007-04-01,174.44999999999996,9201247147.349998,data_before_corruption (corruption at 2021-01-01),nan
stock_CUR6K@718712e8d985,AF.PA,2007-07-01,138.39,7642096050.329999,data_before_corruption (corruption at 2021-01-01),nan
stock_CUR6K@718712e8d985,AF.PA,2010-01-01,59.03000000000001,3442028379.4500003,data_before_corruption (corruption at 2021-01-01),nan
stock_CUR6K@718712e8d985,AF.PA,2010-04-01,49.55,2892353658.75,data_before_corruption (corruption at 2021-01-01),nan
stock_CUR6K@718712e8d985,AF.PA,2010-07-01,56.74,3316899940.98,data_before_corruption (corruption at 2021-01-01),nan
stock_CUR6K@718712e8d985,AF.PA,2010-10-01,68.67,4014302413.59,data_before_corruption (corruption at 2021-01-01),nan
stock_CUR6K@718712e8d985,AF.PA,2011-01-01,59.26,3462039186.06,data_before_corruption (corruption at 2021-01-01),nan
stock_CUR6K@718712e8d985,AF.PA,2011-04-01,53.39,3112585371.87,data_before_corruption (corruption at 2021-01-01),nan
stock_CUR6K@718712e8d985,AF.PA,2011-07-01,27.959999999999997,1635211018.32,data_before_corruption (corruption at 2021-01-01),nan
stock_CUR6K@718712e8d985,AF.PA,2012-04-01,18.959999999999997,1112932300.56,data_before_corruption (corruption at 2021-01-01),nan
stock_CUR6K@718712e8d985,AF.PA,2012-07-01,26.2,1537669249.2,data_before_corruption (corruption at 2021-01-01),nan
stock_CUR6K@718712e8d985,AF.PA,2012-10-01,36.35,2130709229.75,data_before_corruption (corruption at 2021-01-01),nan
stock_CUR6K@718712e8d985,AF.PA,2013-01-01,37.5,2196339600.0,data_before_corruption (corruption at 2021-01-01),nan
stock_CUR6K@718712e8d985,AF.PA,2013-04-01,35.11,2051089194.06,data_before_corruption (corruption at 2021-01-01),nan
stock_CUR6K@718712e8d985,AF.PA,2013-07-01,37.11,2162356503.96,data_before_corruption (corruption at 2021-01-01),nan
stock_CUR6K@718712e8d985,AF.PA,2013-10-01,38.26,2247820644.18,data_before_corruption (corruption at 2021-01-01),nan
stock_CUR6K@718712e8d985,AF.PA,2014-01-01,55.02,3235491264.6000004,data_before_corruption (corruption at 2021-01-01),nan
stock_CUR6K@718712e8d985,AF.PA,2014-04-01,46.41,2726662312.9199996,data_before_corruption (corruption at 2021-01-01),nan
stock_CUR6K@718712e8d985,AF.PA,2014-07-01,37.44,2199660353.2799997,data_before_corruption (corruption at 2021-01-01),nan
stock_CUR6K@718712e8d985,AF.PA,2014-10-01,40.17,2360052254.04,data_before_corruption (corruption at 2021-01-01),nan
stock_CUR6K@718712e8d985,AF.PA,2015-01-01,41.28,2420803968.96,data_before_corruption (corruption at 2021-01-01),nan
stock_CUR6K@718712e8d985,AF.PA,2015-04-01,31.77,1864964477.97,data_before_corruption (corruption at 2021-01-01),nan
stock_CUR6K@718712e8d985,AF.PA,2015-07-01,31.42,1844418756.6200001,data_before_corruption (corruption at 2021-01-01),nan
stock_CUR6K@718712e8d985,AF.PA,2015-10-01,35.27,2070421691.4700003,data_before_corruption (corruption at 2021-01-01),nan
stock_CUR6K@718712e8d985,AF.PA,2016-01-01,42.17,2400001263.59,data_before_corruption (corruption at 2021-01-01),nan
stock_CUR6K@718712e8d985,AF.PA,2016-04-01,28.850000000000005,1679629199.5500002,data_before_corruption (corruption at 2021-01-01),nan
stock_CUR6K@718712e8d985,AF.PA,2016-07-01,24.12,1435772884.68,data_before_corruption (corruption at 2021-01-01),nan
stock_CUR6K@718712e8d985,AF.PA,2016-10-01,26.09,1547094708.11,data_before_corruption (corruption at 2021-01-01),nan
stock_CUR6K@718712e8d985,AF.PA,2017-01-01,35.8,2122881968.1999998,data_before_corruption (corruption at 2021-01-01),nan
stock_CUR6K@718712e8d985,AF.PA,2017-04-01,62.97,3734018925.63,data_before_corruption (corruption at 2021-01-01),nan
stock_CUR6K@718712e8d985,AF.PA,2017-07-01,67.28,3989594939.12,data_before_corruption (corruption at 2021-01-01),nan
stock_CUR6K@718712e8d985,AF.PA,2017-10-01,68.49,5805245823.12,data_before_corruption (corruption at 2021-01-01),nan
stock_CUR6K@718712e8d985,AF.PA,2018-01-01,45.44,3851516574.72,data_before_corruption (corruption at 2021-01-01),nan
stock_CUR6K@718712e8d985,AF.PA,2018-04-01,35.22,2985264387.36,data_before_corruption (corruption at 2021-01-01),nan
stock_CUR6K@718712e8d985,AF.PA,2018-07-01,43.44,3681995598.72,data_before_corruption (corruption at 2021-01-01),nan
stock_CUR6K@718712e8d985,AF.PA,2018-10-01,47.81,4052398931.28,data_before_corruption (corruption at 2021-01-01),nan
stock_CUR6K@718712e8d985,AF.PA,2019-01-01,50.46,4277014224.48,data_before_corruption (corruption at 2021-01-01),nan
stock_CUR6K@718712e8d985,AF.PA,2019-04-01,43.05,3648939008.3999996,data_before_corruption (corruption at 2021-01-01),nan
stock_CUR6K@718712e8d985,AF.PA,2019-07-01,48.43,4104950433.84,data_before_corruption (corruption at 2021-01-01),nan
stock_CUR6K@718712e8d985,AF.PA,2019-10-01,50.05,4241714677.2,data_before_corruption (corruption at 2021-01-01),nan
stock_CUR6K@718712e8d985,AF.PA,2020-01-01,25.710000000000004,2178910776.2400002,data_before_corruption (corruption at 2021-01-01),nan
stock_CUR6K@718712e8d985,AF.PA,2020-04-01,20.34,1723805724.96,data_before_corruption (corruption at 2021-01-01),nan
stock_CUR6K@718712e8d985,AF.PA,2020-07-01,14.94,1266158187.36,data_before_corruption (corruption at 2021-01-01),nan
stock_CUR6K@718712e8d985,AF.PA,2020-10-01,25.820000000000004,2188200279.76,data_before_corruption (corruption at 2021-01-01),nan
stock_CUR6K@718712e8d985,AF.PA,2021-01-01,25.7,217.80304875999974,data_before_corruption (corruption at 2021-01-01),nan
stock_CUR6K@718712e8d985,AHOG.DE,2010-04-01,11.7,11943524431.8,data_before_corruption (corruption at 2011-01-01),nan
stock_CUR6K@718712e8d985,AHOG.DE,2010-10-01,11.37,11522692755.539999,data_before_corruption (corruption at 2011-01-01),nan
stock_CUR6K@718712e8d985,AHOG.DE,2011-01-01,0.0,0.0,data_before_corruption (corruption at 2011-01-01),nan
stock_CUR6K@718712e8d985,AKAN,2020-10-01,504000.0,9104256000.0,data_before_corruption (corruption at 2023-10-01),nan
stock_CUR6K@718712e8d985,AKAN,2021-10-01,504000.0,8778672000.0,data_before_corruption (corruption at 2023-10-01),nan
stock_CUR6K@718712e8d985,AKAN,2022-04-01,38880.0,22472640.0,data_before_corruption (corruption at 2023-10-01),nan
stock_CUR6K@718712e8d985,AKAN,2022-10-01,7152.0,4956336.0,data_before_corruption (corruption at 2023-10-01),nan
stock_CUR6K@718712e8d985,AKAN,2023-04-01,3552.0,2862912.0,data_before_corruption (corruption at 2023-10-01),nan
stock_CUR6K@718712e8d985,AKAN,2023-10-01,2064.0,28896.0,data_before_corruption (corruption at 2023-10-01),nan
stock_CUR6K@718712e8d985,ALAGP.PA,2018-04-01,8.021,18915186.368,data_before_corruption (corruption at 2020-10-01),
stock_CUR6K@718712e8d985,ALAGP.PA,2019-04-01,8.021,18915186.368,data_before_corruption (corruption at 2020-10-01),
stock_CUR6K@718712e8d985,ALAGP.PA,2019-10-01,10.2,24053721.599999998,data_before_corruption (corruption at 2020-10-01),
stock_CUR6K@718712e8d985,ALAGP.PA,2020-04-01,9.26,21810059.48,data_before_corruption (corruption at 2020-10-01),
stock_CUR6K@718712e8d985,ALAGP.PA,2020-10-01,,,data_before_corruption (corruption at 2020-10-01),bookValuePerShare|earningsYield|marketCap|price
stock_CUR6K@718712e8d985,ALAR,2014-01-01,104.58605337599998,53861.817488639994,data_before_corruption (corruption at 2016-04-01),nan
stock_CUR6K@718712e8d985,ALAR,2014-07-01,122.13173266690487,62897.842323456,data_before_corruption (corruption at 2016-04-01),nan
stock_CUR6K@718712e8d985,ALAR,2014-10-01,115.2996288126757,59379.30883852799,data_before_corruption (corruption at 2016-04-01),nan
stock_CUR6K@718712e8d985,ALAR,2015-01-01,35.956174360000006,39407.96709856,data_before_corruption (corruption at 2016-04-01),nan
stock_CUR6K@718712e8d985,ALAR,2015-04-01,37.950966617202866,63605.820050432005,data_before_corruption (corruption at 2016-04-01),nan
stock_CUR6K@718712e8d985,ALAR,2015-10-01,36.812561089442625,121260.576228624,data_before_corruption (corruption at 2016-04-01),nan
stock_CUR6K@718712e8d985,ALAR,2016-01-01,38.07425430569109,41044.046141535,data_before_corruption (corruption at 2016-04-01),nan
stock_CUR6K@718712e8d985,ALAR,2016-04-01,8252.454630532544,9762653.82792,data_before_corruption (corruption at 2016-04-01),nan
stock_CUR6K@718712e8d985,ALCAF.PA,2009-01-01,10.25,79670995.0,data_before_corruption (corruption at 2011-07-01),
stock_CUR6K@718712e8d985,ALCAF.PA,2009-07-01,16.3,126696314.0,data_before_corruption (corruption at 2011-07-01),
stock_CUR6K@718712e8d985,ALCAF.PA,2010-07-01,16.3,126696314.0,data_before_corruption (corruption at 2011-07-01),
stock_CUR6K@718712e8d985,ALCAF.PA,2011-01-01,12.65,98325667.0,data_before_corruption (corruption at 2011-07-01),
stock_CUR6K@718712e8d985,ALCAF.PA,2011-07-01,0.0,0.0,data_before_corruption (corruption at 2011-07-01),
stock_CUR6K@718712e8d985,ALCLA.PA,2004-10-01,,0.0,data_before_corruption (corruption at 2025-10-01),
stock_CUR6K@718712e8d985,ALCLA.PA,2005-10-01,,0.0,data_before_corruption (corruption at 2025-10-01),
stock_CUR6K@718712e8d985,ALCLA.PA,2006-10-01,,0.0,data_before_corruption (corruption at 2025-10-01),
stock_CUR6K@718712e8d985,ALCLA.PA,2007-10-01,,0.0,data_before_corruption (corruption at 2025-10-01),
stock_CUR6K@718712e8d985,ALCLA.PA,2008-10-01,,0.0,data_before_corruption (corruption at 2025-10-01),
stock_CUR6K@718712e8d985,ALCLA.PA,2009-10-01,13.75,31170988.75,data_before_corruption (corruption at 2025-10-01),
stock_CUR6K@718712e8d985,ALCLA.PA,2010-04-01,16.01,36925480.010000005,data_before_corruption (corruption at 2025-10-01),
stock_CUR6K@718712e8d985,ALCLA.PA,2010-10-01,17.26,39808481.260000005,data_before_corruption (corruption at 2025-10-01),
stock_CUR6K@718712e8d985,ALCLA.PA,2011-04-01,28.61,65897727.71,data_before_corruption (corruption at 2025-10-01),
stock_CUR6K@718712e8d985,ALCLA.PA,2011-10-01,17.5,40307942.5,data_before_corruption (corruption at 2025-10-01),
stock_CUR6K@718712e8d985,ALCLA.PA,2012-04-01,19.49,44902601.70999999,data_before_corruption (corruption at 2025-10-01),
stock_CUR6K@718712e8d985,ALCLA.PA,2012-10-01,18.81,43335963.989999995,data_before_corruption (corruption at 2025-10-01),
stock_CUR6K@718712e8d985,ALCLA.PA,2013-04-01,21.2,48844800.0,data_before_corruption (corruption at 2025-10-01),
stock_CUR6K@718712e8d985,ALCLA.PA,2013-10-01,23.8,54835200.0,data_before_corruption (corruption at 2025-10-01),
stock_CUR6K@718712e8d985,ALCLA.PA,2014-04-01,,,data_before_corruption (corruption at 2025-10-01),bookValuePerShare|earningsYield|marketCap|price
stock_CUR6K@718712e8d985,ALCLA.PA,2014-10-01,21.0,48309912.0,data_before_corruption (corruption at 2025-10-01),
stock_CUR6K@718712e8d985,ALCLA.PA,2015-04-01,29.2,67275048.0,data_before_corruption (corruption at 2025-10-01),
stock_CUR6K@718712e8d985,ALCLA.PA,2015-10-01,34.5,79453500.0,data_before_corruption (corruption at 2025-10-01),
stock_CUR6K@718712e8d985,ALCLA.PA,2016-04-01,,,data_before_corruption (corruption at 2025-10-01),bookValuePerShare|earningsYield|marketCap|price
stock_CUR6K@718712e8d985,ALCLA.PA,2016-10-01,28.4,65412470.4,data_before_corruption (corruption at 2025-10-01),
stock_CUR6K@718712e8d985,ALCLA.PA,2017-04-01,35.0,80670240.0,data_before_corruption (corruption at 2025-10-01),
stock_CUR6K@718712e8d985,ALCLA.PA,2017-10-01,35.0,80535980.0,data_before_corruption (corruption at 2025-10-01),
stock_CUR6K@718712e8d985,ALCLA.PA,2018-04-01,35.7,82233272.10000001,data_before_corruption (corruption at 2025-10-01),
stock_CUR6K@718712e8d985,ALCLA.PA,2018-10-01,30.0,68959770.0,data_before_corruption (corruption at 2025-10-01),
stock_CUR6K@718712e8d985,ALCLA.PA,2019-04-01,35.3,81296358.89999999,data_before_corruption (corruption at 2025-10-01),
stock_CUR6K@718712e8d985,ALCLA.PA,2019-10-01,35.0,80606260.0,data_before_corruption (corruption at 2025-10-01),
stock_CUR6K@718712e8d985,ALCLA.PA,2020-04-01,28.5,65601186.0,data_before_corruption (corruption at 2025-10-01),
stock_CUR6K@718712e8d985,ALCLA.PA,2020-10-01,36.7,84563956.5,data_before_corruption (corruption at 2025-10-01),
stock_CUR6K@718712e8d985,ALCLA.PA,2021-04-01,49.0,112147868.0,data_before_corruption (corruption at 2025-10-01),
stock_CUR6K@718712e8d985,ALCLA.PA,2021-10-01,76.0,173959440.0,data_before_corruption (corruption at 2025-10-01),
stock_CUR6K@718712e8d985,ALCLA.PA,2022-04-01,60.0,137671620.0,data_before_corruption (corruption at 2025-10-01),
stock_CUR6K@718712e8d985,ALCLA.PA,2022-10-01,59.60000000000001,136749041.20000002,data_before_corruption (corruption at 2025-10-01),
stock_CUR6K@718712e8d985,ALCLA.PA,2023-04-01,74.2,170342646.6,data_before_corruption (corruption at 2025-10-01),
stock_CUR6K@718712e8d985,ALCLA.PA,2023-10-01,123.5,281542332.5,data_before_corruption (corruption at 2025-10-01),
stock_CUR6K@718712e8d985,ALCLA.PA,2024-04-01,134.0,311915284.0,data_before_corruption (corruption at 2025-10-01),
stock_CUR6K@718712e8d985,ALCLA.PA,2025-10-01,1.24,65795640.0,data_before_corruption (corruption at 2025-10-01),
stock_CUR6K@718712e8d985,ALDBT.PA,2013-04-01,4232.237586809963,2660592.096,data_before_corruption (corruption at 2016-10-01),nan
stock_CUR6K@718712e8d985,ALDBT.PA,2014-04-01,69500.0,43691108.279999994,data_before_corruption (corruption at 2016-10-01),nan
stock_CUR6K@718712e8d985,ALDBT.PA,2015-04-01,39700.0,24260610.847000003,data_before_corruption (corruption at 2016-10-01),nan
stock_CUR6K@718712e8d985,ALDBT.PA,2015-10-01,16300.000000000002,9960905.713000001,data_before_corruption (corruption at 2016-10-01),nan
stock_CUR6K@718712e8d985,ALDBT.PA,2016-04-01,29900.0,21434597.184,data_before_corruption (corruption at 2016-10-01),nan
stock_CUR6K@718712e8d985,ALDBT.PA,2016-10-01,30750.0,30367373.444999997,data_before_corruption (corruption at 2016-10-01),nan
stock_CUR6K@718712e8d985,ALDRV.PA,2012-10-01,,642291713.6,data_before_corruption (corruption at 2020-04-01),
stock_CUR6K@718712e8d985,ALDRV.PA,2013-10-01,,642291713.6,data_before_corruption (corruption at 2020-04-01),
stock_CUR6K@718712e8d985,ALDRV.PA,2014-10-01,55.82,663701195.5,data_before_corruption (corruption at 2020-04-01),
stock_CUR6K@718712e8d985,ALDRV.PA,2015-10-01,169.98,1234919488.26,data_before_corruption (corruption at 2020-04-01),
stock_CUR6K@718712e8d985,ALDRV.PA,2016-04-01,118.34999999999998,1562080583.6999998,data_before_corruption (corruption at 2020-04-01),
stock_CUR6K@718712e8d985,ALDRV.PA,2016-10-01,101.44,1724581440.0,data_before_corruption (corruption at 2020-04-01),
stock_CUR6K@718712e8d985,ALDRV.PA,2017-04-01,72.96,1211136000.0,data_before_corruption (corruption at 2020-04-01),
stock_CUR6K@718712e8d985,ALDRV.PA,2017-10-01,64.87,1959138870.0000002,data_before_corruption (corruption at 2020-04-01),
stock_CUR6K@718712e8d985,ALDRV.PA,2018-04-01,56.22,1427819340.0,data_before_corruption (corruption at 2020-04-01),
stock_CUR6K@718712e8d985,ALDRV.PA,2018-10-01,18.38,721856120.0,data_before_corruption (corruption at 2020-04-01),
stock_CUR6K@718712e8d985,ALDRV.PA,2019-04-01,16.22,878678793.4399999,data_before_corruption (corruption at 2020-04-01),
stock_CUR6K@718712e8d985,ALDRV.PA,2019-10-01,8.78,564079116.14,data_before_corruption (corruption at 2020-04-01),
stock_CUR6K@718712e8d985,ALDRV.PA,2020-04-01,,,data_before_corruption (corruption at 2020-04-01),bookValuePerShare|earningsYield|marketCap|price
stock_CUR6K@718712e8d985,ALJXR.PA,2004-10-01,,0.0,data_before_corruption (corruption at 2021-04-01),nan
stock_CUR6K@718712e8d985,ALJXR.PA,2005-10-01,,0.0,data_before_corruption (corruption at 2021-04-01),nan
stock_CUR6K@718712e8d985,ALJXR.PA,2006-10-01,,0.0,data_before_corruption (corruption at 2021-04-01),nan
stock_CUR6K@718712e8d985,ALJXR.PA,2007-10-01,,0.0,data_before_corruption (corruption at 2021-04-01),nan
stock_CUR6K@718712e8d985,ALJXR.PA,2008-10-01,11283605.0,22567210.0,data_before_corruption (corruption at 2021-04-01),nan
stock_CUR6K@718712e8d985,ALJXR.PA,2009-10-01,11397198.0,45588792.0,data_before_corruption (corruption at 2021-04-01),nan
stock_CUR6K@718712e8d985,ALJXR.PA,2010-04-01,14009845.0,70049225.0,data_before_corruption (corruption at 2021-04-01),nan
stock_CUR6K@718712e8d985,ALJXR.PA,2010-10-01,15675880.0,78379400.0,data_before_corruption (corruption at 2021-04-01),nan
stock_CUR6K@718712e8d985,ALJXR.PA,2011-04-01,41812524.0,250875144.0,data_before_corruption (corruption at 2021-04-01),nan
stock_CUR6K@718712e8d985,ALJXR.PA,2011-10-01,25865422.0,155192532.0,data_before_corruption (corruption at 2021-04-01),nan
stock_CUR6K@718712e8d985,ALJXR.PA,2012-04-01,16452742.0,98716452.0,data_before_corruption (corruption at 2021-04-01),nan
stock_CUR6K@718712e8d985,ALJXR.PA,2012-10-01,14391287.0,86347722.0,data_before_corruption (corruption at 2021-04-01),nan
stock_CUR6K@718712e8d985,ALJXR.PA,2013-04-01,,0.0,data_before_corruption (corruption at 2021-04-01),nan
stock_CUR6K@718712e8d985,ALJXR.PA,2013-10-01,,0.0,data_before_corruption (corruption at 2021-04-01),nan
stock_CUR6K@718712e8d985,ALJXR.PA,2014-04-01,11901984.0,83313888.0,data_before_corruption (corruption at 2021-04-01),nan
stock_CUR6K@718712e8d985,ALJXR.PA,2014-10-01,9140412.0,63982884.0,data_before_corruption (corruption at 2021-04-01),nan
stock_CUR6K@718712e8d985,ALJXR.PA,2015-04-01,7934656.0,55542592.0,data_before_corruption (corruption at 2021-04-01),nan
stock_CUR6K@718712e8d985,ALJXR.PA,2015-10-01,,0.0,data_before_corruption (corruption at 2021-04-01),nan
stock_CUR6K@718712e8d985,ALJXR.PA,2016-04-01,,0.0,data_before_corruption (corruption at 2021-04-01),nan
stock_CUR6K@718712e8d985,ALJXR.PA,2016-10-01,,0.0,data_before_corruption (corruption at 2021-04-01),nan
stock_CUR6K@718712e8d985,ALJXR.PA,2017-04-01,,0.0,data_before_corruption (corruption at 2021-04-01),nan
stock_CUR6K@718712e8d985,ALJXR.PA,2017-10-01,,0.0,data_before_corruption (corruption at 2021-04-01),nan
stock_CUR6K@718712e8d985,ALJXR.PA,2018-04-01,,0.0,data_before_corruption (corruption at 2021-04-01),nan
stock_CUR6K@718712e8d985,ALJXR.PA,2018-10-01,,0.0,data_before_corruption (corruption at 2021-04-01),nan
stock_CUR6K@718712e8d985,ALJXR.PA,2019-04-01,784000.0,12428869.6,data_before_corruption (corruption at 2021-04-01),nan
stock_CUR6K@718712e8d985,ALJXR.PA,2019-10-01,428000.0,10075794.1405744,data_before_corruption (corruption at 2021-04-01),nan
stock_CUR6K@718712e8d985,ALJXR.PA,2020-04-01,185600.0,7145080.32,data_before_corruption (corruption at 2021-04-01),nan
stock_CUR6K@718712e8d985,ALJXR.PA,2020-10-01,136000.0,8602191.76,data_before_corruption (corruption at 2021-04-01),nan
stock_CUR6K@718712e8d985,ALJXR.PA,2021-04-01,27600.0,8510818.524,data_before_corruption (corruption at 2021-04-01),nan
stock_CUR6K@718712e8d985,ALKOM.PA,2018-04-01,,,data_before_corruption (corruption at 2022-10-01),nan
stock_CUR6K@718712e8d985,ALKOM.PA,2018-10-01,,,data_before_corruption (corruption at 2022-10-01),nan
stock_CUR6K@718712e8d985,ALKOM.PA,2019-04-01,,,data_before_corruption (corruption at 2022-10-01),nan
stock_CUR6K@718712e8d985,ALKOM.PA,2019-10-01,0.0,0.0,data_before_corruption (corruption at 2022-10-01),nan
stock_CUR6K@718712e8d985,ALKOM.PA,2020-04-01,0.0,0.0,data_before_corruption (corruption at 2022-10-01),nan
stock_CUR6K@718712e8d985,ALKOM.PA,2020-10-01,0.0,0.0,data_before_corruption (corruption at 2022-10-01),nan
stock_CUR6K@718712e8d985,ALKOM.PA,2021-04-01,0.0,0.0,data_before_corruption (corruption at 2022-10-01),nan
stock_CUR6K@718712e8d985,ALKOM.PA,2021-10-01,0.0,0.0,data_before_corruption (corruption at 2022-10-01),nan
stock_CUR6K@718712e8d985,ALKOM.PA,2022-04-01,0.0,0.0,data_before_corruption (corruption at 2022-10-01),nan
stock_CUR6K@718712e8d985,ALKOM.PA,2022-10-01,0.0,0.0,data_before_corruption (corruption at 2022-10-01),nan
stock_CUR6K@718712e8d985,ALNXT.PA,2004-10-01,,0.0,data_before_corruption (corruption at 2020-04-01),
stock_CUR6K@718712e8d985,ALNXT.PA,2005-10-01,,0.0,data_before_corruption (corruption at 2020-04-01),
stock_CUR6K@718712e8d985,ALNXT.PA,2006-10-01,,68852826.6,data_before_corruption (corruption at 2020-04-01),
stock_CUR6K@718712e8d985,ALNXT.PA,2007-10-01,,35407695.96,data_before_corruption (corruption at 2020-04-01),
stock_CUR6K@718712e8d985,ALNXT.PA,2008-10-01,1.99,7988811.22,data_before_corruption (corruption at 2020-04-01),
stock_CUR6K@718712e8d985,ALNXT.PA,2009-10-01,2.13,8576830.53,data_before_corruption (corruption at 2020-04-01),
stock_CUR6K@718712e8d985,ALNXT.PA,2010-04-01,1.67,6867484.22,data_before_corruption (corruption at 2020-04-01),
stock_CUR6K@718712e8d985,ALNXT.PA,2010-10-01,2.1,8635758.6,data_before_corruption (corruption at 2020-04-01),
stock_CUR6K@718712e8d985,ALNXT.PA,2011-04-01,1.98,8205048.72,data_before_corruption (corruption at 2020-04-01),
stock_CUR6K@718712e8d985,ALNXT.PA,2011-10-01,1.73,7169057.72,data_before_corruption (corruption at 2020-04-01),
stock_CUR6K@718712e8d985,ALNXT.PA,2012-04-01,1.9,8044531.6,data_before_corruption (corruption at 2020-04-01),
stock_CUR6K@718712e8d985,ALNXT.PA,2012-10-01,2.1,8702324.4,data_before_corruption (corruption at 2020-04-01),
stock_CUR6K@718712e8d985,ALNXT.PA,2013-04-01,1.35,5594351.4,data_before_corruption (corruption at 2020-04-01),
stock_CUR6K@718712e8d985,ALNXT.PA,2013-10-01,0.9500000000000001,4213849.45,data_before_corruption (corruption at 2020-04-01),
stock_CUR6K@718712e8d985,ALNXT.PA,2014-04-01,0.87,3858998.97,data_before_corruption (corruption at 2020-04-01),
stock_CUR6K@718712e8d985,ALNXT.PA,2014-10-01,0.65,2883160.15,data_before_corruption (corruption at 2020-04-01),
stock_CUR6K@718712e8d985,ALNXT.PA,2015-04-01,0.54,3293423.2800000003,data_before_corruption (corruption at 2020-04-01),
stock_CUR6K@718712e8d985,ALNXT.PA,2015-10-01,0.65,4221189.05,data_before_corruption (corruption at 2020-04-01),
stock_CUR6K@718712e8d985,ALNXT.PA,2016-04-01,0.61,6768126.29,data_before_corruption (corruption at 2020-04-01),
stock_CUR6K@718712e8d985,ALNXT.PA,2016-10-01,0.84,10167318.84,data_before_corruption (corruption at 2020-04-01),
stock_CUR6K@718712e8d985,ALNXT.PA,2017-04-01,1.06,16306000.14,data_before_corruption (corruption at 2020-04-01),
stock_CUR6K@718712e8d985,ALNXT.PA,2017-10-01,1.16,26368841.599999998,data_before_corruption (corruption at 2020-04-01),
stock_CUR6K@718712e8d985,ALNXT.PA,2018-04-01,0.909,17887112.019,data_before_corruption (corruption at 2020-04-01),
stock_CUR6K@718712e8d985,ALNXT.PA,2018-10-01,0.645,12692175.195,data_before_corruption (corruption at 2020-04-01),
stock_CUR6K@718712e8d985,ALNXT.PA,2019-04-01,0.668,12902621.068,data_before_corruption (corruption at 2020-04-01),
stock_CUR6K@718712e8d985,ALNXT.PA,2019-10-01,0.736,14865985.6,data_before_corruption (corruption at 2020-04-01),
stock_CUR6K@718712e8d985,ALNXT.PA,2020-04-01,,,data_before_corruption (corruption at 2020-04-01),bookValuePerShare|earningsYield|marketCap|price
stock_CUR6K@718712e8d985,ALPHI.PA,2012-10-01,,,data_before_corruption (corruption at 2021-10-01),nan
stock_CUR6K@718712e8d985,ALPHI.PA,2013-10-01,0.0,0.0,data_before_corruption (corruption at 2021-10-01),nan
stock_CUR6K@718712e8d985,ALPHI.PA,2014-04-01,0.0,0.0,data_before_corruption (corruption at 2021-10-01),nan
stock_CUR6K@718712e8d985,ALPHI.PA,2014-10-01,0.0,0.0,data_before_corruption (corruption at 2021-10-01),nan
stock_CUR6K@718712e8d985,ALPHI.PA,2015-04-01,0.0,0.0,data_before_corruption (corruption at 2021-10-01),nan
stock_CUR6K@718712e8d985,ALPHI.PA,2015-10-01,0.0,0.0,data_before_corruption (corruption at 2021-10-01),nan
stock_CUR6K@718712e8d985,ALPHI.PA,2016-04-01,0.0,0.0,data_before_corruption (corruption at 2021-10-01),nan
stock_CUR6K@718712e8d985,ALPHI.PA,2016-10-01,0.0,0.0,data_before_corruption (corruption at 2021-10-01),nan
stock_CUR6K@718712e8d985,ALPHI.PA,2017-04-01,0.0,0.0,data_before_corruption (corruption at 2021-10-01),nan
stock_CUR6K@718712e8d985,ALPHI.PA,2017-10-01,0.0,0.0,data_before_corruption (corruption at 2021-10-01),nan
stock_CUR6K@718712e8d985,ALPHI.PA,2018-04-01,0.0,0.0,data_before_corruption (corruption at 2021-10-01),nan
stock_CUR6K@718712e8d985,ALPHI.PA,2018-10-01,0.0,0.0,data_before_corruption (corruption at 2021-10-01),nan
stock_CUR6K@718712e8d985,ALPHI.PA,2019-04-01,0.0,0.0,data_before_corruption (corruption at 2021-10-01),nan
stock_CUR6K@718712e8d985,ALPHI.PA,2019-10-01,0.0,0.0,data_before_corruption (corruption at 2021-10-01),nan
stock_CUR6K@718712e8d985,ALPHI.PA,2020-04-01,0.0,0.0,data_before_corruption (corruption at 2021-10-01),nan
stock_CUR6K@718712e8d985,ALPHI.PA,2020-10-01,0.0,0.0,data_before_corruption (corruption at 2021-10-01),nan
stock_CUR6K@718712e8d985,ALPHI.PA,2021-04-01,0.0,0.0,data_before_corruption (corruption at 2021-10-01),nan
stock_CUR6K@718712e8d985,ALPHI.PA,2021-10-01,0.0,0.0,data_before_corruption (corruption at 2021-10-01),nan
stock_CUR6K@718712e8d985,ALRPD.PA,2013-04-01,169670.4,8794356172800.0,data_before_corruption (corruption at 2020-10-01),nan
stock_CUR6K@718712e8d985,ALRPD.PA,2014-04-01,174148.8,9080118432000.0,data_before_corruption (corruption at 2020-10-01),nan
stock_CUR6K@718712e8d985,ALRPD.PA,2014-07-01,173208.0,4029684120000.0,data_before_corruption (corruption at 2020-10-01),nan
stock_CUR6K@718712e8d985,ALRPD.PA,2014-10-01,177868.8,4138117631999.9995,data_before_corruption (corruption at 2020-10-01),nan
stock_CUR6K@718712e8d985,ALRPD.PA,2015-01-01,169288.80000000002,3938503932000.0005,data_before_corruption (corruption at 2020-10-01),nan
stock_CUR6K@718712e8d985,ALRPD.PA,2015-04-01,173353.19999999998,4033062197999.9995,data_before_corruption (corruption at 2020-10-01),nan
stock_CUR6K@718712e8d985,ALRPD.PA,2015-07-01,191005.2,4443735978000.0,data_before_corruption (corruption at 2020-10-01),nan
stock_CUR6K@718712e8d985,ALRPD.PA,2015-10-01,178869.6,4161401244000.0,data_before_corruption (corruption at 2020-10-01),nan
stock_CUR6K@718712e8d985,ALRPD.PA,2016-01-01,178285.2,4147805178000.0005,data_before_corruption (corruption at 2020-10-01),nan
stock_CUR6K@718712e8d985,ALRPD.PA,2016-04-01,178813.2,4159910284800.0005,data_before_corruption (corruption at 2020-10-01),nan
stock_CUR6K@718712e8d985,ALRPD.PA,2016-07-01,176028.0,4095291420000.0,data_before_corruption (corruption at 2020-10-01),nan
stock_CUR6K@718712e8d985,ALRPD.PA,2016-10-01,175110.0,4073934150000.0,data_before_corruption (corruption at 2020-10-01),nan
stock_CUR6K@718712e8d985,ALRPD.PA,2017-01-01,167570.4,3898525356000.0,data_before_corruption (corruption at 2020-10-01),nan
stock_CUR6K@718712e8d985,ALRPD.PA,2017-04-01,178257.59999999998,4147163063999.9995,data_before_corruption (corruption at 2020-10-01),nan
stock_CUR6K@718712e8d985,ALRPD.PA,2017-07-01,180805.2,4206252172800.0005,data_before_corruption (corruption at 2020-10-01),nan
stock_CUR6K@718712e8d985,ALRPD.PA,2017-10-01,184611.6,4294804262400.0,data_before_corruption (corruption at 2020-10-01),nan
stock_CUR6K@718712e8d985,ALRPD.PA,2018-01-01,192447.6,8016212330400.0,data_before_corruption (corruption at 2020-10-01),nan
stock_CUR6K@718712e8d985,ALRPD.PA,2018-04-01,189213.6,7881692508000.0,data_before_corruption (corruption at 2020-10-01),nan
stock_CUR6K@718712e8d985,ALRPD.PA,2018-07-01,192294.0,6241863240000.0,data_before_corruption (corruption at 2020-10-01),nan
stock_CUR6K@718712e8d985,ALRPD.PA,2018-10-01,195001.2,6329738952000.0,data_before_corruption (corruption at 2020-10-01),nan
stock_CUR6K@718712e8d985,ALRPD.PA,2019-01-01,189176.4,6865211556000.0,data_before_corruption (corruption at 2020-10-01),nan
stock_CUR6K@718712e8d985,ALRPD.PA,2019-04-01,194422.8,7055603412000.0,data_before_corruption (corruption at 2020-10-01),nan
stock_CUR6K@718712e8d985,ALRPD.PA,2019-07-01,193716.0,6658987500000.0,data_before_corruption (corruption at 2020-10-01),nan
stock_CUR6K@718712e8d985,ALRPD.PA,2019-10-01,191917.2,6597153750000.0,data_before_corruption (corruption at 2020-10-01),nan
stock_CUR6K@718712e8d985,ALRPD.PA,2020-04-01,195242.4,6337533.160368,data_before_corruption (corruption at 2020-10-01),nan
stock_CUR6K@718712e8d985,ALRPD.PA,2020-10-01,190350.0,7173495.158211899,data_before_corruption (corruption at 2020-10-01),nan
stock_CUR6K@718712e8d985,ALSPW.PA,2011-10-01,,55760000000.0,data_before_corruption (corruption at 2023-04-01),nan
stock_CUR6K@718712e8d985,ALSPW.PA,2012-10-01,656000000.0,55104000000.0,data_before_corruption (corruption at 2023-04-01),nan
stock_CUR6K@718712e8d985,ALSPW.PA,2013-04-01,768000000.0,65280000000.0,data_before_corruption (corruption at 2023-04-01),nan
stock_CUR6K@718712e8d985,ALSPW.PA,2013-10-01,782400000.0,68851200000.0,data_before_corruption (corruption at 2023-04-01),nan
stock_CUR6K@718712e8d985,ALSPW.PA,2014-04-01,684000000.0,60192000000.0,data_before_corruption (corruption at 2023-04-01),nan
stock_CUR6K@718712e8d985,ALSPW.PA,2014-10-01,520000000.0,45760000000.0,data_before_corruption (corruption at 2023-04-01),nan
stock_CUR6K@718712e8d985,ALSPW.PA,2015-04-01,,0.0,data_before_corruption (corruption at 2023-04-01),nan
stock_CUR6K@718712e8d985,ALSPW.PA,2015-10-01,,0.0,data_before_corruption (corruption at 2023-04-01),nan
stock_CUR6K@718712e8d985,ALSPW.PA,2016-04-01,,0.0,data_before_corruption (corruption at 2023-04-01),nan
stock_CUR6K@718712e8d985,ALSPW.PA,2016-10-01,,0.0,data_before_corruption (corruption at 2023-04-01),nan
stock_CUR6K@718712e8d985,ALSPW.PA,2017-04-01,,0.0,data_before_corruption (corruption at 2023-04-01),nan
stock_CUR6K@718712e8d985,ALSPW.PA,2017-10-01,,0.0,data_before_corruption (corruption at 2023-04-01),nan
stock_CUR6K@718712e8d985,ALSPW.PA,2018-04-01,,0.0,data_before_corruption (corruption at 2023-04-01),nan
stock_CUR6K@718712e8d985,ALSPW.PA,2018-10-01,,0.0,data_before_corruption (corruption at 2023-04-01),nan
stock_CUR6K@718712e8d985,ALSPW.PA,2019-04-01,,0.0,data_before_corruption (corruption at 2023-04-01),nan
stock_CUR6K@718712e8d985,ALSPW.PA,2019-10-01,599999.98,581387.1904204263,data_before_corruption (corruption at 2023-04-01),nan
stock_CUR6K@718712e8d985,ALSPW.PA,2020-04-01,280000.01,3683514.9315541,data_before_corruption (corruption at 2023-04-01),nan
stock_CUR6K@718712e8d985,ALSPW.PA,2020-10-01,96000.0,27159311.999999996,data_before_corruption (corruption at 2023-04-01),nan
stock_CUR6K@718712e8d985,ALSPW.PA,2021-04-01,127999.99999999999,18612599.04,data_before_corruption (corruption at 2023-04-01),nan
stock_CUR6K@718712e8d985,ALSPW.PA,2021-10-01,64000.0,11700166.368,data_before_corruption (corruption at 2023-04-01),nan
stock_CUR6K@718712e8d985,ALSPW.PA,2022-04-01,24000.0,5123615.28,data_before_corruption (corruption at 2023-04-01),nan
stock_CUR6K@718712e8d985,ALSPW.PA,2022-10-01,2100.0,447314.824677,data_before_corruption (corruption at 2023-04-01),nan
stock_CUR6K@718712e8d985,ALSPW.PA,2023-04-01,900.0,826006.5,data_before_corruption (corruption at 2023-04-01),nan
stock_CUR6K@718712e8d985,AMI.DE,2007-10-01,9.51,13430687.7,data_before_corruption (corruption at 2020-04-01),nan
stock_CUR6K@718712e8d985,AMI.DE,2008-04-01,9.98,14094454.600000001,data_before_corruption (corruption at 2020-04-01),nan
stock_CUR6K@718712e8d985,AMI.DE,2008-10-01,6.12,8643092.4,data_before_corruption (corruption at 2020-04-01),nan
stock_CUR6K@718712e8d985,AMI.DE,2009-04-01,6.12,8643092.4,data_before_corruption (corruption at 2020-04-01),nan
stock_CUR6K@718712e8d985,AMI.DE,2009-10-01,5.24,7400294.800000001,data_before_corruption (corruption at 2020-04-01),nan
stock_CUR6K@718712e8d985,AMI.DE,2010-10-01,8.15,11510000.5,data_before_corruption (corruption at 2020-04-01),nan
stock_CUR6K@718712e8d985,AMI.DE,2011-04-01,16.09,22723424.3,data_before_corruption (corruption at 2020-04-01),nan
stock_CUR6K@718712e8d985,AMI.DE,2011-10-01,12.37,17469779.9,data_before_corruption (corruption at 2020-04-01),nan
stock_CUR6K@718712e8d985,AMI.DE,2012-04-01,5.23,12002504.82,data_before_corruption (corruption at 2020-04-01),nan
stock_CUR6K@718712e8d985,AMI.DE,2012-10-01,2.57,5897980.38,data_before_corruption (corruption at 2020-04-01),nan
stock_CUR6K@718712e8d985,AMI.DE,2013-04-01,2.89,6632359.260000001,data_before_corruption (corruption at 2020-04-01),nan
stock_CUR6K@718712e8d985,AMI.DE,2013-10-01,2.89,6632359.260000001,data_before_corruption (corruption at 2020-04-01),nan
stock_CUR6K@718712e8d985,AMI.DE,2014-04-01,2.89,6632359.260000001,data_before_corruption (corruption at 2020-04-01),nan
stock_CUR6K@718712e8d985,AMI.DE,2014-10-01,2.89,6632359.260000001,data_before_corruption (corruption at 2020-04-01),nan
stock_CUR6K@718712e8d985,AMI.DE,2015-04-01,2.89,6632359.260000001,data_before_corruption (corruption at 2020-04-01),nan
stock_CUR6K@718712e8d985,AMI.DE,2015-10-01,2.89,6632359.260000001,data_before_corruption (corruption at 2020-04-01),nan
stock_CUR6K@718712e8d985,AMI.DE,2016-04-01,2.89,6632359.260000001,data_before_corruption (corruption at 2020-04-01),nan
stock_CUR6K@718712e8d985,AMI.DE,2016-10-01,2.89,8132535.140000001,data_before_corruption (corruption at 2020-04-01),nan
stock_CUR6K@718712e8d985,AMI.DE,2017-04-01,2.89,8132535.140000001,data_before_corruption (corruption at 2020-04-01),nan
stock_CUR6K@718712e8d985,AMI.DE,2017-10-01,2.89,8609590.33,data_before_corruption (corruption at 2020-04-01),nan
stock_CUR6K@718712e8d985,AMI.DE,2018-04-01,2.89,8609590.33,data_before_corruption (corruption at 2020-04-01),nan
stock_CUR6K@718712e8d985,AMI.DE,2018-10-01,2.89,10044524.46,data_before_corruption (corruption at 2020-04-01),nan
stock_CUR6K@718712e8d985,AMI.DE,2019-04-01,2.89,11300087.85,data_before_corruption (corruption at 2020-04-01),nan
stock_CUR6K@718712e8d985,AMI.DE,2019-10-01,2.89,15723007.430000002,data_before_corruption (corruption at 2020-04-01),nan
stock_CUR6K@718712e8d985,AMI.DE,2020-04-01,2.89,1.5723007429999966e-07,data_before_corruption (corruption at 2020-04-01),nan
stock_CUR6K@718712e8d985,ARIS,2006-10-01,133.54433405560002,1738747.2294039123,data_before_corruption (corruption at 2017-04-01),nan
stock_CUR6K@718712e8d985,ARIS,2007-01-01,187.9730535456,2447409.157163712,data_before_corruption (corruption at 2017-04-01),nan
stock_CUR6K@718712e8d985,ARIS,2007-04-01,229.57534581540003,2278994.457909476,data_before_corruption (corruption at 2017-04-01),nan
stock_CUR6K@718712e8d985,ARIS,2007-07-01,263.529934452,2616061.6593050044,data_before_corruption (corruption at 2017-04-01),nan
stock_CUR6K@718712e8d985,ARIS,2007-10-01,218.62389972000003,2170279.4525204403,data_before_corruption (corruption at 2017-04-01),nan
stock_CUR6K@718712e8d985,ARIS,2008-01-01,205.5683404254,2040676.9154029458,data_before_corruption (corruption at 2017-04-01),nan
stock_CUR6K@718712e8d985,ARIS,2008-04-01,193.5950300344,1921817.8631514888,data_before_corruption (corruption at 2017-04-01),nan
stock_CUR6K@718712e8d985,ARIS,2008-07-01,190.5335453733,1891426.504920749,data_before_corruption (corruption at 2017-04-01),nan
stock_CUR6K@718712e8d985,ARIS,2008-10-01,70.983391995,704652.132334365,data_before_corruption (corruption at 2017-04-01),nan
stock_CUR6K@718712e8d985,ARIS,2009-01-01,85.49057173080001,848664.9055716518,data_before_corruption (corruption at 2017-04-01),nan
stock_CUR6K@718712e8d985,ARIS,2009-04-01,94.139527208,934523.086593816,data_before_corruption (corruption at 2017-04-01),nan
stock_CUR6K@718712e8d985,ARIS,2009-07-01,104.264476358,1035033.456805866,data_before_corruption (corruption at 2017-04-01),nan
stock_CUR6K@718712e8d985,ARIS,2009-10-01,119.1925969467,1183224.9098898908,data_before_corruption (corruption at 2017-04-01),nan
stock_CUR6K@718712e8d985,ARIS,2010-01-01,194.2040226192,1326996.0865569937,data_before_corruption (corruption at 2017-04-01),nan
stock_CUR6K@718712e8d985,ARIS,2010-04-01,217.3106558292,4672179.1003278,data_before_corruption (corruption at 2017-04-01),nan
stock_CUR6K@718712e8d985,ARIS,2010-07-01,212.69219093430004,4572882.105087451,data_before_corruption (corruption at 2017-04-01),nan
stock_CUR6K@718712e8d985,ARIS,2010-10-01,,,data_before_corruption (corruption at 2017-04-01),nan
stock_CUR6K@718712e8d985,ARIS,2011-01-01,,,data_before_corruption (corruption at 2017-04-01),nan
stock_CUR6K@718712e8d985,ARIS,2011-04-01,,,data_before_corruption (corruption at 2017-04-01),nan
stock_CUR6K@718712e8d985,ARIS,2011-07-01,,,data_before_corruption (corruption at 2017-04-01),nan
stock_CUR6K@718712e8d985,ARIS,2011-10-01,,,data_before_corruption (corruption at 2017-04-01),nan
stock_CUR6K@718712e8d985,ARIS,2012-01-01,,,data_before_corruption (corruption at 2017-04-01),nan
stock_CUR6K@718712e8d985,ARIS,2012-04-01,,,data_before_corruption (corruption at 2017-04-01),nan
stock_CUR6K@718712e8d985,ARIS,2012-07-01,,,data_before_corruption (corruption at 2017-04-01),nan
stock_CUR6K@718712e8d985,ARIS,2012-10-01,,,data_before_corruption (corruption at 2017-04-01),nan
stock_CUR6K@718712e8d985,ARIS,2013-01-01,,,data_before_corruption (corruption at 2017-04-01),nan
stock_CUR6K@718712e8d985,ARIS,2013-04-01,,,data_before_corruption (corruption at 2017-04-01),nan
stock_CUR6K@718712e8d985,ARIS,2013-07-01,,,data_before_corruption (corruption at 2017-04-01),nan
stock_CUR6K@718712e8d985,ARIS,2013-10-01,,,data_before_corruption (corruption at 2017-04-01),nan
stock_CUR6K@718712e8d985,ARIS,2014-01-01,,,data_before_corruption (corruption at 2017-04-01),nan
stock_CUR6K@718712e8d985,ARIS,2014-04-01,,,data_before_corruption (corruption at 2017-04-01),nan
stock_CUR6K@718712e8d985,ARIS,2014-07-01,,,data_before_corruption (corruption at 2017-04-01),nan
stock_CUR6K@718712e8d985,ARIS,2014-10-01,,,data_before_corruption (corruption at 2017-04-01),nan
stock_CUR6K@718712e8d985,ARIS,2015-01-01,,,data_before_corruption (corruption at 2017-04-01),nan
stock_CUR6K@718712e8d985,ARIS,2015-04-01,,,data_before_corruption (corruption at 2017-04-01),nan
stock_CUR6K@718712e8d985,ARIS,2015-07-01,,,data_before_corruption (corruption at 2017-04-01),nan
stock_CUR6K@718712e8d985,ARIS,2015-10-01,,,data_before_corruption (corruption at 2017-04-01),nan
stock_CUR6K@718712e8d985,ARIS,2016-01-01,,,data_before_corruption (corruption at 2017-04-01),nan
stock_CUR6K@718712e8d985,ARIS,2016-04-01,,,data_before_corruption (corruption at 2017-04-01),nan
stock_CUR6K@718712e8d985,ARIS,2016-07-01,,,data_before_corruption (corruption at 2017-04-01),nan
stock_CUR6K@718712e8d985,ARIS,2016-10-01,,,data_before_corruption (corruption at 2017-04-01),nan
stock_CUR6K@718712e8d985,ARIS,2017-01-01,,,data_before_corruption (corruption at 2017-04-01),nan
stock_CUR6K@718712e8d985,ARIS,2017-04-01,1.1098080000000001,22695573.6,data_before_corruption (corruption at 2017-04-01),nan
stock_CUR6K@718712e8d985,ARIS,2017-04-01,,,data_before_corruption (corruption at 2017-04-01),nan
stock_CUR6K@718712e8d985,ASG.DE,2009-10-01,18.82,29784795442.36,data_before_corruption (corruption at 2012-10-01),nan
stock_CUR6K@718712e8d985,ASG.DE,2010-04-01,14.43,22234345528.98,data_before_corruption (corruption at 2012-10-01),nan
stock_CUR6K@718712e8d985,ASG.DE,2010-10-01,14.21,21893926824.84,data_before_corruption (corruption at 2012-10-01),nan
stock_CUR6K@718712e8d985,ASG.DE,2011-04-01,14.55,22417802196.45,data_before_corruption (corruption at 2012-10-01),nan
stock_CUR6K@718712e8d985,ASG.DE,2011-10-01,11.63,18377345501.29,data_before_corruption (corruption at 2012-10-01),nan
stock_CUR6K@718712e8d985,ASG.DE,2012-04-01,0.0,0.0,data_before_corruption (corruption at 2012-10-01),nan
stock_CUR6K@718712e8d985,ASG.DE,2012-10-01,0.0,0.0,data_before_corruption (corruption at 2012-10-01),nan
stock_CUR6K@718712e8d985,ATO.PA,2001-10-01,,0.0,data_before_corruption (corruption at 2024-10-01),nan
stock_CUR6K@718712e8d985,ATO.PA,2002-10-01,,0.0,data_before_corruption (corruption at 2024-10-01),nan
stock_CUR6K@718712e8d985,ATO.PA,2003-10-01,,0.0,data_before_corruption (corruption at 2024-10-01),nan
stock_CUR6K@718712e8d985,ATO.PA,2004-10-01,,0.0,data_before_corruption (corruption at 2024-10-01),nan
stock_CUR6K@718712e8d985,ATO.PA,2005-10-01,,0.0,data_before_corruption (corruption at 2024-10-01),nan
stock_CUR6K@718712e8d985,ATO.PA,2006-10-01,,0.0,data_before_corruption (corruption at 2024-10-01),nan
stock_CUR6K@718712e8d985,ATO.PA,2007-10-01,,0.0,data_before_corruption (corruption at 2024-10-01),nan
stock_CUR6K@718712e8d985,ATO.PA,2008-10-01,,0.0,data_before_corruption (corruption at 2024-10-01),nan
stock_CUR6K@718712e8d985,ATO.PA,2009-10-01,,0.0,data_before_corruption (corruption at 2024-10-01),nan
stock_CUR6K@718712e8d985,ATO.PA,2010-04-01,,0.0,data_before_corruption (corruption at 2024-10-01),nan
stock_CUR6K@718712e8d985,ATO.PA,2010-10-01,,0.0,data_before_corruption (corruption at 2024-10-01),nan
stock_CUR6K@718712e8d985,ATO.PA,2011-04-01,,0.0,data_before_corruption (corruption at 2024-10-01),nan
stock_CUR6K@718712e8d985,ATO.PA,2011-10-01,,0.0,data_before_corruption (corruption at 2024-10-01),nan
stock_CUR6K@718712e8d985,ATO.PA,2012-04-01,,0.0,data_before_corruption (corruption at 2024-10-01),nan
stock_CUR6K@718712e8d985,ATO.PA,2012-10-01,,0.0,data_before_corruption (corruption at 2024-10-01),nan
stock_CUR6K@718712e8d985,ATO.PA,2013-04-01,3176.33,3675013810.0,data_before_corruption (corruption at 2024-10-01),nan
stock_CUR6K@718712e8d985,ATO.PA,2013-10-01,3628.59,4198278630.0,data_before_corruption (corruption at 2024-10-01),nan
stock_CUR6K@718712e8d985,ATO.PA,2014-04-01,3355.58,4226353010.0,data_before_corruption (corruption at 2024-10-01),nan
stock_CUR6K@718712e8d985,ATO.PA,2014-10-01,3656.72,4934743640.0,data_before_corruption (corruption at 2024-10-01),nan
stock_CUR6K@718712e8d985,ATO.PA,2015-04-01,3694.23,4985363385.0,data_before_corruption (corruption at 2024-10-01),nan
stock_CUR6K@718712e8d985,ATO.PA,2015-10-01,4271.69,5892796354.999999,data_before_corruption (corruption at 2024-10-01),nan
stock_CUR6K@718712e8d985,ATO.PA,2016-04-01,4110.64,5742564080.0,data_before_corruption (corruption at 2024-10-01),nan
stock_CUR6K@718712e8d985,ATO.PA,2016-10-01,5529.2,7724292400.0,data_before_corruption (corruption at 2024-10-01),nan
stock_CUR6K@718712e8d985,ATO.PA,2017-04-01,6778.45,9571171400.0,data_before_corruption (corruption at 2024-10-01),nan
stock_CUR6K@718712e8d985,ATO.PA,2017-10-01,6692.96,9470538400.0,data_before_corruption (corruption at 2024-10-01),nan
stock_CUR6K@718712e8d985,ATO.PA,2018-04-01,6450.28,9146497040.0,data_before_corruption (corruption at 2024-10-01),nan
stock_CUR6K@718712e8d985,ATO.PA,2018-10-01,3942.42,5669199960.0,data_before_corruption (corruption at 2024-10-01),nan
stock_CUR6K@718712e8d985,ATO.PA,2019-04-01,5576.5,8030160000.0,data_before_corruption (corruption at 2024-10-01),nan
stock_CUR6K@718712e8d985,ATO.PA,2019-10-01,5521.52,8072462240.000001,data_before_corruption (corruption at 2024-10-01),nan
stock_CUR6K@718712e8d985,ATO.PA,2020-04-01,5638.9,8255349599.999999,data_before_corruption (corruption at 2024-10-01),nan
stock_CUR6K@718712e8d985,ATO.PA,2020-10-01,5555.69,8177975679.999999,data_before_corruption (corruption at 2024-10-01),nan
stock_CUR6K@718712e8d985,ATO.PA,2021-04-01,3811.27,5621623250.0,data_before_corruption (corruption at 2024-10-01),nan
stock_CUR6K@718712e8d985,ATO.PA,2021-10-01,2777.85,4097328750.0,data_before_corruption (corruption at 2024-10-01),nan
stock_CUR6K@718712e8d985,ATO.PA,2022-04-01,949.85,1414326650.0,data_before_corruption (corruption at 2024-10-01),nan
stock_CUR6K@718712e8d985,ATO.PA,2022-10-01,669.54,997614600.0,data_before_corruption (corruption at 2024-10-01),nan
stock_CUR6K@718712e8d985,ATO.PA,2023-04-01,971.76,1445978880.0,data_before_corruption (corruption at 2024-10-01),nan
stock_CUR6K@718712e8d985,ATO.PA,2023-10-01,523.77,781988610.0,data_before_corruption (corruption at 2024-10-01),nan
stock_CUR6K@718712e8d985,ATO.PA,2024-04-01,73.0,109135000.0,data_before_corruption (corruption at 2024-10-01),nan
stock_CUR6K@718712e8d985,ATO.PA,2024-10-01,26.0,41137330.0,data_before_corruption (corruption at 2024-10-01),nan
stock_CUR6K@718712e8d985,AUMN.TO,2006-04-01,,,data_before_corruption (corruption at 2009-01-01),nan
stock_CUR6K@718712e8d985,AUMN.TO,2006-07-01,22.5,52582500.0,data_before_corruption (corruption at 2009-01-01),nan
stock_CUR6K@718712e8d985,AUMN.TO,2006-10-01,22.115713065755763,51795000.0,data_before_corruption (corruption at 2009-01-01),nan
stock_CUR6K@718712e8d985,AUMN.TO,2007-01-01,22.5,52740000.0,data_before_corruption (corruption at 2009-01-01),nan
stock_CUR6K@718712e8d985,AUMN.TO,2007-04-01,22.5,52785000.0,data_before_corruption (corruption at 2009-01-01),nan
stock_CUR6K@718712e8d985,AUMN.TO,2007-07-01,22.5,52785000.0,data_before_corruption (corruption at 2009-01-01),nan
stock_CUR6K@718712e8d985,AUMN.TO,2007-10-01,22.466603053435115,52976250.0,data_before_corruption (corruption at 2009-01-01),nan
stock_CUR6K@718712e8d985,AUMN.TO,2008-01-01,26.46160373355961,62370000.0,data_before_corruption (corruption at 2009-01-01),nan
stock_CUR6K@718712e8d985,AUMN.TO,2008-04-01,22.5,53032500.0,data_before_corruption (corruption at 2009-01-01),nan
stock_CUR6K@718712e8d985,AUMN.TO,2008-07-01,22.5,53032500.0,data_before_corruption (corruption at 2009-01-01),nan
stock_CUR6K@718712e8d985,AUMN.TO,2008-10-01,562.74798643493,1327522500.0,data_before_corruption (corruption at 2009-01-01),nan
stock_CUR6K@718712e8d985,AUMN.TO,2009-01-01,561680.7139830509,1325566485000.0,data_before_corruption (corruption at 2009-01-01),nan
stock_CUR6K@718712e8d985,AXS.AS,2003-01-01,7.123429485959999,188621289.35873482,data_before_corruption (corruption at 2012-07-01),nan
stock_CUR6K@718712e8d985,AXS.AS,2004-01-01,7.36884451727,195119633.97279233,data_before_corruption (corruption at 2012-07-01),nan
stock_CUR6K@718712e8d985,AXS.AS,2004-07-01,6.789158864025786,179770137.56053877,data_before_corruption (corruption at 2012-07-01),nan
stock_CUR6K@718712e8d985,AXS.AS,2005-01-01,6.793352579178581,179881182.94406965,data_before_corruption (corruption at 2012-07-01),nan
stock_CUR6K@718712e8d985,AXS.AS,2005-07-01,7.198185166840001,170568195.71344066,data_before_corruption (corruption at 2012-07-01),nan
stock_CUR6K@718712e8d985,AXS.AS,2006-01-01,8.42385637422,199611700.6435171,data_before_corruption (corruption at 2012-07-01),nan
stock_CUR6K@718712e8d985,AXS.AS,2006-07-01,10.34506720863,283372080.97879297,data_before_corruption (corruption at 2012-07-01),nan
stock_CUR6K@718712e8d985,AXS.AS,2007-01-01,19.986826558704,547479153.09602,data_before_corruption (corruption at 2012-07-01),nan
stock_CUR6K@718712e8d985,AXS.AS,2007-07-01,27.805884109100997,851165918.4636906,data_before_corruption (corruption at 2012-07-01),nan
stock_CUR6K@718712e8d985,AXS.AS,2008-01-01,14.525755210425002,444647892.7463197,data_before_corruption (corruption at 2012-07-01),nan
stock_CUR6K@718712e8d985,AXS.AS,2008-07-01,13.865701083647998,436672524.2273264,data_before_corruption (corruption at 2012-07-01),nan
stock_CUR6K@718712e8d985,AXS.AS,2009-01-01,3.563581704606,112227878.62315676,data_before_corruption (corruption at 2012-07-01),nan
stock_CUR6K@718712e8d985,AXS.AS,2009-07-01,3.598539445494,118265998.87616031,data_before_corruption (corruption at 2012-07-01),nan
stock_CUR6K@718712e8d985,AXS.AS,2010-01-01,2.562218020335,84207295.23830977,data_before_corruption (corruption at 2012-07-01),nan
stock_CUR6K@718712e8d985,AXS.AS,2010-07-01,1.6232532709063,72900304.39640193,data_before_corruption (corruption at 2012-07-01),nan
stock_CUR6K@718712e8d985,AXS.AS,2011-01-01,0.9431353427146,42356208.24131268,data_before_corruption (corruption at 2012-07-01),nan
stock_CUR6K@718712e8d985,AXS.AS,2011-07-01,0.5171063892392,42284306.55447863,data_before_corruption (corruption at 2012-07-01),nan
stock_CUR6K@718712e8d985,AXS.AS,2012-01-01,1.1110525579314001,90851878.71460852,data_before_corruption (corruption at 2012-07-01),nan
stock_CUR6K@718712e8d985,AXS.AS,2012-07-01,0.0,0.0,data_before_corruption (corruption at 2012-07-01),nan
stock_CUR6K@718712e8d985,AYTU,2007-04-01,,0.0,data_before_corruption (corruption at 2017-04-01),nan
stock_CUR6K@718712e8d985,AYTU,2007-07-01,3738317.8,18691589.0,data_before_corruption (corruption at 2017-04-01),nan
stock_CUR6K@718712e8d985,AYTU,2007-10-01,,0.0,data_before_corruption (corruption at 2017-04-01),nan
stock_CUR6K@718712e8d985,AYTU,2008-01-01,3738317.8,18691589.0,data_before_corruption (corruption at 2017-04-01),nan
stock_CUR6K@718712e8d985,AYTU,2008-04-01,3738317.8,18691589.0,data_before_corruption (corruption at 2017-04-01),nan
stock_CUR6K@718712e8d985,AYTU,2008-07-01,3738317.8,18691589.0,data_before_corruption (corruption at 2017-04-01),nan
stock_CUR6K@718712e8d985,AYTU,2008-10-01,5970731.46,29853657.3,data_before_corruption (corruption at 2017-04-01),nan
stock_CUR6K@718712e8d985,AYTU,2009-01-01,5970731.46,29853657.3,data_before_corruption (corruption at 2017-04-01),nan
stock_CUR6K@718712e8d985,AYTU,2009-04-01,5970731.46,29853657.3,data_before_corruption (corruption at 2017-04-01),nan
stock_CUR6K@718712e8d985,AYTU,2009-07-01,1756097.56,8780487.8,data_before_corruption (corruption at 2017-04-01),nan
stock_CUR6K@718712e8d985,AYTU,2009-10-01,5853658.54,29268292.7,data_before_corruption (corruption at 2017-04-01),nan
stock_CUR6K@718712e8d985,AYTU,2009-10-01,1873170.73,9365853.65,data_before_corruption (corruption at 2017-04-01),nan
stock_CUR6K@718712e8d985,AYTU,2010-04-01,4448780.49,26692682.94,data_before_corruption (corruption at 2017-04-01),nan
stock_CUR6K@718712e8d985,AYTU,2010-07-01,1990243.8999999997,11941463.399999999,data_before_corruption (corruption at 2017-04-01),nan
stock_CUR6K@718712e8d985,AYTU,2010-10-01,2341463.54,14048781.24,data_before_corruption (corruption at 2017-04-01),nan
stock_CUR6K@718712e8d985,AYTU,2011-01-01,2926829.27,20487804.89,data_before_corruption (corruption at 2017-04-01),nan
stock_CUR6K@718712e8d985,AYTU,2011-04-01,2926829.27,20487804.89,data_before_corruption (corruption at 2017-04-01),nan
stock_CUR6K@718712e8d985,AYTU,2011-07-01,3278048.78,26224390.24,data_before_corruption (corruption at 2017-04-01),nan
stock_CUR6K@718712e8d985,AYTU,2011-10-01,4097560.98,32780487.84,data_before_corruption (corruption at 2017-04-01),nan
stock_CUR6K@718712e8d985,AYTU,2012-01-01,9014634.02,72117072.16,data_before_corruption (corruption at 2017-04-01),nan
stock_CUR6K@718712e8d985,AYTU,2012-04-01,2341463.54,18731708.32,data_before_corruption (corruption at 2017-04-01),nan
stock_CUR6K@718712e8d985,AYTU,2012-07-01,8195121.95,65560975.6,data_before_corruption (corruption at 2017-04-01),nan
stock_CUR6K@718712e8d985,AYTU,2012-10-01,8195121.95,65560975.6,data_before_corruption (corruption at 2017-04-01),nan
stock_CUR6K@718712e8d985,AYTU,2013-01-01,8195121.95,65560975.6,data_before_corruption (corruption at 2017-04-01),nan
stock_CUR6K@718712e8d985,AYTU,2013-04-01,3512195.0,28097560.0,data_before_corruption (corruption at 2017-04-01),nan
stock_CUR6K@718712e8d985,AYTU,2013-07-01,2341463.54,18731708.32,data_before_corruption (corruption at 2017-04-01),nan
stock_CUR6K@718712e8d985,AYTU,2013-10-01,4097560.98,32780487.84,data_before_corruption (corruption at 2017-04-01),nan
stock_CUR6K@718712e8d985,AYTU,2014-01-01,4097560.98,32780487.84,data_before_corruption (corruption at 2017-04-01),nan
stock_CUR6K@718712e8d985,AYTU,2014-04-01,3395121.95,30556097.55,data_before_corruption (corruption at 2017-04-01),nan
stock_CUR6K@718712e8d985,AYTU,2014-07-01,1990243.8999999997,17912195.099999998,data_before_corruption (corruption at 2017-04-01),nan
stock_CUR6K@718712e8d985,AYTU,2014-10-01,2224390.24,20019512.160000004,data_before_corruption (corruption at 2017-04-01),nan
stock_CUR6K@718712e8d985,AYTU,2015-01-01,,0.0,data_before_corruption (corruption at 2017-04-01),nan
stock_CUR6K@718712e8d985,AYTU,2015-04-01,4448780.49,62282926.86,data_before_corruption (corruption at 2017-04-01),nan
stock_CUR6K@718712e8d985,AYTU,2015-07-01,4560000.0,63840000.0,data_before_corruption (corruption at 2017-04-01),nan
stock_CUR6K@718712e8d985,AYTU,2015-10-01,3600000.0,50400000.0,data_before_corruption (corruption at 2017-04-01),nan
stock_CUR6K@718712e8d985,AYTU,2016-01-01,614400.0,14131200.0,data_before_corruption (corruption at 2017-04-01),nan
stock_CUR6K@718712e8d985,AYTU,2016-04-01,374400.0,17222400.0,data_before_corruption (corruption at 2017-04-01),nan
stock_CUR6K@718712e8d985,AYTU,2016-07-01,260800.0,16430400.0,data_before_corruption (corruption at 2017-04-01),nan
stock_CUR6K@718712e8d985,AYTU,2016-10-01,96000.0,12960000.0,data_before_corruption (corruption at 2017-04-01),nan
stock_CUR6K@718712e8d985,AYTU,2017-01-01,72000.0,12384000.0,data_before_corruption (corruption at 2017-04-01),nan
stock_CUR6K@718712e8d985,AYTU,2017-04-01,47200.0,9723200.0,data_before_corruption (corruption at 2017-04-01),nan
stock_CUR6K@718712e8d985,BCT.TO,2016-01-01,9365.7,2645379427.8,data_before_corruption (corruption at 2019-04-01),nan
stock_CUR6K@718712e8d985,BCT.TO,2016-04-01,9000.0,2555568000.0,data_before_corruption (corruption at 2019-04-01),nan
stock_CUR6K@718712e8d985,BCT.TO,2016-07-01,10350.0,2985685200.0,data_before_corruption (corruption at 2019-04-01),nan
stock_CUR6K@718712e8d985,BCT.TO,2016-10-01,8775.0,179790975.0,data_before_corruption (corruption at 2019-04-01),nan
stock_CUR6K@718712e8d985,BCT.TO,2017-01-01,8100.0,17998200.0,data_before_corruption (corruption at 2019-04-01),nan
stock_CUR6K@718712e8d985,BCT.TO,2017-04-01,8775.0,20033325.0,data_before_corruption (corruption at 2019-04-01),nan
stock_CUR6K@718712e8d985,BCT.TO,2017-07-01,7200.0,16941600.0,data_before_corruption (corruption at 2019-04-01),nan
stock_CUR6K@718712e8d985,BCT.TO,2017-10-01,6300.0,15548400.0,data_before_corruption (corruption at 2019-04-01),nan
stock_CUR6K@718712e8d985,BCT.TO,2018-01-01,6300.0,15712200.0,data_before_corruption (corruption at 2019-04-01),nan
stock_CUR6K@718712e8d985,BCT.TO,2018-04-01,4950.0,13840200.0,data_before_corruption (corruption at 2019-04-01),nan
stock_CUR6K@718712e8d985,BCT.TO,2018-07-01,6075.0,21450825.0,data_before_corruption (corruption at 2019-04-01),nan
stock_CUR6K@718712e8d985,BCT.TO,2018-10-01,4950.0,17636850.0,data_before_corruption (corruption at 2019-04-01),nan
stock_CUR6K@718712e8d985,BCT.TO,2019-01-01,3790.9,13738221.6,data_before_corruption (corruption at 2019-04-01),nan
stock_CUR6K@718712e8d985,BCT.TO,2019-04-01,3600.0,46932.408,data_before_corruption (corruption at 2019-04-01),nan
stock_CUR6K@718712e8d985,BCTX,2006-10-01,,,data_before_corruption (corruption at 2019-07-01),
stock_CUR6K@718712e8d985,BCTX,2007-01-01,,,data_before_corruption (corruption at 2019-07-01),
stock_CUR6K@718712e8d985,BCTX,2007-04-01,,,data_before_corruption (corruption at 2019-07-01),
stock_CUR6K@718712e8d985,BCTX,2007-07-01,,,data_before_corruption (corruption at 2019-07-01),
stock_CUR6K@718712e8d985,BCTX,2007-10-01,,,data_before_corruption (corruption at 2019-07-01),
stock_CUR6K@718712e8d985,BCTX,2008-01-01,,,data_before_corruption (corruption at 2019-07-01),
stock_CUR6K@718712e8d985,BCTX,2008-04-01,,,data_before_corruption (corruption at 2019-07-01),
stock_CUR6K@718712e8d985,BCTX,2008-07-01,,,data_before_corruption (corruption at 2019-07-01),
stock_CUR6K@718712e8d985,BCTX,2008-10-01,,,data_before_corruption (corruption at 2019-07-01),
stock_CUR6K@718712e8d985,BCTX,2009-01-01,,,data_before_corruption (corruption at 2019-07-01),
stock_CUR6K@718712e8d985,BCTX,2009-04-01,,,data_before_corruption (corruption at 2019-07-01),
stock_CUR6K@718712e8d985,BCTX,2009-07-01,,,data_before_corruption (corruption at 2019-07-01),
stock_CUR6K@718712e8d985,BCTX,2009-10-01,,,data_before_corruption (corruption at 2019-07-01),
stock_CUR6K@718712e8d985,BCTX,2010-01-01,,,data_before_corruption (corruption at 2019-07-01),
stock_CUR6K@718712e8d985,BCTX,2010-04-01,,,data_before_corruption (corruption at 2019-07-01),
stock_CUR6K@718712e8d985,BCTX,2010-07-01,,,data_before_corruption (corruption at 2019-07-01),
stock_CUR6K@718712e8d985,BCTX,2010-10-01,,,data_before_corruption (corruption at 2019-07-01),
stock_CUR6K@718712e8d985,BCTX,2011-01-01,,,data_before_corruption (corruption at 2019-07-01),
stock_CUR6K@718712e8d985,BCTX,2011-04-01,,,data_before_corruption (corruption at 2019-07-01),
stock_CUR6K@718712e8d985,BCTX,2011-07-01,,,data_before_corruption (corruption at 2019-07-01),
stock_CUR6K@718712e8d985,BCTX,2011-10-01,,,data_before_corruption (corruption at 2019-07-01),
stock_CUR6K@718712e8d985,BCTX,2012-01-01,,,data_before_corruption (corruption at 2019-07-01),
stock_CUR6K@718712e8d985,BCTX,2012-04-01,,,data_before_corruption (corruption at 2019-07-01),
stock_CUR6K@718712e8d985,BCTX,2012-07-01,,,data_before_corruption (corruption at 2019-07-01),
stock_CUR6K@718712e8d985,BCTX,2012-10-01,,,data_before_corruption (corruption at 2019-07-01),
stock_CUR6K@718712e8d985,BCTX,2013-01-01,,,data_before_corruption (corruption at 2019-07-01),
stock_CUR6K@718712e8d985,BCTX,2013-04-01,,,data_before_corruption (corruption at 2019-07-01),
stock_CUR6K@718712e8d985,BCTX,2013-07-01,,,data_before_corruption (corruption at 2019-07-01),
stock_CUR6K@718712e8d985,BCTX,2013-10-01,,,data_before_corruption (corruption at 2019-07-01),
stock_CUR6K@718712e8d985,BCTX,2014-01-01,,,data_before_corruption (corruption at 2019-07-01),
stock_CUR6K@718712e8d985,BCTX,2014-04-01,,,data_before_corruption (corruption at 2019-07-01),
stock_CUR6K@718712e8d985,BCTX,2014-07-01,,,data_before_corruption (corruption at 2019-07-01),totalStockholdersEquity
stock_CUR6K@718712e8d985,BCTX,2014-10-01,,,data_before_corruption (corruption at 2019-07-01),
stock_CUR6K@718712e8d985,BCTX,2015-01-01,,,data_before_corruption (corruption at 2019-07-01),
stock_CUR6K@718712e8d985,BCTX,2015-04-01,,,data_before_corruption (corruption at 2019-07-01),
stock_CUR6K@718712e8d985,BCTX,2015-07-01,,,data_before_corruption (corruption at 2019-07-01),
stock_CUR6K@718712e8d985,BCTX,2015-10-01,,,data_before_corruption (corruption at 2019-07-01),
stock_CUR6K@718712e8d985,BCTX,2016-01-01,9365.7,2645379427.8,data_before_corruption (corruption at 2019-07-01),
stock_CUR6K@718712e8d985,BCTX,2016-04-01,9000.0,2555568000.0,data_before_corruption (corruption at 2019-07-01),
stock_CUR6K@718712e8d985,BCTX,2016-07-01,10350.0,2985685200.0,data_before_corruption (corruption at 2019-07-01),
stock_CUR6K@718712e8d985,BCTX,2016-10-01,8775.0,179790975.0,data_before_corruption (corruption at 2019-07-01),
stock_CUR6K@718712e8d985,BCTX,2017-01-01,809.708475796293,17998200.0,data_before_corruption (corruption at 2019-07-01),
stock_CUR6K@718712e8d985,BCTX,2017-04-01,877.4615654154439,20033325.0,data_before_corruption (corruption at 2019-07-01),
stock_CUR6K@718712e8d985,BCTX,2017-07-01,719.8776238633467,16941600.0,data_before_corruption (corruption at 2019-07-01),
stock_CUR6K@718712e8d985,BCTX,2017-10-01,629.8468767722596,15548400.0,data_before_corruption (corruption at 2019-07-01),
stock_CUR6K@718712e8d985,BCTX,2018-01-01,630.0,15712200.0,data_before_corruption (corruption at 2019-07-01),
stock_CUR6K@718712e8d985,BCTX,2018-04-01,494.946894110074,13840200.0,data_before_corruption (corruption at 2019-07-01),
stock_CUR6K@718712e8d985,BCTX,2018-07-01,607.5,21450825.0,data_before_corruption (corruption at 2019-07-01),
stock_CUR6K@718712e8d985,BCTX,2018-10-01,494.9166573128297,17636850.0,data_before_corruption (corruption at 2019-07-01),
stock_CUR6K@718712e8d985,BCTX,2019-01-01,379.04816245447523,13738221.6,data_before_corruption (corruption at 2019-07-01),
stock_CUR6K@718712e8d985,BCTX,2019-04-01,1.0754693737253376,46932.408,data_before_corruption (corruption at 2019-07-01),
stock_CUR6K@718712e8d985,BCTX,2019-07-01,292.439675519604,12761775.0,data_before_corruption (corruption at 2019-07-01),
stock_CUR6K@718712e8d985,BCY.DE,2000-10-01,,,data_before_corruption (corruption at 2012-10-01),nan
stock_CUR6K@718712e8d985,BCY.DE,2001-04-01,,,data_before_corruption (corruption at 2012-10-01),nan
stock_CUR6K@718712e8d985,BCY.DE,2001-10-01,,,data_before_corruption (corruption at 2012-10-01),nan
stock_CUR6K@718712e8d985,BCY.DE,2002-04-01,,,data_before_corruption (corruption at 2012-10-01),nan
stock_CUR6K@718712e8d985,BCY.DE,2002-10-01,,,data_before_corruption (corruption at 2012-10-01),nan
stock_CUR6K@718712e8d985,BCY.DE,2003-04-01,,,data_before_corruption (corruption at 2012-10-01),nan
stock_CUR6K@718712e8d985,BCY.DE,2003-10-01,,,data_before_corruption (corruption at 2012-10-01),nan
stock_CUR6K@718712e8d985,BCY.DE,2004-04-01,,,data_before_corruption (corruption at 2012-10-01),nan
stock_CUR6K@718712e8d985,BCY.DE,2004-10-01,,,data_before_corruption (corruption at 2012-10-01),nan
stock_CUR6K@718712e8d985,BCY.DE,2005-04-01,,,data_before_corruption (corruption at 2012-10-01),nan
stock_CUR6K@718712e8d985,BCY.DE,2005-10-01,,,data_before_corruption (corruption at 2012-10-01),nan
stock_CUR6K@718712e8d985,BCY.DE,2006-04-01,,,data_before_corruption (corruption at 2012-10-01),nan
stock_CUR6K@718712e8d985,BCY.DE,2006-10-01,11.333582403244511,79115777670.0,data_before_corruption (corruption at 2012-10-01),nan
stock_CUR6K@718712e8d985,BCY.DE,2007-04-01,4.2720858296099085,73813098964.0,data_before_corruption (corruption at 2012-10-01),nan
stock_CUR6K@718712e8d985,BCY.DE,2007-10-01,7.702848445615642,53451189980.0,data_before_corruption (corruption at 2012-10-01),nan
stock_CUR6K@718712e8d985,BCY.DE,2008-04-01,4.533589477423748,31744159519.0,data_before_corruption (corruption at 2012-10-01),nan
stock_CUR6K@718712e8d985,BCY.DE,2008-10-01,0.9668347314503992,16704970489.999998,data_before_corruption (corruption at 2012-10-01),nan
stock_CUR6K@718712e8d985,BCY.DE,2009-04-01,,0.0,data_before_corruption (corruption at 2012-10-01),nan
stock_CUR6K@718712e8d985,BCY.DE,2009-10-01,,0.0,data_before_corruption (corruption at 2012-10-01),nan
stock_CUR6K@718712e8d985,BCY.DE,2010-04-01,2.2056869106146544,38109858441.6,data_before_corruption (corruption at 2012-10-01),nan
stock_CUR6K@718712e8d985,BCY.DE,2010-10-01,1.8029875750086812,31152019320.999996,data_before_corruption (corruption at 2012-10-01),nan
stock_CUR6K@718712e8d985,BCY.DE,2011-04-01,1.7671068541324229,30532072225.7,data_before_corruption (corruption at 2012-10-01),nan
stock_CUR6K@718712e8d985,BCY.DE,2011-10-01,1.2423704931126287,21465677380.0,data_before_corruption (corruption at 2012-10-01),nan
stock_CUR6K@718712e8d985,BCY.DE,2012-04-01,1.152719980605394,19916695824.899998,data_before_corruption (corruption at 2012-10-01),nan
stock_CUR6K@718712e8d985,BCY.DE,2012-07-01,1.5738692868213915,27193313537.7,data_before_corruption (corruption at 2012-10-01),nan
stock_CUR6K@718712e8d985,BCY.DE,2012-10-01,0.0,0.0,data_before_corruption (corruption at 2012-10-01),nan
stock_CUR6K@718712e8d985,BGEO.L,2011-10-01,6.6511000000000005,315352508.4957,data_before_corruption (corruption at 2025-10-01),
stock_CUR6K@718712e8d985,BGEO.L,2012-07-01,8.0,379308696.0,data_before_corruption (corruption at 2025-10-01),
stock_CUR6K@718712e8d985,BGEO.L,2012-10-01,6.4475999999999996,305703843.5412,data_before_corruption (corruption at 2025-10-01),
stock_CUR6K@718712e8d985,BGEO.L,2013-01-01,9.809099999999999,465084616.24169993,data_before_corruption (corruption at 2025-10-01),
stock_CUR6K@718712e8d985,BGEO.L,2013-04-01,10.7669,510497349.8703,data_before_corruption (corruption at 2025-10-01),
stock_CUR6K@718712e8d985,BGEO.L,2013-07-01,12.094000000000001,573419921.1780001,data_before_corruption (corruption at 2025-10-01),
stock_CUR6K@718712e8d985,BGEO.L,2013-10-01,14.9923,712033006.9981,data_before_corruption (corruption at 2025-10-01),
stock_CUR6K@718712e8d985,BGEO.L,2014-01-01,15.605699999999997,739922214.6458999,data_before_corruption (corruption at 2025-10-01),
stock_CUR6K@718712e8d985,BGEO.L,2014-04-01,14.7106,697482312.9222,data_before_corruption (corruption at 2025-10-01),
stock_CUR6K@718712e8d985,BGEO.L,2014-07-01,15.386600000000003,729533897.7342001,data_before_corruption (corruption at 2025-10-01),
stock_CUR6K@718712e8d985,BGEO.L,2014-10-01,12.9954,617193742.0638,data_before_corruption (corruption at 2025-10-01),
stock_CUR6K@718712e8d985,BGEO.L,2015-01-01,10.8608,514949485.6896,data_before_corruption (corruption at 2025-10-01),
stock_CUR6K@718712e8d985,BGEO.L,2015-04-01,12.2066,578758691.0742,data_before_corruption (corruption at 2025-10-01),
stock_CUR6K@718712e8d985,BGEO.L,2015-07-01,11.2927,535427413.9149,data_before_corruption (corruption at 2025-10-01),
stock_CUR6K@718712e8d985,BGEO.L,2015-10-01,11.918699999999998,566057763.0188999,data_before_corruption (corruption at 2025-10-01),
stock_CUR6K@718712e8d985,BGEO.L,2016-01-01,12.6949,601910745.6063,data_before_corruption (corruption at 2025-10-01),
stock_CUR6K@718712e8d985,BGEO.L,2016-04-01,16.4132,778208686.1484,data_before_corruption (corruption at 2025-10-01),
stock_CUR6K@718712e8d985,BGEO.L,2016-07-01,18.1785,861907891.2795,data_before_corruption (corruption at 2025-10-01),
stock_CUR6K@718712e8d985,BGEO.L,2016-10-01,18.6793,887140608.6871,data_before_corruption (corruption at 2025-10-01),
stock_CUR6K@718712e8d985,BGEO.L,2017-01-01,20.1691,956289377.5617,data_before_corruption (corruption at 2025-10-01),
stock_CUR6K@718712e8d985,BGEO.L,2017-04-01,21.871799999999997,1037020492.1465999,data_before_corruption (corruption at 2025-10-01),
stock_CUR6K@718712e8d985,BGEO.L,2017-07-01,20.407,967569069.909,data_before_corruption (corruption at 2025-10-01),
stock_CUR6K@718712e8d985,BGEO.L,2017-10-01,22.1723,1053034520.4581,data_before_corruption (corruption at 2025-10-01),
stock_CUR6K@718712e8d985,BGEO.L,2018-01-01,22.2599,1055421705.2613,data_before_corruption (corruption at 2025-10-01),
stock_CUR6K@718712e8d985,BGEO.L,2018-04-01,18.85,895247705.95,data_before_corruption (corruption at 2025-10-01),
stock_CUR6K@718712e8d985,BGEO.L,2018-07-01,17.372,828547047.312,data_before_corruption (corruption at 2025-10-01),
stock_CUR6K@718712e8d985,BGEO.L,2018-10-01,13.77,655452000.0,data_before_corruption (corruption at 2025-10-01),
stock_CUR6K@718712e8d985,BGEO.L,2019-01-01,16.67,798209926.7300001,data_before_corruption (corruption at 2025-10-01),
stock_CUR6K@718712e8d985,BGEO.L,2019-04-01,14.81,703374988.07,data_before_corruption (corruption at 2025-10-01),
stock_CUR6K@718712e8d985,BGEO.L,2019-07-01,13.359999999999998,635607931.8399999,data_before_corruption (corruption at 2025-10-01),
stock_CUR6K@718712e8d985,BGEO.L,2019-10-01,16.25,770470788.75,data_before_corruption (corruption at 2025-10-01),
stock_CUR6K@718712e8d985,BGEO.L,2020-01-01,9.15,435675712.8,data_before_corruption (corruption at 2025-10-01),
stock_CUR6K@718712e8d985,BGEO.L,2020-04-01,10.7,507325380.9,data_before_corruption (corruption at 2025-10-01),
stock_CUR6K@718712e8d985,BGEO.L,2020-07-01,8.93,424114695.71,data_before_corruption (corruption at 2025-10-01),
stock_CUR6K@718712e8d985,BGEO.L,2020-10-01,12.2,578445761.4,data_before_corruption (corruption at 2025-10-01),
stock_CUR6K@718712e8d985,BGEO.L,2021-01-01,11.0,529434994.0,data_before_corruption (corruption at 2025-10-01),
stock_CUR6K@718712e8d985,BGEO.L,2021-04-01,13.440000000000001,642435198.72,data_before_corruption (corruption at 2025-10-01),
stock_CUR6K@718712e8d985,BGEO.L,2021-07-01,15.540000000000001,736807141.98,data_before_corruption (corruption at 2025-10-01),
stock_CUR6K@718712e8d985,BGEO.L,2021-10-01,16.68,790858631.16,data_before_corruption (corruption at 2025-10-01),
stock_CUR6K@718712e8d985,BGEO.L,2022-01-01,11.88,563273413.5600001,data_before_corruption (corruption at 2025-10-01),
stock_CUR6K@718712e8d985,BGEO.L,2022-04-01,13.06,619221446.22,data_before_corruption (corruption at 2025-10-01),
stock_CUR6K@718712e8d985,BGEO.L,2022-07-01,19.88,942582109.56,data_before_corruption (corruption at 2025-10-01),
stock_CUR6K@718712e8d985,BGEO.L,2022-10-01,26.050000000000004,1235123941.3500001,data_before_corruption (corruption at 2025-10-01),
stock_CUR6K@718712e8d985,BGEO.L,2023-01-01,27.5,1303873642.5,data_before_corruption (corruption at 2025-10-01),
stock_CUR6K@718712e8d985,BGEO.L,2023-04-01,29.25,1386847419.75,data_before_corruption (corruption at 2025-10-01),
stock_CUR6K@718712e8d985,BGEO.L,2023-07-01,36.9,1749561360.3,data_before_corruption (corruption at 2025-10-01),
stock_CUR6K@718712e8d985,BGEO.L,2023-10-01,40.05,1898914159.35,data_before_corruption (corruption at 2025-10-01),
stock_CUR6K@718712e8d985,BGEO.L,2024-01-01,50.0,2201944350.0,data_before_corruption (corruption at 2025-10-01),
stock_CUR6K@718712e8d985,BGEO.L,2024-04-01,41.0,1830382967.0,data_before_corruption (corruption at 2025-10-01),
stock_CUR6K@718712e8d985,BGEO.L,2024-07-01,36.75,1622475713.25,data_before_corruption (corruption at 2025-10-01),
stock_CUR6K@718712e8d985,BGEO.L,2024-10-01,47.1,2068520655.6000001,data_before_corruption (corruption at 2025-10-01),
stock_CUR6K@718712e8d985,BGEO.L,2025-01-01,54.6,2363079700.8,data_before_corruption (corruption at 2025-10-01),
stock_CUR6K@718712e8d985,BGEO.L,2025-04-01,70.8,3064213238.4,data_before_corruption (corruption at 2025-10-01),
stock_CUR6K@718712e8d985,BGEO.L,2025-07-01,76.5,3283175974.5,data_before_corruption (corruption at 2025-10-01),
stock_CUR6K@718712e8d985,BGEO.L,2025-10-01,,,data_before_corruption (corruption at 2025-10-01),bookValuePerShare|earningsYield|marketCap|price
stock_CUR6K@718712e8d985,BGMS,2014-10-01,,0.0,data_before_corruption (corruption at 2020-01-01),
stock_CUR6K@718712e8d985,BGMS,2015-01-01,,0.0,data_before_corruption (corruption at 2020-01-01),
stock_CUR6K@718712e8d985,BGMS,2015-04-01,,0.0,data_before_corruption (corruption at 2020-01-01),
stock_CUR6K@718712e8d985,BGMS,2015-07-01,,0.0,data_before_corruption (corruption at 2020-01-01),
stock_CUR6K@718712e8d985,BGMS,2015-10-01,,0.0,data_before_corruption (corruption at 2020-01-01),
stock_CUR6K@718712e8d985,BGMS,2016-01-01,,0.0,data_before_corruption (corruption at 2020-01-01),
stock_CUR6K@718712e8d985,BGMS,2016-04-01,,0.0,data_before_corruption (corruption at 2020-01-01),
stock_CUR6K@718712e8d985,BGMS,2016-07-01,,0.0,data_before_corruption (corruption at 2020-01-01),
stock_CUR6K@718712e8d985,BGMS,2016-10-01,,0.0,data_before_corruption (corruption at 2020-01-01),
stock_CUR6K@718712e8d985,BGMS,2017-01-01,,0.0,data_before_corruption (corruption at 2020-01-01),
stock_CUR6K@718712e8d985,BGMS,2017-04-01,,0.0,data_before_corruption (corruption at 2020-01-01),
stock_CUR6K@718712e8d985,BGMS,2017-07-01,,0.0,data_before_corruption (corruption at 2020-01-01),
stock_CUR6K@718712e8d985,BGMS,2017-10-01,,,data_before_corruption (corruption at 2020-01-01),bookValuePerShare|earningsYield|marketCap|price
stock_CUR6K@718712e8d985,BGMS,2018-01-01,,,data_before_corruption (corruption at 2020-01-01),bookValuePerShare|earningsYield|marketCap|price
stock_CUR6K@718712e8d985,BGMS,2018-04-01,,,data_before_corruption (corruption at 2020-01-01),bookValuePerShare|earningsYield|marketCap|price
stock_CUR6K@718712e8d985,BGMS,2018-07-01,,,data_before_corruption (corruption at 2020-01-01),bookValuePerShare|earningsYield|marketCap|price
stock_CUR6K@718712e8d985,BGMS,2018-10-01,,,data_before_corruption (corruption at 2020-01-01),bookValuePerShare|earningsYield|marketCap|price
stock_CUR6K@718712e8d985,BGMS,2019-01-01,,,data_before_corruption (corruption at 2020-01-01),bookValuePerShare|earningsYield|marketCap|price
stock_CUR6K@718712e8d985,BGMS,2019-04-01,,,data_before_corruption (corruption at 2020-01-01),bookValuePerShare|earningsYield|marketCap|price
stock_CUR6K@718712e8d985,BGMS,2019-07-01,,,data_before_corruption (corruption at 2020-01-01),bookValuePerShare|earningsYield|marketCap|price
stock_CUR6K@718712e8d985,BGMS,2019-10-01,,,data_before_corruption (corruption at 2020-01-01),bookValuePerShare|earningsYield|marketCap|price
stock_CUR6K@718712e8d985,BGMS,2020-01-01,,,data_before_corruption (corruption at 2020-01-01),bookValuePerShare|earningsYield|marketCap|price
stock_CUR6K@718712e8d985,BGO.L,2003-01-01,2.453980122797809,51334662.949999996,data_before_corruption (corruption at 2012-01-01),nan
stock_CUR6K@718712e8d985,BGO.L,2004-01-01,2.05,51334662.949999996,data_before_corruption (corruption at 2012-01-01),nan
stock_CUR6K@718712e8d985,BGO.L,2005-01-01,0.47,12570958.87,data_before_corruption (corruption at 2012-01-01),nan
stock_CUR6K@718712e8d985,BGO.L,2005-01-01,0.5126900996629608,12838426.08,data_before_corruption (corruption at 2012-01-01),nan
stock_CUR6K@718712e8d985,BGO.L,2006-01-01,0.32,8610034.56,data_before_corruption (corruption at 2012-01-01),nan
stock_CUR6K@718712e8d985,BGO.L,2006-01-01,0.32190991037742533,8610034.56,data_before_corruption (corruption at 2012-01-01),nan
stock_CUR6K@718712e8d985,BGO.L,2007-01-01,0.41836640265471825,11256716.205,data_before_corruption (corruption at 2012-01-01),nan
stock_CUR6K@718712e8d985,BGO.L,2008-01-01,0.6500553115792085,18067872.0,data_before_corruption (corruption at 2012-01-01),nan
stock_CUR6K@718712e8d985,BGO.L,2008-01-01,0.455,12646434.255,data_before_corruption (corruption at 2012-01-01),nan
stock_CUR6K@718712e8d985,BGO.L,2009-01-01,0.885,26650111.2,data_before_corruption (corruption at 2012-01-01),nan
stock_CUR6K@718712e8d985,BGO.L,2010-01-01,1.044244462878639,31445458.82,data_before_corruption (corruption at 2012-01-01),nan
stock_CUR6K@718712e8d985,BGO.L,2011-01-01,1.045,38209888.915,data_before_corruption (corruption at 2012-01-01),nan
stock_CUR6K@718712e8d985,BGO.L,2012-01-01,1.425,54607531.875,data_before_corruption (corruption at 2012-01-01),nan
stock_CUR6K@718712e8d985,BGO.L,2012-01-01,0.0,0.0,data_before_corruption (corruption at 2012-01-01),nan
stock_CUR6K@718712e8d985,BIRG.DE,1986-01-01,,,data_before_corruption (corruption at 2011-10-01),
stock_CUR6K@718712e8d985,BIRG.DE,1986-07-01,,,data_before_corruption (corruption at 2011-10-01),
stock_CUR6K@718712e8d985,BIRG.DE,1987-01-01,,,data_before_corruption (corruption at 2011-10-01),
stock_CUR6K@718712e8d985,BIRG.DE,1987-07-01,,,data_before_corruption (corruption at 2011-10-01),
stock_CUR6K@718712e8d985,BIRG.DE,1988-01-01,,,data_before_corruption (corruption at 2011-10-01),
stock_CUR6K@718712e8d985,BIRG.DE,1988-07-01,,,data_before_corruption (corruption at 2011-10-01),
stock_CUR6K@718712e8d985,BIRG.DE,1989-01-01,,,data_before_corruption (corruption at 2011-10-01),
stock_CUR6K@718712e8d985,BIRG.DE,1989-07-01,,,data_before_corruption (corruption at 2011-10-01),
stock_CUR6K@718712e8d985,BIRG.DE,1990-01-01,,,data_before_corruption (corruption at 2011-10-01),
stock_CUR6K@718712e8d985,BIRG.DE,1990-07-01,,,data_before_corruption (corruption at 2011-10-01),
stock_CUR6K@718712e8d985,BIRG.DE,1991-01-01,,,data_before_corruption (corruption at 2011-10-01),
stock_CUR6K@718712e8d985,BIRG.DE,1991-07-01,0.0,0.0,data_before_corruption (corruption at 2011-10-01),
stock_CUR6K@718712e8d985,BIRG.DE,1992-01-01,0.0,0.0,data_before_corruption (corruption at 2011-10-01),
stock_CUR6K@718712e8d985,BIRG.DE,1992-07-01,0.0,0.0,data_before_corruption (corruption at 2011-10-01),
stock_CUR6K@718712e8d985,BIRG.DE,1993-01-01,0.0,0.0,data_before_corruption (corruption at 2011-10-01),
stock_CUR6K@718712e8d985,BIRG.DE,1993-07-01,0.0,0.0,data_before_corruption (corruption at 2011-10-01),
stock_CUR6K@718712e8d985,BIRG.DE,1994-01-01,0.0,0.0,data_before_corruption (corruption at 2011-10-01),
stock_CUR6K@718712e8d985,BIRG.DE,1994-07-01,0.0,0.0,data_before_corruption (corruption at 2011-10-01),
stock_CUR6K@718712e8d985,BIRG.DE,1995-01-01,0.0,0.0,data_before_corruption (corruption at 2011-10-01),
stock_CUR6K@718712e8d985,BIRG.DE,1995-07-01,0.0,0.0,data_before_corruption (corruption at 2011-10-01),
stock_CUR6K@718712e8d985,BIRG.DE,1996-01-01,0.0,0.0,data_before_corruption (corruption at 2011-10-01),
stock_CUR6K@718712e8d985,BIRG.DE,1996-07-01,0.0,0.0,data_before_corruption (corruption at 2011-10-01),
stock_CUR6K@718712e8d985,BIRG.DE,1997-01-01,0.0,0.0,data_before_corruption (corruption at 2011-10-01),
stock_CUR6K@718712e8d985,BIRG.DE,1997-07-01,0.0,0.0,data_before_corruption (corruption at 2011-10-01),
stock_CUR6K@718712e8d985,BIRG.DE,1998-01-01,0.0,0.0,data_before_corruption (corruption at 2011-10-01),
stock_CUR6K@718712e8d985,BIRG.DE,1999-01-01,216.15,12371345250.0,data_before_corruption (corruption at 2011-10-01),
stock_CUR6K@718712e8d985,BIRG.DE,2000-01-01,216.15,12065709150.0,data_before_corruption (corruption at 2011-10-01),
stock_CUR6K@718712e8d985,BIRG.DE,2001-01-01,216.15,11656753350.0,data_before_corruption (corruption at 2011-10-01),
stock_CUR6K@718712e8d985,BIRG.DE,2002-01-01,226.45346065172006,12474188880.0,data_before_corruption (corruption at 2011-10-01),
stock_CUR6K@718712e8d985,BIRG.DE,2003-01-01,176.87720363183715,9662447880.0,data_before_corruption (corruption at 2011-10-01),
stock_CUR6K@718712e8d985,BIRG.DE,2004-01-01,189.87095417915677,9754430400.0,data_before_corruption (corruption at 2011-10-01),
stock_CUR6K@718712e8d985,BIRG.DE,2005-01-01,225.71952352778763,11445334160.0,data_before_corruption (corruption at 2011-10-01),
stock_CUR6K@718712e8d985,BIRG.DE,2006-01-01,275.61521536127003,14167173300.000002,data_before_corruption (corruption at 2011-10-01),
stock_CUR6K@718712e8d985,BIRG.DE,2007-01-01,286.7789533746332,14952367850.000002,data_before_corruption (corruption at 2011-10-01),
stock_CUR6K@718712e8d985,BIRG.DE,2008-01-01,174.8180783876303,9090190440.0,data_before_corruption (corruption at 2011-10-01),
stock_CUR6K@718712e8d985,BIRG.DE,2009-01-01,,517987440.0,data_before_corruption (corruption at 2011-10-01),
stock_CUR6K@718712e8d985,BIRG.DE,2009-10-01,,0.0,data_before_corruption (corruption at 2011-10-01),
stock_CUR6K@718712e8d985,BIRG.DE,2010-04-01,0.0,0.0,data_before_corruption (corruption at 2011-10-01),
stock_CUR6K@718712e8d985,BIRG.DE,2010-10-01,0.0,0.0,data_before_corruption (corruption at 2011-10-01),
stock_CUR6K@718712e8d985,BIRG.DE,2011-04-01,0.0,0.0,data_before_corruption (corruption at 2011-10-01),
stock_CUR6K@718712e8d985,BIRG.DE,2011-10-01,0.0,0.0,data_before_corruption (corruption at 2011-10-01),
stock_CUR6K@718712e8d985,BNT,2020-10-01,0.20232155282346176,5629394.88576,data_before_corruption (corruption at 2021-01-01),nan
stock_CUR6K@718712e8d985,BNT,2021-01-01,56.344764,1567736713.536,data_before_corruption (corruption at 2021-01-01),nan
stock_CUR6K@718712e8d985,BSP.OL,2015-04-01,1263.0,468573.0,data_before_corruption (corruption at 2025-04-01),
stock_CUR6K@718712e8d985,BSP.OL,2015-10-01,1263.0,540564.0,data_before_corruption (corruption at 2025-04-01),
stock_CUR6K@718712e8d985,BSP.OL,2016-04-01,2159.0,800989.0,data_before_corruption (corruption at 2025-04-01),
stock_CUR6K@718712e8d985,BSP.OL,2016-10-01,,,data_before_corruption (corruption at 2025-04-01),bookValuePerShare|earningsYield|marketCap|price
stock_CUR6K@718712e8d985,BSP.OL,2017-04-01,,,data_before_corruption (corruption at 2025-04-01),bookValuePerShare|earningsYield|marketCap|price
stock_CUR6K@718712e8d985,BSP.OL,2017-10-01,,,data_before_corruption (corruption at 2025-04-01),bookValuePerShare|earningsYield|marketCap|price
stock_CUR6K@718712e8d985,BSP.OL,2018-04-01,,,data_before_corruption (corruption at 2025-04-01),bookValuePerShare|earningsYield|marketCap|price
stock_CUR6K@718712e8d985,BSP.OL,2018-10-01,,,data_before_corruption (corruption at 2025-04-01),bookValuePerShare|earningsYield|marketCap|price
stock_CUR6K@718712e8d985,BSP.OL,2019-04-01,,,data_before_corruption (corruption at 2025-04-01),bookValuePerShare|earningsYield|marketCap|price
stock_CUR6K@718712e8d985,BSP.OL,2019-10-01,,,data_before_corruption (corruption at 2025-04-01),bookValuePerShare|earningsYield|marketCap|price
stock_CUR6K@718712e8d985,BSP.OL,2020-04-01,,,data_before_corruption (corruption at 2025-04-01),bookValuePerShare|earningsYield|marketCap|price
stock_CUR6K@718712e8d985,BSP.OL,2020-10-01,,,data_before_corruption (corruption at 2025-04-01),bookValuePerShare|earningsYield|marketCap|price
stock_CUR6K@718712e8d985,BSP.OL,2021-04-01,,,data_before_corruption (corruption at 2025-04-01),bookValuePerShare|earningsYield|marketCap|price
stock_CUR6K@718712e8d985,BSP.OL,2021-10-01,,,data_before_corruption (corruption at 2025-04-01),bookValuePerShare|earningsYield|marketCap|price
stock_CUR6K@718712e8d985,BSP.OL,2022-04-01,,,data_before_corruption (corruption at 2025-04-01),bookValuePerShare|earningsYield|marketCap|price
stock_CUR6K@718712e8d985,BSP.OL,2022-10-01,,,data_before_corruption (corruption at 2025-04-01),bookValuePerShare|earningsYield|marketCap|price
stock_CUR6K@718712e8d985,BSP.OL,2023-04-01,,,data_before_corruption (corruption at 2025-04-01),bookValuePerShare|earningsYield|marketCap|price
stock_CUR6K@718712e8d985,BSP.OL,2023-10-01,,,data_before_corruption (corruption at 2025-04-01),bookValuePerShare|earningsYield|marketCap|price
stock_CUR6K@718712e8d985,BSP.OL,2024-04-01,,,data_before_corruption (corruption at 2025-04-01),bookValuePerShare|earningsYield|marketCap|price
stock_CUR6K@718712e8d985,BSP.OL,2024-10-01,,,data_before_corruption (corruption at 2025-04-01),bookValuePerShare|earningsYield|marketCap|price
stock_CUR6K@718712e8d985,BSP.OL,2025-04-01,,,data_before_corruption (corruption at 2025-04-01),bookValuePerShare|earningsYield|marketCap|price
stock_CUR6K@718712e8d985,BTTC,2006-04-01,,0.0,data_before_corruption (corruption at 2015-10-01),
stock_CUR6K@718712e8d985,BTTC,2006-07-01,,0.0,data_before_corruption (corruption at 2015-10-01),
stock_CUR6K@718712e8d985,BTTC,2006-10-01,,0.0,data_before_corruption (corruption at 2015-10-01),
stock_CUR6K@718712e8d985,BTTC,2007-01-01,21.244742343339755,27632292.8,data_before_corruption (corruption at 2015-10-01),
stock_CUR6K@718712e8d985,BTTC,2007-04-01,,0.0,data_before_corruption (corruption at 2015-10-01),
stock_CUR6K@718712e8d985,BTTC,2007-07-01,,0.0,data_before_corruption (corruption at 2015-10-01),
stock_CUR6K@718712e8d985,BTTC,2007-10-01,,220435297.9,data_before_corruption (corruption at 2015-10-01),
stock_CUR6K@718712e8d985,BTTC,2008-01-01,35.8391080672466,222543084.9,data_before_corruption (corruption at 2015-10-01),
stock_CUR6K@718712e8d985,BTTC,2008-04-01,,157573084.9,data_before_corruption (corruption at 2015-10-01),
stock_CUR6K@718712e8d985,BTTC,2008-07-01,,0.0,data_before_corruption (corruption at 2015-10-01),
stock_CUR6K@718712e8d985,BTTC,2008-10-01,1.2921980907146724,64010353.050000004,data_before_corruption (corruption at 2015-10-01),
stock_CUR6K@718712e8d985,BTTC,2009-01-01,1.4519925341656843,72613684.9,data_before_corruption (corruption at 2015-10-01),
stock_CUR6K@718712e8d985,BTTC,2009-07-01,2.05067317181781,72613684.9,data_before_corruption (corruption at 2015-10-01),
stock_CUR6K@718712e8d985,BTTC,2009-10-01,,0.0,data_before_corruption (corruption at 2015-10-01),
stock_CUR6K@718712e8d985,BTTC,2010-01-01,5.218253874401963,75061184.9,data_before_corruption (corruption at 2015-10-01),
stock_CUR6K@718712e8d985,BTTC,2010-04-01,4.668382319866265,76177178.15,data_before_corruption (corruption at 2015-10-01),
stock_CUR6K@718712e8d985,BTTC,2010-07-01,4.705030766624819,76775195.85000001,data_before_corruption (corruption at 2015-10-01),
stock_CUR6K@718712e8d985,BTTC,2010-10-01,,0.0,data_before_corruption (corruption at 2015-10-01),
stock_CUR6K@718712e8d985,BTTC,2011-01-01,4.591331055446742,77445112.2,data_before_corruption (corruption at 2015-10-01),
stock_CUR6K@718712e8d985,BTTC,2011-04-01,4.524068200733161,77445112.2,data_before_corruption (corruption at 2015-10-01),
stock_CUR6K@718712e8d985,BTTC,2011-07-01,4.4840354519916215,77362404.5,data_before_corruption (corruption at 2015-10-01),
stock_CUR6K@718712e8d985,BTTC,2011-10-01,0.0,0.0,data_before_corruption (corruption at 2015-10-01),
stock_CUR6K@718712e8d985,BTTC,2012-01-01,0.0,0.0,data_before_corruption (corruption at 2015-10-01),
stock_CUR6K@718712e8d985,BTTC,2012-04-01,4.5758827505161115,79550852.2,data_before_corruption (corruption at 2015-10-01),
stock_CUR6K@718712e8d985,BTTC,2012-07-01,,81059224.2,data_before_corruption (corruption at 2015-10-01),
stock_CUR6K@718712e8d985,BTTC,2012-10-01,,0.0,data_before_corruption (corruption at 2015-10-01),
stock_CUR6K@718712e8d985,BTTC,2013-01-01,0.0,0.0,data_before_corruption (corruption at 2015-10-01),
stock_CUR6K@718712e8d985,BTTC,2013-04-01,4.498924320509349,81950407.9,data_before_corruption (corruption at 2015-10-01),
stock_CUR6K@718712e8d985,BTTC,2013-07-01,,82255402.0,data_before_corruption (corruption at 2015-10-01),
stock_CUR6K@718712e8d985,BTTC,2013-10-01,,0.0,data_before_corruption (corruption at 2015-10-01),
stock_CUR6K@718712e8d985,BTTC,2014-01-01,0.0,0.0,data_before_corruption (corruption at 2015-10-01),
stock_CUR6K@718712e8d985,BTTC,2014-04-01,4.505723103207252,83285407.9,data_before_corruption (corruption at 2015-10-01),
stock_CUR6K@718712e8d985,BTTC,2014-07-01,,83611957.8,data_before_corruption (corruption at 2015-10-01),
stock_CUR6K@718712e8d985,BTTC,2014-10-01,0.0,0.0,data_before_corruption (corruption at 2015-10-01),
stock_CUR6K@718712e8d985,BTTC,2015-01-01,0.0,0.0,data_before_corruption (corruption at 2015-10-01),
stock_CUR6K@718712e8d985,BTTC,2015-04-01,,86805219.95,data_before_corruption (corruption at 2015-10-01),
stock_CUR6K@718712e8d985,BTTC,2015-07-01,4.48771852838327,87540987.4,data_before_corruption (corruption at 2015-10-01),
stock_CUR6K@718712e8d985,BTTC,2015-10-01,0.0,0.0,data_before_corruption (corruption at 2015-10-01),
stock_CUR6K@718712e8d985,BVI.PA,2005-04-01,,,data_before_corruption (corruption at 2005-10-01),bookValuePerShare|earningsYield|marketCap|price
stock_CUR6K@718712e8d985,BVI.PA,2005-10-01,9.5,112109500.0,data_before_corruption (corruption at 2005-10-01),
stock_CUR6K@718712e8d985,CHAI,2006-07-01,,0.0,data_before_corruption (corruption at 2020-07-01),nan
stock_CUR6K@718712e8d985,CHAI,2006-10-01,,0.0,data_before_corruption (corruption at 2020-07-01),nan
stock_CUR6K@718712e8d985,CHAI,2007-01-01,,0.0,data_before_corruption (corruption at 2020-07-01),nan
stock_CUR6K@718712e8d985,CHAI,2007-04-01,,0.0,data_before_corruption (corruption at 2020-07-01),nan
stock_CUR6K@718712e8d985,CHAI,2007-07-01,,0.0,data_before_corruption (corruption at 2020-07-01),nan
stock_CUR6K@718712e8d985,CHAI,2007-10-01,,0.0,data_before_corruption (corruption at 2020-07-01),nan
stock_CUR6K@718712e8d985,CHAI,2008-01-01,,0.0,data_before_corruption (corruption at 2020-07-01),nan
stock_CUR6K@718712e8d985,CHAI,2008-04-01,,0.0,data_before_corruption (corruption at 2020-07-01),nan
stock_CUR6K@718712e8d985,CHAI,2008-07-01,,0.0,data_before_corruption (corruption at 2020-07-01),nan
stock_CUR6K@718712e8d985,CHAI,2008-10-01,,0.0,data_before_corruption (corruption at 2020-07-01),nan
stock_CUR6K@718712e8d985,CHAI,2009-01-01,,0.0,data_before_corruption (corruption at 2020-07-01),nan
stock_CUR6K@718712e8d985,CHAI,2009-04-01,108344472.77334,27302807138.88168,data_before_corruption (corruption at 2020-07-01),nan
stock_CUR6K@718712e8d985,CHAI,2009-07-01,99690865.16374,26517770133.55484,data_before_corruption (corruption at 2020-07-01),nan
stock_CUR6K@718712e8d985,CHAI,2009-10-01,,0.0,data_before_corruption (corruption at 2020-07-01),nan
stock_CUR6K@718712e8d985,CHAI,2010-01-01,94688930.76526001,25187255583.559162,data_before_corruption (corruption at 2020-07-01),nan
stock_CUR6K@718712e8d985,CHAI,2010-04-01,99187314.72094,26383825715.77004,data_before_corruption (corruption at 2020-07-01),nan
stock_CUR6K@718712e8d985,CHAI,2010-07-01,95966456.88866001,30997165575.037186,data_before_corruption (corruption at 2020-07-01),nan
stock_CUR6K@718712e8d985,CHAI,2010-10-01,,0.0,data_before_corruption (corruption at 2020-07-01),nan
stock_CUR6K@718712e8d985,CHAI,2011-01-01,90484284.56788,29407392484.561,data_before_corruption (corruption at 2020-07-01),nan
stock_CUR6K@718712e8d985,CHAI,2011-04-01,89842724.00372,29198885301.209,data_before_corruption (corruption at 2020-07-01),nan
stock_CUR6K@718712e8d985,CHAI,2011-07-01,97762453.46798,53573824500.45304,data_before_corruption (corruption at 2020-07-01),nan
stock_CUR6K@718712e8d985,CHAI,2011-10-01,,0.0,data_before_corruption (corruption at 2020-07-01),nan
stock_CUR6K@718712e8d985,CHAI,2012-01-01,92886406.6802,50901750860.749596,data_before_corruption (corruption at 2020-07-01),nan
stock_CUR6K@718712e8d985,CHAI,2012-04-01,94919258.4678,52015753640.3544,data_before_corruption (corruption at 2020-07-01),nan
stock_CUR6K@718712e8d985,CHAI,2012-07-01,56331924.1394,30869894428.391197,data_before_corruption (corruption at 2020-07-01),nan
stock_CUR6K@718712e8d985,CHAI,2012-10-01,29428657.695359997,16097475759.36192,data_before_corruption (corruption at 2020-07-01),nan
stock_CUR6K@718712e8d985,CHAI,2013-01-01,30087170.4672,16397507904.624,data_before_corruption (corruption at 2020-07-01),nan
stock_CUR6K@718712e8d985,CHAI,2013-04-01,13522161.945600001,7369578260.352,data_before_corruption (corruption at 2020-07-01),nan
stock_CUR6K@718712e8d985,CHAI,2013-07-01,13258875.168000001,7226086966.56,data_before_corruption (corruption at 2020-07-01),nan
stock_CUR6K@718712e8d985,CHAI,2013-10-01,6839668.441131,3727619300.416395,data_before_corruption (corruption at 2020-07-01),nan
stock_CUR6K@718712e8d985,CHAI,2014-01-01,7105784.882538,3872652760.98321,data_before_corruption (corruption at 2020-07-01),nan
stock_CUR6K@718712e8d985,CHAI,2014-04-01,6861212.425633499,3739360771.9702573,data_before_corruption (corruption at 2020-07-01),nan
stock_CUR6K@718712e8d985,CHAI,2014-07-01,19120053.697920002,726562040.5209601,data_before_corruption (corruption at 2020-07-01),nan
stock_CUR6K@718712e8d985,CHAI,2014-10-01,19834118.15868,75925004311.42703,data_before_corruption (corruption at 2020-07-01),nan
stock_CUR6K@718712e8d985,CHAI,2015-01-01,21661890.906600002,823151854.4508001,data_before_corruption (corruption at 2020-07-01),nan
stock_CUR6K@718712e8d985,CHAI,2015-04-01,21328512.80868,810483486.72984,data_before_corruption (corruption at 2020-07-01),nan
stock_CUR6K@718712e8d985,CHAI,2015-07-01,22735634.81112,4319770614.1128,data_before_corruption (corruption at 2020-07-01),nan
stock_CUR6K@718712e8d985,CHAI,2015-10-01,19199482.596,2169541533.348,data_before_corruption (corruption at 2020-07-01),nan
stock_CUR6K@718712e8d985,CHAI,2016-01-01,21760434.5364,5592431675.8548,data_before_corruption (corruption at 2020-07-01),nan
stock_CUR6K@718712e8d985,CHAI,2016-04-01,25217383.816800002,7539997761.223201,data_before_corruption (corruption at 2020-07-01),nan
stock_CUR6K@718712e8d985,CHAI,2016-07-01,21769788.7764,6509166844.1435995,data_before_corruption (corruption at 2020-07-01),nan
stock_CUR6K@718712e8d985,CHAI,2016-10-01,23269019.8608,6701477719.9104,data_before_corruption (corruption at 2020-07-01),nan
stock_CUR6K@718712e8d985,CHAI,2017-01-01,38248733.1744,11895356017.238401,data_before_corruption (corruption at 2020-07-01),nan
stock_CUR6K@718712e8d985,CHAI,2017-04-01,41168683.45296,14903063409.97152,data_before_corruption (corruption at 2020-07-01),nan
stock_CUR6K@718712e8d985,CHAI,2017-07-01,46816418.9808,18211586983.5312,data_before_corruption (corruption at 2020-07-01),nan
stock_CUR6K@718712e8d985,CHAI,2017-10-01,40904322.39936,14193799872.57792,data_before_corruption (corruption at 2020-07-01),nan
stock_CUR6K@718712e8d985,CHAI,2018-01-01,34108115.3784,13779678612.8736,data_before_corruption (corruption at 2020-07-01),nan
stock_CUR6K@718712e8d985,CHAI,2018-04-01,24511059.62424,9926979147.8172,data_before_corruption (corruption at 2020-07-01),nan
stock_CUR6K@718712e8d985,CHAI,2018-07-01,37723318.84554,15391114088.98032,data_before_corruption (corruption at 2020-07-01),nan
stock_CUR6K@718712e8d985,CHAI,2018-10-01,30914966.628000002,12706051284.108002,data_before_corruption (corruption at 2020-07-01),nan
stock_CUR6K@718712e8d985,CHAI,2019-01-01,39357339.966000006,18065019044.394,data_before_corruption (corruption at 2020-07-01),nan
stock_CUR6K@718712e8d985,CHAI,2019-04-01,36735222.9888,18588022832.332798,data_before_corruption (corruption at 2020-07-01),nan
stock_CUR6K@718712e8d985,CHAI,2019-07-01,27527836.152599998,14342002635.504599,data_before_corruption (corruption at 2020-07-01),nan
stock_CUR6K@718712e8d985,CHAI,2019-10-01,24748931.516400002,12498210415.782001,data_before_corruption (corruption at 2020-07-01),nan
stock_CUR6K@718712e8d985,CHAI,2020-01-01,,0.0,data_before_corruption (corruption at 2020-07-01),nan
stock_CUR6K@718712e8d985,CHAI,2020-04-01,7856544.3264,4242533936.256,data_before_corruption (corruption at 2020-07-01),nan
stock_CUR6K@718712e8d985,CHAI,2020-07-01,3161029.0823999997,1934549798.4287999,data_before_corruption (corruption at 2020-07-01),nan
stock_CUR6K@718712e8d985,CMCM,2012-10-01,439.32872851239705,178767692.247708,data_before_corruption (corruption at 2020-04-01),
stock_CUR6K@718712e8d985,CMCM,2013-01-01,437.8403213885491,161121735.54841498,data_before_corruption (corruption at 2020-04-01),
stock_CUR6K@718712e8d985,CMCM,2013-07-01,431.4459,161227018.371,data_before_corruption (corruption at 2020-04-01),
stock_CUR6K@718712e8d985,CMCM,2013-10-01,426.7728200969759,159991582.207695,data_before_corruption (corruption at 2020-04-01),
stock_CUR6K@718712e8d985,CMCM,2014-01-01,438.2564855771411,242122684.073832,data_before_corruption (corruption at 2020-04-01),
stock_CUR6K@718712e8d985,CMCM,2014-04-01,658.8117556092985,312201667.618668,data_before_corruption (corruption at 2020-04-01),
stock_CUR6K@718712e8d985,CMCM,2014-07-01,560.0926861401139,303355720.38915,data_before_corruption (corruption at 2020-04-01),
stock_CUR6K@718712e8d985,CMCM,2014-10-01,468.83384991200455,254046529.417968,data_before_corruption (corruption at 2020-04-01),
stock_CUR6K@718712e8d985,CMCM,2015-01-01,529.7047057290421,288282251.40832806,data_before_corruption (corruption at 2020-04-01),
stock_CUR6K@718712e8d985,CMCM,2015-04-01,890.0100647621475,489247432.7004001,data_before_corruption (corruption at 2020-04-01),
stock_CUR6K@718712e8d985,CMCM,2015-07-01,459.50279947442453,254262198.06677702,data_before_corruption (corruption at 2020-04-01),
stock_CUR6K@718712e8d985,CMCM,2015-10-01,519.8092689645057,288021117.840543,data_before_corruption (corruption at 2020-04-01),
stock_CUR6K@718712e8d985,CMCM,2016-01-01,526.9535269406803,293475700.8055461,data_before_corruption (corruption at 2020-04-01),
stock_CUR6K@718712e8d985,CMCM,2016-04-01,315.68076931533204,172705792.08472502,data_before_corruption (corruption at 2020-04-01),
stock_CUR6K@718712e8d985,CMCM,2016-07-01,415.44788079667967,229574837.136722,data_before_corruption (corruption at 2020-04-01),
stock_CUR6K@718712e8d985,CMCM,2016-10-01,331.87067994621157,183728254.60774198,data_before_corruption (corruption at 2020-04-01),
stock_CUR6K@718712e8d985,CMCM,2017-01-01,369.6228962482131,205132575.71404082,data_before_corruption (corruption at 2020-04-01),
stock_CUR6K@718712e8d985,CMCM,2017-04-01,365.3990767955794,203535689.95390403,data_before_corruption (corruption at 2020-04-01),
stock_CUR6K@718712e8d985,CMCM,2017-07-01,279.76726032010595,156289182.30522397,data_before_corruption (corruption at 2020-04-01),
stock_CUR6K@718712e8d985,CMCM,2017-10-01,387.769741516128,217216200.56560642,data_before_corruption (corruption at 2020-04-01),
stock_CUR6K@718712e8d985,CMCM,2018-01-01,395.81373639988385,222225268.3506144,data_before_corruption (corruption at 2020-04-01),
stock_CUR6K@718712e8d985,CMCM,2018-04-01,316.2930382994265,178033760.225828,data_before_corruption (corruption at 2020-04-01),
stock_CUR6K@718712e8d985,CMCM,2018-07-01,335.5410705710785,189053234.30972162,data_before_corruption (corruption at 2020-04-01),
stock_CUR6K@718712e8d985,CMCM,2018-10-01,210.04360570501612,117037557.3604692,data_before_corruption (corruption at 2020-04-01),
stock_CUR6K@718712e8d985,CMCM,2019-01-01,218.79164000000003,119514714.55836001,data_before_corruption (corruption at 2020-04-01),
stock_CUR6K@718712e8d985,CMCM,2019-04-01,,,data_before_corruption (corruption at 2020-04-01),bookValuePerShare|earningsYield|marketCap|price
stock_CUR6K@718712e8d985,CMCM,2019-07-01,,,data_before_corruption (corruption at 2020-04-01),bookValuePerShare|earningsYield|marketCap|price
stock_CUR6K@718712e8d985,CMCM,2019-10-01,,,data_before_corruption (corruption at 2020-04-01),bookValuePerShare|earningsYield|marketCap|price
stock_CUR6K@718712e8d985,CMCM,2020-01-01,,,data_before_corruption (corruption at 2020-04-01),bookValuePerShare|earningsYield|marketCap|price
stock_CUR6K@718712e8d985,CMCM,2020-04-01,,,data_before_corruption (corruption at 2020-04-01),bookValuePerShare|earningsYield|marketCap|price
stock_CUR6K@718712e8d985,CNSP,2018-01-01,4112999.9999999995,75177569.302767,data_before_corruption (corruption at 2024-04-01),
stock_CUR6K@718712e8d985,CNSP,2018-04-01,4112999.9999999995,75177578.52,data_before_corruption (corruption at 2024-04-01),
stock_CUR6K@718712e8d985,CNSP,2018-10-01,4112999.9999999995,75177569.302767,data_before_corruption (corruption at 2024-04-01),
stock_CUR6K@718712e8d985,CNSP,2019-01-01,4112999.9999999995,75177569.302767,data_before_corruption (corruption at 2024-04-01),
stock_CUR6K@718712e8d985,CNSP,2019-04-01,4112999.9999999995,75177578.52,data_before_corruption (corruption at 2024-04-01),
stock_CUR6K@718712e8d985,CNSP,2019-07-01,4112999.9999999995,75177578.52,data_before_corruption (corruption at 2024-04-01),totalStockholdersEquity
stock_CUR6K@718712e8d985,CNSP,2019-10-01,3555000.0,64978424.233245,data_before_corruption (corruption at 2024-04-01),
stock_CUR6K@718712e8d985,CNSP,2020-01-01,1890000.0,34545495.6,data_before_corruption (corruption at 2024-04-01),
stock_CUR6K@718712e8d985,CNSP,2020-04-01,1925999.9999999998,35203505.04,data_before_corruption (corruption at 2024-04-01),
stock_CUR6K@718712e8d985,CNSP,2020-07-01,1584000.0,29011007.52,data_before_corruption (corruption at 2024-04-01),
stock_CUR6K@718712e8d985,CNSP,2020-10-01,1602000.0,30199793.661809996,data_before_corruption (corruption at 2024-04-01),
stock_CUR6K@718712e8d985,CNSP,2021-01-01,2151000.0,58947896.88,data_before_corruption (corruption at 2024-04-01),
stock_CUR6K@718712e8d985,CNSP,2021-04-01,1764000.0,49848117.48,data_before_corruption (corruption at 2024-04-01),
stock_CUR6K@718712e8d985,CNSP,2021-07-01,1341000.0,40891220.28,data_before_corruption (corruption at 2024-04-01),
stock_CUR6K@718712e8d985,CNSP,2021-10-01,632160.0,19998623.710326243,data_before_corruption (corruption at 2024-04-01),
stock_CUR6K@718712e8d985,CNSP,2022-01-01,306900.0,13651074.656999998,data_before_corruption (corruption at 2024-04-01),
stock_CUR6K@718712e8d985,CNSP,2022-04-01,252000.0,11209093.559999999,data_before_corruption (corruption at 2024-04-01),
stock_CUR6K@718712e8d985,CNSP,2022-07-01,161100.0,7165813.382999999,data_before_corruption (corruption at 2024-04-01),
stock_CUR6K@718712e8d985,CNSP,2022-10-01,72000.0,3457153.081872,data_before_corruption (corruption at 2024-04-01),
stock_CUR6K@718712e8d985,CNSP,2023-01-01,30000.0,1906494.0,data_before_corruption (corruption at 2024-04-01),
stock_CUR6K@718712e8d985,CNSP,2023-04-01,66900.0,8646416.91,data_before_corruption (corruption at 2024-04-01),
stock_CUR6K@718712e8d985,CNSP,2023-07-01,34200.0,4761858.546,data_before_corruption (corruption at 2024-04-01),
stock_CUR6K@718712e8d985,CNSP,2023-10-01,38100.0,7154990.90514705,data_before_corruption (corruption at 2024-04-01),
stock_CUR6K@718712e8d985,CNSP,2024-01-01,10794.0,3134822.2999800006,data_before_corruption (corruption at 2024-04-01),
stock_CUR6K@718712e8d985,CNSP,2024-04-01,852.0000000000001,534833.05716,data_before_corruption (corruption at 2024-04-01),
stock_CUR6K@718712e8d985,CNSY,2006-07-01,4.05,27.377999999999997,data_before_corruption (corruption at 2025-01-01),
stock_CUR6K@718712e8d985,CNSY,2006-10-01,4.05,2689.7751,data_before_corruption (corruption at 2025-01-01),
stock_CUR6K@718712e8d985,CNSY,2007-01-01,,,data_before_corruption (corruption at 2025-01-01),bookValuePerShare|earningsYield|marketCap|price
stock_CUR6K@718712e8d985,CNSY,2007-04-01,,,data_before_corruption (corruption at 2025-01-01),bookValuePerShare|earningsYield|marketCap|price
stock_CUR6K@718712e8d985,CNSY,2007-07-01,,,data_before_corruption (corruption at 2025-01-01),bookValuePerShare|earningsYield|marketCap|price
stock_CUR6K@718712e8d985,CNSY,2007-10-01,4.05,3708.0585,data_before_corruption (corruption at 2025-01-01),
stock_CUR6K@718712e8d985,CNSY,2008-01-01,4.05,37.907999999999994,data_before_corruption (corruption at 2025-01-01),
stock_CUR6K@718712e8d985,CNSY,2008-04-01,4.05,39.852,data_before_corruption (corruption at 2025-01-01),
stock_CUR6K@718712e8d985,CNSY,2008-07-01,4.05,44.226,data_before_corruption (corruption at 2025-01-01),
stock_CUR6K@718712e8d985,CNSY,2008-10-01,4.05,4354.953822,data_before_corruption (corruption at 2025-01-01),
stock_CUR6K@718712e8d985,CNSY,2009-01-01,4.05,51.516,data_before_corruption (corruption at 2025-01-01),
stock_CUR6K@718712e8d985,CNSY,2009-04-01,4.05,54.75599999999999,data_before_corruption (corruption at 2025-01-01),
stock_CUR6K@718712e8d985,CNSY,2009-07-01,4.05,57.672,data_before_corruption (corruption at 2025-01-01),
stock_CUR6K@718712e8d985,CNSY,2009-10-01,4.05,5822.16012,data_before_corruption (corruption at 2025-01-01),
stock_CUR6K@718712e8d985,CNSY,2010-01-01,,,data_before_corruption (corruption at 2025-01-01),bookValuePerShare|earningsYield|marketCap|price
stock_CUR6K@718712e8d985,CNSY,2010-04-01,,,data_before_corruption (corruption at 2025-01-01),bookValuePerShare|earningsYield|marketCap|price
stock_CUR6K@718712e8d985,CNSY,2010-07-01,,,data_before_corruption (corruption at 2025-01-01),bookValuePerShare|earningsYield|marketCap|price
stock_CUR6K@718712e8d985,CNSY,2010-10-01,,,data_before_corruption (corruption at 2025-01-01),bookValuePerShare|earningsYield|marketCap|price
stock_CUR6K@718712e8d985,CNSY,2011-01-01,,,data_before_corruption (corruption at 2025-01-01),bookValuePerShare|earningsYield|marketCap|price
stock_CUR6K@718712e8d985,CNSY,2011-04-01,,,data_before_corruption (corruption at 2025-01-01),bookValuePerShare|earningsYield|marketCap|price
stock_CUR6K@718712e8d985,CNSY,2011-07-01,,,data_before_corruption (corruption at 2025-01-01),bookValuePerShare|earningsYield|marketCap|price
stock_CUR6K@718712e8d985,CNSY,2011-10-01,,,data_before_corruption (corruption at 2025-01-01),bookValuePerShare|earningsYield|marketCap|price
stock_CUR6K@718712e8d985,CNSY,2012-01-01,,,data_before_corruption (corruption at 2025-01-01),bookValuePerShare|earningsYield|marketCap|price
stock_CUR6K@718712e8d985,CNSY,2012-04-01,,,data_before_corruption (corruption at 2025-01-01),bookValuePerShare|earningsYield|marketCap|price
stock_CUR6K@718712e8d985,CNSY,2012-07-01,4.05,95.11511832,data_before_corruption (corruption at 2025-01-01),
stock_CUR6K@718712e8d985,CNSY,2012-10-01,,,data_before_corruption (corruption at 2025-01-01),bookValuePerShare|earningsYield|marketCap|price
stock_CUR6K@718712e8d985,CNSY,2013-01-01,,,data_before_corruption (corruption at 2025-01-01),bookValuePerShare|earningsYield|marketCap|price
stock_CUR6K@718712e8d985,CNSY,2013-04-01,,,data_before_corruption (corruption at 2025-01-01),bookValuePerShare|earningsYield|marketCap|price
stock_CUR6K@718712e8d985,CNSY,2013-07-01,4.05,10894.238208,data_before_corruption (corruption at 2025-01-01),
stock_CUR6K@718712e8d985,CNSY,2013-10-01,,,data_before_corruption (corruption at 2025-01-01),bookValuePerShare|earningsYield|marketCap|price
stock_CUR6K@718712e8d985,CNSY,2014-01-01,,,data_before_corruption (corruption at 2025-01-01),bookValuePerShare|earningsYield|marketCap|price
stock_CUR6K@718712e8d985,CNSY,2014-04-01,,,data_before_corruption (corruption at 2025-01-01),bookValuePerShare|earningsYield|marketCap|price
stock_CUR6K@718712e8d985,CNSY,2014-07-01,4.05,13029.669882,data_before_corruption (corruption at 2025-01-01),
stock_CUR6K@718712e8d985,CNSY,2014-10-01,4.05,10980.580968,data_before_corruption (corruption at 2025-01-01),
stock_CUR6K@718712e8d985,CNSY,2015-01-01,4.05,17205.834834,data_before_corruption (corruption at 2025-01-01),
stock_CUR6K@718712e8d985,CNSY,2015-04-01,,,data_before_corruption (corruption at 2025-01-01),bookValuePerShare|earningsYield|marketCap|price
stock_CUR6K@718712e8d985,CNSY,2015-07-01,,,data_before_corruption (corruption at 2025-01-01),bookValuePerShare|earningsYield|marketCap|price
stock_CUR6K@718712e8d985,CNSY,2015-10-01,,,data_before_corruption (corruption at 2025-01-01),bookValuePerShare|earningsYield|marketCap|price
stock_CUR6K@718712e8d985,CNSY,2016-01-01,,,data_before_corruption (corruption at 2025-01-01),bookValuePerShare|earningsYield|marketCap|price
stock_CUR6K@718712e8d985,CNSY,2016-04-01,,,data_before_corruption (corruption at 2025-01-01),bookValuePerShare|earningsYield|marketCap|price
stock_CUR6K@718712e8d985,CNSY,2016-07-01,,,data_before_corruption (corruption at 2025-01-01),bookValuePerShare|earningsYield|marketCap|price
stock_CUR6K@718712e8d985,CNSY,2016-10-01,,,data_before_corruption (corruption at 2025-01-01),bookValuePerShare|earningsYield|marketCap|price
stock_CUR6K@718712e8d985,CNSY,2017-01-01,,,data_before_corruption (corruption at 2025-01-01),bookValuePerShare|earningsYield|marketCap|price
stock_CUR6K@718712e8d985,CNSY,2017-04-01,,,data_before_corruption (corruption at 2025-01-01),bookValuePerShare|earningsYield|marketCap|price
stock_CUR6K@718712e8d985,CNSY,2017-07-01,,,data_before_corruption (corruption at 2025-01-01),bookValuePerShare|earningsYield|marketCap|price
stock_CUR6K@718712e8d985,CNSY,2017-10-01,,,data_before_corruption (corruption at 2025-01-01),bookValuePerShare|earningsYield|marketCap|price
stock_CUR6K@718712e8d985,CNSY,2018-01-01,,,data_before_corruption (corruption at 2025-01-01),bookValuePerShare|earningsYield|marketCap|price
stock_CUR6K@718712e8d985,CNSY,2018-04-01,,,data_before_corruption (corruption at 2025-01-01),bookValuePerShare|earningsYield|marketCap|price
stock_CUR6K@718712e8d985,CNSY,2018-07-01,,,data_before_corruption (corruption at 2025-01-01),bookValuePerShare|earningsYield|marketCap|price
stock_CUR6K@718712e8d985,CNSY,2018-10-01,,,data_before_corruption (corruption at 2025-01-01),bookValuePerShare|earningsYield|marketCap|price
stock_CUR6K@718712e8d985,CNSY,2019-01-01,,,data_before_corruption (corruption at 2025-01-01),bookValuePerShare|earningsYield|marketCap|price
stock_CUR6K@718712e8d985,CNSY,2019-04-01,4.05,4.779,data_before_corruption (corruption at 2025-01-01),
stock_CUR6K@718712e8d985,CNSY,2019-07-01,,,data_before_corruption (corruption at 2025-01-01),bookValuePerShare|earningsYield|marketCap|price
stock_CUR6K@718712e8d985,CNSY,2019-10-01,,,data_before_corruption (corruption at 2025-01-01),bookValuePerShare|earningsYield|marketCap|price
stock_CUR6K@718712e8d985,CNSY,2020-01-01,,,data_before_corruption (corruption at 2025-01-01),bookValuePerShare|earningsYield|marketCap|price
stock_CUR6K@718712e8d985,CNSY,2020-04-01,,,data_before_corruption (corruption at 2025-01-01),bookValuePerShare|earningsYield|marketCap|price
stock_CUR6K@718712e8d985,CNSY,2020-07-01,,,data_before_corruption (corruption at 2025-01-01),bookValuePerShare|earningsYield|marketCap|price
stock_CUR6K@718712e8d985,CNSY,2020-10-01,,,data_before_corruption (corruption at 2025-01-01),bookValuePerShare|earningsYield|marketCap|price
stock_CUR6K@718712e8d985,CNSY,2021-01-01,,,data_before_corruption (corruption at 2025-01-01),bookValuePerShare|earningsYield|marketCap|price
stock_CUR6K@718712e8d985,CNSY,2021-04-01,,,data_before_corruption (corruption at 2025-01-01),bookValuePerShare|earningsYield|marketCap|price
stock_CUR6K@718712e8d985,CNSY,2021-07-01,,,data_before_corruption (corruption at 2025-01-01),bookValuePerShare|earningsYield|marketCap|price
stock_CUR6K@718712e8d985,CNSY,2021-10-01,,,data_before_corruption (corruption at 2025-01-01),bookValuePerShare|earningsYield|marketCap|price
stock_CUR6K@718712e8d985,CNSY,2022-01-01,,,data_before_corruption (corruption at 2025-01-01),bookValuePerShare|earningsYield|marketCap|price
stock_CUR6K@718712e8d985,CNSY,2022-04-01,,,data_before_corruption (corruption at 2025-01-01),bookValuePerShare|earningsYield|marketCap|price
stock_CUR6K@718712e8d985,CNSY,2022-07-01,,,data_before_corruption (corruption at 2025-01-01),bookValuePerShare|earningsYield|marketCap|price
stock_CUR6K@718712e8d985,CNSY,2022-10-01,,,data_before_corruption (corruption at 2025-01-01),bookValuePerShare|earningsYield|marketCap|price
stock_CUR6K@718712e8d985,CNSY,2023-01-01,,,data_before_corruption (corruption at 2025-01-01),bookValuePerShare|earningsYield|marketCap|price
stock_CUR6K@718712e8d985,CNSY,2023-04-01,,,data_before_corruption (corruption at 2025-01-01),bookValuePerShare|earningsYield|marketCap|price
stock_CUR6K@718712e8d985,CNSY,2023-07-01,,,data_before_corruption (corruption at 2025-01-01),bookValuePerShare|earningsYield|marketCap|price
stock_CUR6K@718712e8d985,CNSY,2023-10-01,4.05,728.8386479999999,data_before_corruption (corruption at 2025-01-01),
stock_CUR6K@718712e8d985,CNSY,2024-01-01,4.05,700.120422,data_before_corruption (corruption at 2025-01-01),
stock_CUR6K@718712e8d985,CNSY,2024-04-01,4.05,1053.162,data_before_corruption (corruption at 2025-01-01),
stock_CUR6K@718712e8d985,CNSY,2024-07-01,4.05,1272.672,data_before_corruption (corruption at 2025-01-01),
stock_CUR6K@718712e8d985,CNSY,2024-10-01,4.05,955.1519999999999,data_before_corruption (corruption at 2025-01-01),
stock_CUR6K@718712e8d985,CNSY,2025-01-01,4.05,2359.8540000000003,data_before_corruption (corruption at 2025-01-01),
stock_CUR6K@718712e8d985,CRON,2013-10-01,8000093.254478453,28001126.400000002,data_before_corruption (corruption at 2013-10-01),nan
stock_CUR6K@718712e8d985,CSCI.TO,2006-07-01,922995.216,359968134.24,data_before_corruption (corruption at 2012-10-01),nan
stock_CUR6K@718712e8d985,CSCI.TO,2006-10-01,717392.7,276913582.2,data_before_corruption (corruption at 2012-10-01),nan
stock_CUR6K@718712e8d985,CSCI.TO,2007-01-01,681588.9,268546026.6,data_before_corruption (corruption at 2012-10-01),nan
stock_CUR6K@718712e8d985,CSCI.TO,2007-04-01,619840.98,244217346.12,data_before_corruption (corruption at 2012-10-01),nan
stock_CUR6K@718712e8d985,CSCI.TO,2007-07-01,450334.08,177431627.52,data_before_corruption (corruption at 2012-10-01),nan
stock_CUR6K@718712e8d985,CSCI.TO,2007-10-01,273818.88,107884638.72,data_before_corruption (corruption at 2012-10-01),nan
stock_CUR6K@718712e8d985,CSCI.TO,2008-01-01,180561.06,71141057.64,data_before_corruption (corruption at 2012-10-01),nan
stock_CUR6K@718712e8d985,CSCI.TO,2008-04-01,185201.1,72969233.4,data_before_corruption (corruption at 2012-10-01),nan
stock_CUR6K@718712e8d985,CSCI.TO,2008-07-01,103266.89999999998,40687158.599999994,data_before_corruption (corruption at 2012-10-01),nan
stock_CUR6K@718712e8d985,CSCI.TO,2008-10-01,85347.0,33626718.0,data_before_corruption (corruption at 2012-10-01),nan
stock_CUR6K@718712e8d985,CSCI.TO,2009-01-01,158181.66,62323574.04,data_before_corruption (corruption at 2012-10-01),nan
stock_CUR6K@718712e8d985,CSCI.TO,2009-04-01,312514.2,124068137.4,data_before_corruption (corruption at 2012-10-01),nan
stock_CUR6K@718712e8d985,CSCI.TO,2009-07-01,227107.8,98337677.39999999,data_before_corruption (corruption at 2012-10-01),nan
stock_CUR6K@718712e8d985,CSCI.TO,2009-10-01,145166.4,61115054.4,data_before_corruption (corruption at 2012-10-01),nan
stock_CUR6K@718712e8d985,CSCI.TO,2010-01-01,143525.52000000002,67026417.84000001,data_before_corruption (corruption at 2012-10-01),nan
stock_CUR6K@718712e8d985,CSCI.TO,2010-04-01,208138.14,112394595.60000001,data_before_corruption (corruption at 2012-10-01),nan
stock_CUR6K@718712e8d985,CSCI.TO,2010-07-01,232313.75999999998,143105276.16,data_before_corruption (corruption at 2012-10-01),nan
stock_CUR6K@718712e8d985,CSCI.TO,2010-10-01,310033.44,173618726.4,data_before_corruption (corruption at 2012-10-01),nan
stock_CUR6K@718712e8d985,CSCI.TO,2011-01-01,352431.0,218859651.0,data_before_corruption (corruption at 2012-10-01),nan
stock_CUR6K@718712e8d985,CSCI.TO,2011-04-01,393852.6,264668947.2,data_before_corruption (corruption at 2012-10-01),nan
stock_CUR6K@718712e8d985,CSCI.TO,2011-07-01,267209.28,192657890.88000003,data_before_corruption (corruption at 2012-10-01),nan
stock_CUR6K@718712e8d985,CSCI.TO,2011-10-01,274903.2,192432240.0,data_before_corruption (corruption at 2012-10-01),nan
stock_CUR6K@718712e8d985,CSCI.TO,2012-01-01,386671.46400000004,303537099.24,data_before_corruption (corruption at 2012-10-01),nan
stock_CUR6K@718712e8d985,CSCI.TO,2012-04-01,93721.914,77133135.222,data_before_corruption (corruption at 2012-10-01),nan
stock_CUR6K@718712e8d985,CSCI.TO,2012-07-01,122511.51000000001,101807064.81,data_before_corruption (corruption at 2012-10-01),nan
stock_CUR6K@718712e8d985,CSCI.TO,2012-10-01,71626.14,62959377.06,data_before_corruption (corruption at 2012-10-01),nan
stock_CUR6K@718712e8d985,DKG.DE,2016-01-01,6.22,20028400.0,data_before_corruption (corruption at 2026-01-01),
stock_CUR6K@718712e8d985,DKG.DE,2016-07-01,9.24,638401514.52,data_before_corruption (corruption at 2026-01-01),
stock_CUR6K@718712e8d985,DKG.DE,2016-10-01,8.39,167894387.5,data_before_corruption (corruption at 2026-01-01),
stock_CUR6K@718712e8d985,DKG.DE,2017-01-01,8.58,169748152.86,data_before_corruption (corruption at 2026-01-01),
stock_CUR6K@718712e8d985,DKG.DE,2017-04-01,8.5,187822358.0,data_before_corruption (corruption at 2026-01-01),
stock_CUR6K@718712e8d985,DKG.DE,2017-07-01,10.06,309557406.84000003,data_before_corruption (corruption at 2026-01-01),
stock_CUR6K@718712e8d985,DKG.DE,2017-10-01,10.15,247643079.95000002,data_before_corruption (corruption at 2026-01-01),
stock_CUR6K@718712e8d985,DKG.DE,2018-01-01,10.2,269633073.0,data_before_corruption (corruption at 2026-01-01),
stock_CUR6K@718712e8d985,DKG.DE,2018-04-01,11.2,289204507.2,data_before_corruption (corruption at 2026-01-01),
stock_CUR6K@718712e8d985,DKG.DE,2018-07-01,10.9,384362601.6,data_before_corruption (corruption at 2026-01-01),
stock_CUR6K@718712e8d985,DKG.DE,2018-10-01,10.35,287776575.0,data_before_corruption (corruption at 2026-01-01),
stock_CUR6K@718712e8d985,DKG.DE,2019-01-01,13.0,385047000.0,data_before_corruption (corruption at 2026-01-01),
stock_CUR6K@718712e8d985,DKG.DE,2019-04-01,16.85,504825056.40000004,data_before_corruption (corruption at 2026-01-01),
stock_CUR6K@718712e8d985,DKG.DE,2019-07-01,15.95,501430948.15,data_before_corruption (corruption at 2026-01-01),
stock_CUR6K@718712e8d985,DKG.DE,2019-10-01,15.9,526906840.5,data_before_corruption (corruption at 2026-01-01),
stock_CUR6K@718712e8d985,DKG.DE,2020-01-01,13.95,441698850.0,data_before_corruption (corruption at 2026-01-01),
stock_CUR6K@718712e8d985,DKG.DE,2020-04-01,17.65,564093011.5999999,data_before_corruption (corruption at 2026-01-01),
stock_CUR6K@718712e8d985,DKG.DE,2020-07-01,15.8,764441746.2,data_before_corruption (corruption at 2026-01-01),
stock_CUR6K@718712e8d985,DKG.DE,2020-10-01,15.7,551691170.5,data_before_corruption (corruption at 2026-01-01),
stock_CUR6K@718712e8d985,DKG.DE,2021-01-01,15.599999999999998,548432632.8,data_before_corruption (corruption at 2026-01-01),
stock_CUR6K@718712e8d985,DKG.DE,2021-04-01,14.9,523823476.2,data_before_corruption (corruption at 2026-01-01),
stock_CUR6K@718712e8d985,DKG.DE,2021-07-01,13.85,486909741.3,data_before_corruption (corruption at 2026-01-01),
stock_CUR6K@718712e8d985,DKG.DE,2021-10-01,14.0,492183132.0,data_before_corruption (corruption at 2026-01-01),
stock_CUR6K@718712e8d985,DKG.DE,2022-01-01,12.7,446480412.59999996,data_before_corruption (corruption at 2026-01-01),
stock_CUR6K@718712e8d985,DKG.DE,2022-04-01,10.95,384957521.09999996,data_before_corruption (corruption at 2026-01-01),
stock_CUR6K@718712e8d985,DKG.DE,2022-07-01,8.5,298825473.0,data_before_corruption (corruption at 2026-01-01),
stock_CUR6K@718712e8d985,DKG.DE,2022-10-01,7.56,265778891.27999997,data_before_corruption (corruption at 2026-01-01),
stock_CUR6K@718712e8d985,DKG.DE,2023-01-01,6.9,242575972.20000002,data_before_corruption (corruption at 2026-01-01),
stock_CUR6K@718712e8d985,DKG.DE,2023-04-01,6.34,222888646.92,data_before_corruption (corruption at 2026-01-01),
stock_CUR6K@718712e8d985,DKG.DE,2023-07-01,5.74,201795084.12,data_before_corruption (corruption at 2026-01-01),
stock_CUR6K@718712e8d985,DKG.DE,2023-10-01,3.46,121639414.0,data_before_corruption (corruption at 2026-01-01),
stock_CUR6K@718712e8d985,DKG.DE,2024-01-01,3.05,107225610.89999999,data_before_corruption (corruption at 2026-01-01),
stock_CUR6K@718712e8d985,DKG.DE,2024-04-01,2.78,99665137.82,data_before_corruption (corruption at 2026-01-01),
stock_CUR6K@718712e8d985,DKG.DE,2024-07-01,3.55,124803579.89999999,data_before_corruption (corruption at 2026-01-01),
stock_CUR6K@718712e8d985,DKG.DE,2024-10-01,3.54,131527992.0,data_before_corruption (corruption at 2026-01-01),
stock_CUR6K@718712e8d985,DKG.DE,2025-01-01,3.05,107848000.0,data_before_corruption (corruption at 2026-01-01),
stock_CUR6K@718712e8d985,DKG.DE,2025-04-01,2.23,93782092.5,data_before_corruption (corruption at 2026-01-01),
stock_CUR6K@718712e8d985,DKG.DE,2025-07-01,1.9,95667072.89999999,data_before_corruption (corruption at 2026-01-01),
stock_CUR6K@718712e8d985,DKG.DE,2025-10-01,1.83,92142496.53,data_before_corruption (corruption at 2026-01-01),
stock_CUR6K@718712e8d985,DKG.DE,2026-01-01,,,data_before_corruption (corruption at 2026-01-01),bookValuePerShare|earningsYield|marketCap|price
stock_CUR6K@718712e8d985,DOMH,2006-07-01,325198.59,16259929.500000002,data_before_corruption (corruption at 2013-04-01),nan
stock_CUR6K@718712e8d985,DOMH,2006-10-01,550920.44,27546021.999999996,data_before_corruption (corruption at 2013-04-01),nan
stock_CUR6K@718712e8d985,DOMH,2007-01-01,592152.69,30199787.189999998,data_before_corruption (corruption at 2013-04-01),nan
stock_CUR6K@718712e8d985,DOMH,2007-04-01,567884.13,28962090.63,data_before_corruption (corruption at 2013-04-01),nan
stock_CUR6K@718712e8d985,DOMH,2007-07-01,404799.47,21049572.439999998,data_before_corruption (corruption at 2013-04-01),nan
stock_CUR6K@718712e8d985,DOMH,2007-10-01,269380.94,14007808.88,data_before_corruption (corruption at 2013-04-01),nan
stock_CUR6K@718712e8d985,DOMH,2008-01-01,300930.06,15648363.12,data_before_corruption (corruption at 2013-04-01),nan
stock_CUR6K@718712e8d985,DOMH,2008-04-01,157745.59,8202770.68,data_before_corruption (corruption at 2013-04-01),nan
stock_CUR6K@718712e8d985,DOMH,2008-07-01,179587.3,9338539.6,data_before_corruption (corruption at 2013-04-01),nan
stock_CUR6K@718712e8d985,DOMH,2008-10-01,111635.34,5805037.68,data_before_corruption (corruption at 2013-04-01),nan
stock_CUR6K@718712e8d985,DOMH,2009-01-01,218416.97,11357682.44,data_before_corruption (corruption at 2013-04-01),nan
stock_CUR6K@718712e8d985,DOMH,2009-04-01,349467.16000000003,18172292.32,data_before_corruption (corruption at 2013-04-01),nan
stock_CUR6K@718712e8d985,DOMH,2009-07-01,504785.91000000003,26248867.32,data_before_corruption (corruption at 2013-04-01),nan
stock_CUR6K@718712e8d985,DOMH,2009-10-01,276661.5,17153013.0,data_before_corruption (corruption at 2013-04-01),nan
stock_CUR6K@718712e8d985,DOMH,2010-01-01,339759.75,21065104.5,data_before_corruption (corruption at 2013-04-01),nan
stock_CUR6K@718712e8d985,DOMH,2010-04-01,327625.47,20312779.139999997,data_before_corruption (corruption at 2013-04-01),nan
stock_CUR6K@718712e8d985,DOMH,2010-07-01,373735.72,23171614.639999997,data_before_corruption (corruption at 2013-04-01),nan
stock_CUR6K@718712e8d985,DOMH,2010-10-01,172306.72,16024524.96,data_before_corruption (corruption at 2013-04-01),nan
stock_CUR6K@718712e8d985,DOMH,2011-01-01,106781.63,9930691.59,data_before_corruption (corruption at 2013-04-01),nan
stock_CUR6K@718712e8d985,DOMH,2011-04-01,57273.78999999999,5326462.47,data_before_corruption (corruption at 2013-04-01),nan
stock_CUR6K@718712e8d985,DOMH,2011-07-01,48537.11000000001,4513951.23,data_before_corruption (corruption at 2013-04-01),nan
stock_CUR6K@718712e8d985,DOMH,2011-10-01,28394.21,4287525.71,data_before_corruption (corruption at 2013-04-01),nan
stock_CUR6K@718712e8d985,DOMH,2012-01-01,21113.64,3188159.64,data_before_corruption (corruption at 2013-04-01),nan
stock_CUR6K@718712e8d985,DOMH,2012-04-01,14075.760000000002,2125439.7600000002,data_before_corruption (corruption at 2013-04-01),nan
stock_CUR6K@718712e8d985,DOMH,2012-07-01,14522.68,2192924.68,data_before_corruption (corruption at 2013-04-01),nan
stock_CUR6K@718712e8d985,DOMH,2012-10-01,8282.86,4903453.12,data_before_corruption (corruption at 2013-04-01),nan
stock_CUR6K@718712e8d985,DOMH,2013-01-01,10192.79,6034131.680000001,data_before_corruption (corruption at 2013-04-01),nan
stock_CUR6K@718712e8d985,DOMH,2013-04-01,6443.3,4149485.2,data_before_corruption (corruption at 2013-04-01),nan
stock_CUR6K@718712e8d985,EAS2P.AS,2009-10-01,,0.0,data_before_corruption (corruption at 2015-10-01),nan
stock_CUR6K@718712e8d985,EAS2P.AS,2010-04-01,,0.0,data_before_corruption (corruption at 2015-10-01),nan
stock_CUR6K@718712e8d985,EAS2P.AS,2010-10-01,,0.0,data_before_corruption (corruption at 2015-10-01),nan
stock_CUR6K@718712e8d985,EAS2P.AS,2011-04-01,,0.0,data_before_corruption (corruption at 2015-10-01),nan
stock_CUR6K@718712e8d985,EAS2P.AS,2011-10-01,,0.0,data_before_corruption (corruption at 2015-10-01),nan
stock_CUR6K@718712e8d985,EAS2P.AS,2012-04-01,10.728519,77138051.61,data_before_corruption (corruption at 2015-10-01),nan
stock_CUR6K@718712e8d985,EAS2P.AS,2012-10-01,12.624051,88065379.776,data_before_corruption (corruption at 2015-10-01),nan
stock_CUR6K@718712e8d985,EAS2P.AS,2013-04-01,13.951886,97286501.078,data_before_corruption (corruption at 2015-10-01),nan
stock_CUR6K@718712e8d985,EAS2P.AS,2013-10-01,15.635734,111232611.676,data_before_corruption (corruption at 2015-10-01),nan
stock_CUR6K@718712e8d985,EAS2P.AS,2014-04-01,17.993122,125178149.754,data_before_corruption (corruption at 2015-10-01),nan
stock_CUR6K@718712e8d985,EAS2P.AS,2014-10-01,19.04673,135003222.24,data_before_corruption (corruption at 2015-10-01),nan
stock_CUR6K@718712e8d985,EAS2P.AS,2015-04-01,18.089342,130243262.39999999,data_before_corruption (corruption at 2015-10-01),nan
stock_CUR6K@718712e8d985,EAS2P.AS,2015-10-01,3.453332,25685883.416,data_before_corruption (corruption at 2015-10-01),nan
stock_CUR6K@718712e8d985,ECO,2018-04-01,,0.0,data_before_corruption (corruption at 2018-10-01),nan
stock_CUR6K@718712e8d985,ECO,2018-07-01,14.360871282622126,241806096.0,data_before_corruption (corruption at 2018-10-01),nan
stock_CUR6K@718712e8d985,ECO,2018-10-01,0.0,0.0,data_before_corruption (corruption at 2018-10-01),nan
stock_CUR6K@718712e8d985,EJT1.DE,1998-07-01,8.039746398239924,2164268005.5669003,data_before_corruption (corruption at 2012-07-01),nan
stock_CUR6K@718712e8d985,EJT1.DE,1999-07-01,8.039746398239924,2164268005.5669003,data_before_corruption (corruption at 2012-07-01),nan
stock_CUR6K@718712e8d985,EJT1.DE,2000-07-01,8.039746398239924,2164268005.5669003,data_before_corruption (corruption at 2012-07-01),nan
stock_CUR6K@718712e8d985,EJT1.DE,2001-01-01,0.0,0.0,data_before_corruption (corruption at 2012-07-01),nan
stock_CUR6K@718712e8d985,EJT1.DE,2001-07-01,0.0,0.0,data_before_corruption (corruption at 2012-07-01),nan
stock_CUR6K@718712e8d985,EJT1.DE,2002-01-01,0.0,0.0,data_before_corruption (corruption at 2012-07-01),nan
stock_CUR6K@718712e8d985,EJT1.DE,2002-07-01,0.0,0.0,data_before_corruption (corruption at 2012-07-01),nan
stock_CUR6K@718712e8d985,EJT1.DE,2003-01-01,0.0,0.0,data_before_corruption (corruption at 2012-07-01),nan
stock_CUR6K@718712e8d985,EJT1.DE,2003-07-01,0.0,0.0,data_before_corruption (corruption at 2012-07-01),nan
stock_CUR6K@718712e8d985,EJT1.DE,2004-01-01,0.0,0.0,data_before_corruption (corruption at 2012-07-01),nan
stock_CUR6K@718712e8d985,EJT1.DE,2004-07-01,0.0,0.0,data_before_corruption (corruption at 2012-07-01),nan
stock_CUR6K@718712e8d985,EJT1.DE,2005-01-01,0.0,0.0,data_before_corruption (corruption at 2012-07-01),nan
stock_CUR6K@718712e8d985,EJT1.DE,2005-07-01,0.0,0.0,data_before_corruption (corruption at 2012-07-01),nan
stock_CUR6K@718712e8d985,EJT1.DE,2006-01-01,0.0,0.0,data_before_corruption (corruption at 2012-07-01),nan
stock_CUR6K@718712e8d985,EJT1.DE,2006-07-01,0.0,0.0,data_before_corruption (corruption at 2012-07-01),nan
stock_CUR6K@718712e8d985,EJT1.DE,2007-01-01,0.0,0.0,data_before_corruption (corruption at 2012-07-01),nan
stock_CUR6K@718712e8d985,EJT1.DE,2007-07-01,0.0,0.0,data_before_corruption (corruption at 2012-07-01),nan
stock_CUR6K@718712e8d985,EJT1.DE,2008-01-01,0.0,0.0,data_before_corruption (corruption at 2012-07-01),nan
stock_CUR6K@718712e8d985,EJT1.DE,2008-07-01,0.0,0.0,data_before_corruption (corruption at 2012-07-01),nan
stock_CUR6K@718712e8d985,EJT1.DE,2009-01-01,0.0,0.0,data_before_corruption (corruption at 2012-07-01),nan
stock_CUR6K@718712e8d985,EJT1.DE,2009-07-01,0.0,0.0,data_before_corruption (corruption at 2012-07-01),nan
stock_CUR6K@718712e8d985,EJT1.DE,2010-01-01,0.0,0.0,data_before_corruption (corruption at 2012-07-01),nan
stock_CUR6K@718712e8d985,EJT1.DE,2010-07-01,0.0,0.0,data_before_corruption (corruption at 2012-07-01),nan
stock_CUR6K@718712e8d985,EJT1.DE,2011-01-01,0.0,0.0,data_before_corruption (corruption at 2012-07-01),nan
stock_CUR6K@718712e8d985,EJT1.DE,2011-07-01,0.0,0.0,data_before_corruption (corruption at 2012-07-01),nan
stock_CUR6K@718712e8d985,EJT1.DE,2012-01-01,0.0,0.0,data_before_corruption (corruption at 2012-07-01),nan
stock_CUR6K@718712e8d985,EJT1.DE,2012-07-01,0.0,0.0,data_before_corruption (corruption at 2012-07-01),nan
stock_CUR6K@718712e8d985,ELC,2006-07-01,24.72,5142623865.12,data_before_corruption (corruption at 2022-01-01),
stock_CUR6K@718712e8d985,ELC,2006-10-01,24.72,5128333035.36,data_before_corruption (corruption at 2022-01-01),
stock_CUR6K@718712e8d985,ELC,2007-01-01,24.72,4957594393.2,data_before_corruption (corruption at 2022-01-01),
stock_CUR6K@718712e8d985,ELC,2007-04-01,24.720000000000002,4869324340.8,data_before_corruption (corruption at 2022-01-01),
stock_CUR6K@718712e8d985,ELC,2007-07-01,24.72,4817046954.48,data_before_corruption (corruption at 2022-01-01),
stock_CUR6K@718712e8d985,ELC,2007-10-01,24.72,4859283200.4,data_before_corruption (corruption at 2022-01-01),
stock_CUR6K@718712e8d985,ELC,2008-01-01,24.719999999999995,4762051035.599999,data_before_corruption (corruption at 2022-01-01),
stock_CUR6K@718712e8d985,ELC,2008-04-01,24.72,4729601660.16,data_before_corruption (corruption at 2022-01-01),
stock_CUR6K@718712e8d985,ELC,2008-07-01,24.72,4706169102.48,data_before_corruption (corruption at 2022-01-01),
stock_CUR6K@718712e8d985,ELC,2008-10-01,24.72,4719681153.36,data_before_corruption (corruption at 2022-01-01),
stock_CUR6K@718712e8d985,ELC,2009-01-01,24.719999999999995,4760913816.719999,data_before_corruption (corruption at 2022-01-01),
stock_CUR6K@718712e8d985,ELC,2009-04-01,24.72,4847715649.44,data_before_corruption (corruption at 2022-01-01),
stock_CUR6K@718712e8d985,ELC,2009-07-01,24.72,4781463626.88,data_before_corruption (corruption at 2022-01-01),
stock_CUR6K@718712e8d985,ELC,2009-10-01,24.72,4765324631.04,data_before_corruption (corruption at 2022-01-01),
stock_CUR6K@718712e8d985,ELC,2010-01-01,,,data_before_corruption (corruption at 2022-01-01),bookValuePerShare|earningsYield|marketCap|price
stock_CUR6K@718712e8d985,ELC,2010-04-01,,,data_before_corruption (corruption at 2022-01-01),bookValuePerShare|earningsYield|marketCap|price
stock_CUR6K@718712e8d985,ELC,2010-07-01,24.72,4596991294.32,data_before_corruption (corruption at 2022-01-01),
stock_CUR6K@718712e8d985,ELC,2010-10-01,24.72,4596991294.32,data_before_corruption (corruption at 2022-01-01),totalAssets|totalCurrentLiabilities|totalLiabilities|totalStockholdersEquity
stock_CUR6K@718712e8d985,ELC,2011-01-01,24.72,4420784934.24,data_before_corruption (corruption at 2022-01-01),
stock_CUR6K@718712e8d985,ELC,2011-04-01,24.720000000000002,4395435760.8,data_before_corruption (corruption at 2022-01-01),
stock_CUR6K@718712e8d985,ELC,2011-07-01,24.719999999999995,4374215593.679999,data_before_corruption (corruption at 2022-01-01),
stock_CUR6K@718712e8d985,ELC,2011-10-01,24.72,4598178373.44,data_before_corruption (corruption at 2022-01-01),totalAssets|totalCurrentLiabilities|totalLiabilities|totalStockholdersEquity
stock_CUR6K@718712e8d985,ELC,2012-01-01,24.72,4372111773.36,data_before_corruption (corruption at 2022-01-01),totalAssets|totalCurrentLiabilities|totalLiabilities|totalStockholdersEquity
stock_CUR6K@718712e8d985,ELC,2012-04-01,24.72,4375834061.5199995,data_before_corruption (corruption at 2022-01-01),
stock_CUR6K@718712e8d985,ELC,2012-07-01,24.72,4379999950.08,data_before_corruption (corruption at 2022-01-01),
stock_CUR6K@718712e8d985,ELC,2012-10-01,24.72,4375834061.5199995,data_before_corruption (corruption at 2022-01-01),
stock_CUR6K@718712e8d985,ELC,2013-01-01,24.72,4400851195.92,data_before_corruption (corruption at 2022-01-01),
stock_CUR6K@718712e8d985,ELC,2013-04-01,24.72,4405018098.0,data_before_corruption (corruption at 2022-01-01),
stock_CUR6K@718712e8d985,ELC,2013-07-01,24.72,4407173583.12,data_before_corruption (corruption at 2022-01-01),
stock_CUR6K@718712e8d985,ELC,2013-10-01,24.72,4383469377.36,data_before_corruption (corruption at 2022-01-01),
stock_CUR6K@718712e8d985,ELC,2014-01-01,24.720000000000002,4419882332.88,data_before_corruption (corruption at 2022-01-01),
stock_CUR6K@718712e8d985,ELC,2014-04-01,24.72,4433633426.16,data_before_corruption (corruption at 2022-01-01),
stock_CUR6K@718712e8d985,ELC,2014-07-01,24.72,4439960856.24,data_before_corruption (corruption at 2022-01-01),
stock_CUR6K@718712e8d985,ELC,2014-10-01,24.72,4405380666.24,data_before_corruption (corruption at 2022-01-01),
stock_CUR6K@718712e8d985,ELC,2015-01-01,24.72,4441170010.32,data_before_corruption (corruption at 2022-01-01),
stock_CUR6K@718712e8d985,ELC,2015-04-01,24.720000000000002,4437765942.72,data_before_corruption (corruption at 2022-01-01),
stock_CUR6K@718712e8d985,ELC,2015-07-01,24.72,4428633287.04,data_before_corruption (corruption at 2022-01-01),
stock_CUR6K@718712e8d985,ELC,2015-10-01,24.720000000000002,4437392052.72,data_before_corruption (corruption at 2022-01-01),
stock_CUR6K@718712e8d985,ELC,2016-01-01,24.72,4414461409.92,data_before_corruption (corruption at 2022-01-01),
stock_CUR6K@718712e8d985,ELC,2016-04-01,24.72,4420137443.28,data_before_corruption (corruption at 2022-01-01),
stock_CUR6K@718712e8d985,ELC,2016-07-01,24.94,4464842373.940001,data_before_corruption (corruption at 2022-01-01),
stock_CUR6K@718712e8d985,ELC,2016-10-01,21.13,3785996402.2799997,data_before_corruption (corruption at 2022-01-01),
stock_CUR6K@718712e8d985,ELC,2017-01-01,22.61,4054765774.43,data_before_corruption (corruption at 2022-01-01),
stock_CUR6K@718712e8d985,ELC,2017-04-01,24.02,4309322319.84,data_before_corruption (corruption at 2022-01-01),
stock_CUR6K@718712e8d985,ELC,2017-07-01,24.87,4463143191.18,data_before_corruption (corruption at 2022-01-01),
stock_CUR6K@718712e8d985,ELC,2017-10-01,24.82,4439942081.2,data_before_corruption (corruption at 2022-01-01),
stock_CUR6K@718712e8d985,ELC,2018-01-01,24.1,4355052557.5,data_before_corruption (corruption at 2022-01-01),
stock_CUR6K@718712e8d985,ELC,2018-04-01,24.36,4404853225.08,data_before_corruption (corruption at 2022-01-01),
stock_CUR6K@718712e8d985,ELC,2018-07-01,22.7,4108752278.1,data_before_corruption (corruption at 2022-01-01),
stock_CUR6K@718712e8d985,ELC,2018-10-01,23.06,4143231638.8199997,data_before_corruption (corruption at 2022-01-01),
stock_CUR6K@718712e8d985,ELC,2019-01-01,25.009999999999998,4741275426.87,data_before_corruption (corruption at 2022-01-01),
stock_CUR6K@718712e8d985,ELC,2019-04-01,25.66,4952874442.54,data_before_corruption (corruption at 2022-01-01),
stock_CUR6K@718712e8d985,ELC,2019-07-01,26.46,5263750960.02,data_before_corruption (corruption at 2022-01-01),
stock_CUR6K@718712e8d985,ELC,2019-10-01,25.91,5057524680.78,data_before_corruption (corruption at 2022-01-01),
stock_CUR6K@718712e8d985,ELC,2020-01-01,24.789999999999996,4952794496.639999,data_before_corruption (corruption at 2022-01-01),
stock_CUR6K@718712e8d985,ELC,2020-04-01,25.05,5014459150.5,data_before_corruption (corruption at 2022-01-01),
stock_CUR6K@718712e8d985,ELC,2020-07-01,25.75,5155665463.5,data_before_corruption (corruption at 2022-01-01),
stock_CUR6K@718712e8d985,ELC,2020-10-01,26.879999999999995,5378874681.599999,data_before_corruption (corruption at 2022-01-01),
stock_CUR6K@718712e8d985,ELC,2021-01-01,25.45,5103375222.05,data_before_corruption (corruption at 2022-01-01),
stock_CUR6K@718712e8d985,ELC,2021-04-01,25.510000000000005,5121780326.450001,data_before_corruption (corruption at 2022-01-01),
stock_CUR6K@718712e8d985,ELC,2021-07-01,25.25,5074316987.25,data_before_corruption (corruption at 2022-01-01),
stock_CUR6K@718712e8d985,ELC,2021-10-01,25.3,5083820228.3,data_before_corruption (corruption at 2022-01-01),
stock_CUR6K@718712e8d985,ELC,2022-01-01,25.28,5196242771.84,data_before_corruption (corruption at 2022-01-01),
stock_CUR6K@718712e8d985,ENH.OL,2009-10-01,557831.282055,131648182.56497999,data_before_corruption (corruption at 2015-01-01),
stock_CUR6K@718712e8d985,ENH.OL,2010-01-01,348030.1066125,82135105.16055,data_before_corruption (corruption at 2015-01-01),
stock_CUR6K@718712e8d985,ENH.OL,2010-04-01,242596.39217459998,57252748.553205594,data_before_corruption (corruption at 2015-01-01),
stock_CUR6K@718712e8d985,ENH.OL,2010-07-01,290369.9652175,68527311.79133,data_before_corruption (corruption at 2015-01-01),
stock_CUR6K@718712e8d985,ENH.OL,2010-10-01,315107.1388725,67117820.5798425,data_before_corruption (corruption at 2015-01-01),
stock_CUR6K@718712e8d985,ENH.OL,2011-01-01,317823.09643499996,75006250.75865999,data_before_corruption (corruption at 2015-01-01),
stock_CUR6K@718712e8d985,ENH.OL,2011-04-01,198297.11154500002,46798118.32462001,data_before_corruption (corruption at 2015-01-01),
stock_CUR6K@718712e8d985,ENH.OL,2011-07-01,23704.3030065,5594215.5095339995,data_before_corruption (corruption at 2015-01-01),
stock_CUR6K@718712e8d985,ENH.OL,2011-10-01,24346.798089599997,10323042.389990399,data_before_corruption (corruption at 2015-01-01),
stock_CUR6K@718712e8d985,ENH.OL,2012-01-01,62204.86743,26374863.790319998,data_before_corruption (corruption at 2015-01-01),
stock_CUR6K@718712e8d985,ENH.OL,2012-04-01,46689.18662159999,19796215.127558395,data_before_corruption (corruption at 2015-01-01),
stock_CUR6K@718712e8d985,ENH.OL,2012-07-01,67861.16513699999,28773134.018087994,data_before_corruption (corruption at 2015-01-01),
stock_CUR6K@718712e8d985,ENH.OL,2012-10-01,103376.761424,59234884.295952,data_before_corruption (corruption at 2015-01-01),
stock_CUR6K@718712e8d985,ENH.OL,2013-01-01,103720.48212,61506245.89716,data_before_corruption (corruption at 2015-01-01),
stock_CUR6K@718712e8d985,ENH.OL,2013-04-01,76580.25208240001,45412089.48486321,data_before_corruption (corruption at 2015-01-01),
stock_CUR6K@718712e8d985,ENH.OL,2013-07-01,65653.2901756,38932401.0741308,data_before_corruption (corruption at 2015-01-01),
stock_CUR6K@718712e8d985,ENH.OL,2013-10-01,31929.6849858,24841294.918952398,data_before_corruption (corruption at 2015-01-01),
stock_CUR6K@718712e8d985,ENH.OL,2014-01-01,18377.6050656,14297776.7410368,data_before_corruption (corruption at 2015-01-01),
stock_CUR6K@718712e8d985,ENH.OL,2014-04-01,16900.2634492,13148404.9634776,data_before_corruption (corruption at 2015-01-01),
stock_CUR6K@718712e8d985,ENH.OL,2014-07-01,9342.7201244,7268636.2567832,data_before_corruption (corruption at 2015-01-01),
stock_CUR6K@718712e8d985,ENH.OL,2014-10-01,8003.3245007,6226586.461544599,data_before_corruption (corruption at 2015-01-01),
stock_CUR6K@718712e8d985,ENH.OL,2015-01-01,,,data_before_corruption (corruption at 2015-01-01),bookValuePerShare|earningsYield|marketCap|price
stock_CUR6K@718712e8d985,ENRO.ST,2009-10-01,312324.0,5776432380.0,data_before_corruption (corruption at 2017-10-01),nan
stock_CUR6K@718712e8d985,ENRO.ST,2010-01-01,200655.0,3711314880.0,data_before_corruption (corruption at 2017-10-01),nan
stock_CUR6K@718712e8d985,ENRO.ST,2010-04-01,67176.0,1242688824.0,data_before_corruption (corruption at 2017-10-01),nan
stock_CUR6K@718712e8d985,ENRO.ST,2010-07-01,52345.0,968330155.0,data_before_corruption (corruption at 2017-10-01),nan
stock_CUR6K@718712e8d985,ENRO.ST,2010-10-01,24326.0,449933696.0,data_before_corruption (corruption at 2017-10-01),nan
stock_CUR6K@718712e8d985,ENRO.ST,2011-01-01,21318.5,2414256169.5,data_before_corruption (corruption at 2017-10-01),nan
stock_CUR6K@718712e8d985,ENRO.ST,2011-04-01,19726.0,2233949774.0,data_before_corruption (corruption at 2017-10-01),nan
stock_CUR6K@718712e8d985,ENRO.ST,2011-07-01,11897.5,1347379977.5,data_before_corruption (corruption at 2017-10-01),nan
stock_CUR6K@718712e8d985,ENRO.ST,2011-10-01,9465.0,1071901785.0,data_before_corruption (corruption at 2017-10-01),nan
stock_CUR6K@718712e8d985,ENRO.ST,2012-01-01,13711.0,1552757039.0,data_before_corruption (corruption at 2017-10-01),nan
stock_CUR6K@718712e8d985,ENRO.ST,2012-04-01,7386.0,836457114.0,data_before_corruption (corruption at 2017-10-01),nan
stock_CUR6K@718712e8d985,ENRO.ST,2012-07-01,7872.5,1008640445.0,data_before_corruption (corruption at 2017-10-01),nan
stock_CUR6K@718712e8d985,ENRO.ST,2012-10-01,9995.5,1131980379.5,data_before_corruption (corruption at 2017-10-01),nan
stock_CUR6K@718712e8d985,ENRO.ST,2013-01-01,10517.5,1379222880.0,data_before_corruption (corruption at 2017-10-01),nan
stock_CUR6K@718712e8d985,ENRO.ST,2013-04-01,16373.5,1854282501.5,data_before_corruption (corruption at 2017-10-01),nan
stock_CUR6K@718712e8d985,ENRO.ST,2013-07-01,20787.5,2354163587.5,data_before_corruption (corruption at 2017-10-01),nan
stock_CUR6K@718712e8d985,ENRO.ST,2013-10-01,43866.0,4967780634.0,data_before_corruption (corruption at 2017-10-01),nan
stock_CUR6K@718712e8d985,ENRO.ST,2014-01-01,51305.5,5810245264.0,data_before_corruption (corruption at 2017-10-01),nan
stock_CUR6K@718712e8d985,ENRO.ST,2014-04-01,39806.0,4507949888.0,data_before_corruption (corruption at 2017-10-01),nan
stock_CUR6K@718712e8d985,ENRO.ST,2014-07-01,9297.0,1052875953.0,data_before_corruption (corruption at 2017-10-01),nan
stock_CUR6K@718712e8d985,ENRO.ST,2014-10-01,6395.5,724264793.0,data_before_corruption (corruption at 2017-10-01),nan
stock_CUR6K@718712e8d985,ENRO.ST,2015-01-01,3468.0,392744064.0,data_before_corruption (corruption at 2017-10-01),nan
stock_CUR6K@718712e8d985,ENRO.ST,2015-04-01,2086.5,297457699.5,data_before_corruption (corruption at 2017-10-01),nan
stock_CUR6K@718712e8d985,ENRO.ST,2015-07-01,1429.5,342279480.0,data_before_corruption (corruption at 2017-10-01),nan
stock_CUR6K@718712e8d985,ENRO.ST,2015-10-01,1698.0,406569120.0,data_before_corruption (corruption at 2017-10-01),nan
stock_CUR6K@718712e8d985,ENRO.ST,2016-01-01,1465.5,376972030.5,data_before_corruption (corruption at 2017-10-01),nan
stock_CUR6K@718712e8d985,ENRO.ST,2016-04-01,1029.5,269111300.0,data_before_corruption (corruption at 2017-10-01),nan
stock_CUR6K@718712e8d985,ENRO.ST,2016-07-01,701.0,186164570.0,data_before_corruption (corruption at 2017-10-01),nan
stock_CUR6K@718712e8d985,ENRO.ST,2016-10-01,457.5,121498275.0,data_before_corruption (corruption at 2017-10-01),nan
stock_CUR6K@718712e8d985,ENRO.ST,2017-01-01,599.5,165458403.0,data_before_corruption (corruption at 2017-10-01),nan
stock_CUR6K@718712e8d985,ENRO.ST,2017-04-01,384.0,105981696.0,data_before_corruption (corruption at 2017-10-01),nan
stock_CUR6K@718712e8d985,ENRO.ST,2017-07-01,426.0,117573444.0,data_before_corruption (corruption at 2017-10-01),nan
stock_CUR6K@718712e8d985,ENRO.ST,2017-10-01,257.0,73609683.0,data_before_corruption (corruption at 2017-10-01),nan
stock_CUR6K@718712e8d985,FLUI.ST,2016-10-01,5320.0,697031720.0,data_before_corruption (corruption at 2026-04-01),nan
stock_CUR6K@718712e8d985,FLUI.ST,2017-01-01,5320.0,555104760.0,data_before_corruption (corruption at 2026-04-01),nan
stock_CUR6K@718712e8d985,FLUI.ST,2017-10-01,5320.0,413177161.6,data_before_corruption (corruption at 2026-04-01),nan
stock_CUR6K@718712e8d985,FLUI.ST,2018-01-01,5320.0,1128898680.0,data_before_corruption (corruption at 2026-04-01),nan
stock_CUR6K@718712e8d985,FLUI.ST,2018-04-01,4200.0,1257475800.0,data_before_corruption (corruption at 2026-04-01),nan
stock_CUR6K@718712e8d985,FLUI.ST,2018-07-01,3815.0,1142207185.0,data_before_corruption (corruption at 2026-04-01),nan
stock_CUR6K@718712e8d985,FLUI.ST,2018-10-01,2303.0,689515897.0,data_before_corruption (corruption at 2026-04-01),nan
stock_CUR6K@718712e8d985,FLUI.ST,2019-01-01,3269.0,978735331.0,data_before_corruption (corruption at 2026-04-01),nan
stock_CUR6K@718712e8d985,FLUI.ST,2019-04-01,2730.0,817359270.0,data_before_corruption (corruption at 2026-04-01),nan
stock_CUR6K@718712e8d985,FLUI.ST,2019-07-01,2555.0,764964445.0,data_before_corruption (corruption at 2026-04-01),nan
stock_CUR6K@718712e8d985,FLUI.ST,2019-10-01,3052.0,913765748.0,data_before_corruption (corruption at 2026-04-01),nan
stock_CUR6K@718712e8d985,FLUI.ST,2020-01-01,2975.0,989083375.0,data_before_corruption (corruption at 2026-04-01),nan
stock_CUR6K@718712e8d985,FLUI.ST,2020-04-01,3101.0,1115373882.0,data_before_corruption (corruption at 2026-04-01),nan
stock_CUR6K@718712e8d985,FLUI.ST,2020-07-01,3185.0,1459991260.0,data_before_corruption (corruption at 2026-04-01),nan
stock_CUR6K@718712e8d985,FLUI.ST,2020-10-01,7140.0,3424701000.0,data_before_corruption (corruption at 2026-04-01),nan
stock_CUR6K@718712e8d985,FLUI.ST,2021-01-01,10290.0,4935598500.0,data_before_corruption (corruption at 2026-04-01),nan
stock_CUR6K@718712e8d985,FLUI.ST,2021-04-01,8977.5,4306057875.0,data_before_corruption (corruption at 2026-04-01),nan
stock_CUR6K@718712e8d985,FLUI.ST,2021-07-01,11025.0,5288141250.0,data_before_corruption (corruption at 2026-04-01),nan
stock_CUR6K@718712e8d985,FLUI.ST,2021-10-01,7035.0,3749570580.0,data_before_corruption (corruption at 2026-04-01),nan
stock_CUR6K@718712e8d985,FLUI.ST,2022-01-01,4480.0,2387786240.0,data_before_corruption (corruption at 2026-04-01),nan
stock_CUR6K@718712e8d985,FLUI.ST,2022-04-01,2555.0,1407306775.0,data_before_corruption (corruption at 2026-04-01),nan
stock_CUR6K@718712e8d985,FLUI.ST,2022-07-01,1099.0,644495362.0,data_before_corruption (corruption at 2026-04-01),nan
stock_CUR6K@718712e8d985,FLUI.ST,2022-10-01,910.0,772238740.0,data_before_corruption (corruption at 2026-04-01),nan
stock_CUR6K@718712e8d985,FLUI.ST,2023-01-01,1067.5,1045830817.5,data_before_corruption (corruption at 2026-04-01),nan
stock_CUR6K@718712e8d985,FLUI.ST,2023-04-01,577.5,586766565.0,data_before_corruption (corruption at 2026-04-01),nan
stock_CUR6K@718712e8d985,FLUI.ST,2023-07-01,385.0,395841985.0,data_before_corruption (corruption at 2026-04-01),nan
stock_CUR6K@718712e8d985,FLUI.ST,2023-10-01,221.2,240828403.2,data_before_corruption (corruption at 2026-04-01),nan
stock_CUR6K@718712e8d985,FLUI.ST,2024-01-01,43.75,55781075.0,data_before_corruption (corruption at 2026-04-01),nan
stock_CUR6K@718712e8d985,FLUI.ST,2024-04-01,29.26,44314065.18,data_before_corruption (corruption at 2026-04-01),nan
stock_CUR6K@718712e8d985,FLUI.ST,2024-07-01,27.3,37363872.0,data_before_corruption (corruption at 2026-04-01),nan
stock_CUR6K@718712e8d985,FLUI.ST,2024-10-01,14.35,19712623.7,data_before_corruption (corruption at 2026-04-01),nan
stock_CUR6K@718712e8d985,FLUI.ST,2025-01-01,0.39109868911071,500100.2403579995,data_before_corruption (corruption at 2026-04-01),nan
stock_CUR6K@718712e8d985,FLUI.ST,2025-04-01,8.9,12225956.700000001,data_before_corruption (corruption at 2026-04-01),nan
stock_CUR6K@718712e8d985,FLUI.ST,2025-07-01,20.2,27748800.599999998,data_before_corruption (corruption at 2026-04-01),nan
stock_CUR6K@718712e8d985,FLUI.ST,2025-10-01,10.0,13737030.0,data_before_corruption (corruption at 2026-04-01),nan
stock_CUR6K@718712e8d985,FLUI.ST,2026-01-01,11.1,15248103.299999999,data_before_corruption (corruption at 2026-04-01),nan
stock_CUR6K@718712e8d985,FLUI.ST,2026-04-01,0.0,0.0,data_before_corruption (corruption at 2026-04-01),nan
stock_CUR6K@718712e8d985,FMONC.PA,2009-10-01,,0.0,data_before_corruption (corruption at 2024-04-01),
stock_CUR6K@718712e8d985,FMONC.PA,2010-04-01,,0.0,data_before_corruption (corruption at 2024-04-01),
stock_CUR6K@718712e8d985,FMONC.PA,2010-10-01,,0.0,data_before_corruption (corruption at 2024-04-01),
stock_CUR6K@718712e8d985,FMONC.PA,2011-04-01,,0.0,data_before_corruption (corruption at 2024-04-01),
stock_CUR6K@718712e8d985,FMONC.PA,2011-10-01,,0.0,data_before_corruption (corruption at 2024-04-01),
stock_CUR6K@718712e8d985,FMONC.PA,2012-04-01,,,data_before_corruption (corruption at 2024-04-01),bookValuePerShare|earningsYield|marketCap|price
stock_CUR6K@718712e8d985,FMONC.PA,2012-10-01,,,data_before_corruption (corruption at 2024-04-01),bookValuePerShare|earningsYield|marketCap|price
stock_CUR6K@718712e8d985,FMONC.PA,2013-04-01,,,data_before_corruption (corruption at 2024-04-01),bookValuePerShare|earningsYield|marketCap|price
stock_CUR6K@718712e8d985,FMONC.PA,2013-10-01,,,data_before_corruption (corruption at 2024-04-01),bookValuePerShare|earningsYield|marketCap|price
stock_CUR6K@718712e8d985,FMONC.PA,2014-04-01,,,data_before_corruption (corruption at 2024-04-01),bookValuePerShare|earningsYield|marketCap|price
stock_CUR6K@718712e8d985,FMONC.PA,2014-07-01,,,data_before_corruption (corruption at 2024-04-01),bookValuePerShare|earningsYield|marketCap|price
stock_CUR6K@718712e8d985,FMONC.PA,2014-10-01,,,data_before_corruption (corruption at 2024-04-01),bookValuePerShare|earningsYield|marketCap|price
stock_CUR6K@718712e8d985,FMONC.PA,2015-01-01,,,data_before_corruption (corruption at 2024-04-01),bookValuePerShare|earningsYield|marketCap|price
stock_CUR6K@718712e8d985,FMONC.PA,2015-04-01,,,data_before_corruption (corruption at 2024-04-01),bookValuePerShare|earningsYield|marketCap|price
stock_CUR6K@718712e8d985,FMONC.PA,2015-07-01,,,data_before_corruption (corruption at 2024-04-01),bookValuePerShare|earningsYield|marketCap|price
stock_CUR6K@718712e8d985,FMONC.PA,2015-10-01,,,data_before_corruption (corruption at 2024-04-01),bookValuePerShare|earningsYield|marketCap|price
stock_CUR6K@718712e8d985,FMONC.PA,2016-01-01,,,data_before_corruption (corruption at 2024-04-01),bookValuePerShare|earningsYield|marketCap|price
stock_CUR6K@718712e8d985,FMONC.PA,2016-04-01,,,data_before_corruption (corruption at 2024-04-01),bookValuePerShare|earningsYield|marketCap|price
stock_CUR6K@718712e8d985,FMONC.PA,2016-07-01,,,data_before_corruption (corruption at 2024-04-01),bookValuePerShare|earningsYield|marketCap|price
stock_CUR6K@718712e8d985,FMONC.PA,2016-10-01,,,data_before_corruption (corruption at 2024-04-01),bookValuePerShare|earningsYield|marketCap|price
stock_CUR6K@718712e8d985,FMONC.PA,2017-01-01,,,data_before_corruption (corruption at 2024-04-01),bookValuePerShare|earningsYield|marketCap|price
stock_CUR6K@718712e8d985,FMONC.PA,2017-04-01,,,data_before_corruption (corruption at 2024-04-01),bookValuePerShare|earningsYield|marketCap|price
stock_CUR6K@718712e8d985,FMONC.PA,2017-07-01,,,data_before_corruption (corruption at 2024-04-01),bookValuePerShare|earningsYield|marketCap|price
stock_CUR6K@718712e8d985,FMONC.PA,2017-10-01,,,data_before_corruption (corruption at 2024-04-01),bookValuePerShare|earningsYield|marketCap|price
stock_CUR6K@718712e8d985,FMONC.PA,2018-01-01,,,data_before_corruption (corruption at 2024-04-01),bookValuePerShare|earningsYield|marketCap|price
stock_CUR6K@718712e8d985,FMONC.PA,2018-04-01,,,data_before_corruption (corruption at 2024-04-01),bookValuePerShare|earningsYield|marketCap|price
stock_CUR6K@718712e8d985,FMONC.PA,2018-07-01,,,data_before_corruption (corruption at 2024-04-01),bookValuePerShare|earningsYield|marketCap|price
stock_CUR6K@718712e8d985,FMONC.PA,2018-10-01,,,data_before_corruption (corruption at 2024-04-01),bookValuePerShare|earningsYield|marketCap|price
stock_CUR6K@718712e8d985,FMONC.PA,2019-01-01,,,data_before_corruption (corruption at 2024-04-01),bookValuePerShare|earningsYield|marketCap|price
stock_CUR6K@718712e8d985,FMONC.PA,2019-04-01,,,data_before_corruption (corruption at 2024-04-01),bookValuePerShare|earningsYield|marketCap|price
stock_CUR6K@718712e8d985,FMONC.PA,2019-07-01,,,data_before_corruption (corruption at 2024-04-01),bookValuePerShare|earningsYield|marketCap|price
stock_CUR6K@718712e8d985,FMONC.PA,2019-10-01,,,data_before_corruption (corruption at 2024-04-01),bookValuePerShare|earningsYield|marketCap|price
stock_CUR6K@718712e8d985,FMONC.PA,2020-01-01,,,data_before_corruption (corruption at 2024-04-01),bookValuePerShare|earningsYield|marketCap|price
stock_CUR6K@718712e8d985,FMONC.PA,2020-04-01,,,data_before_corruption (corruption at 2024-04-01),bookValuePerShare|earningsYield|marketCap|price
stock_CUR6K@718712e8d985,FMONC.PA,2020-07-01,,,data_before_corruption (corruption at 2024-04-01),bookValuePerShare|earningsYield|marketCap|price
stock_CUR6K@718712e8d985,FMONC.PA,2020-10-01,,,data_before_corruption (corruption at 2024-04-01),bookValuePerShare|earningsYield|marketCap|price
stock_CUR6K@718712e8d985,FMONC.PA,2021-01-01,,,data_before_corruption (corruption at 2024-04-01),bookValuePerShare|earningsYield|marketCap|price
stock_CUR6K@718712e8d985,FMONC.PA,2021-04-01,,,data_before_corruption (corruption at 2024-04-01),bookValuePerShare|earningsYield|marketCap|price
stock_CUR6K@718712e8d985,FMONC.PA,2021-07-01,,,data_before_corruption (corruption at 2024-04-01),bookValuePerShare|earningsYield|marketCap|price
stock_CUR6K@718712e8d985,FMONC.PA,2021-10-01,,,data_before_corruption (corruption at 2024-04-01),bookValuePerShare|earningsYield|marketCap|price
stock_CUR6K@718712e8d985,FMONC.PA,2022-01-01,,,data_before_corruption (corruption at 2024-04-01),bookValuePerShare|earningsYield|marketCap|price
stock_CUR6K@718712e8d985,FMONC.PA,2022-04-01,,,data_before_corruption (corruption at 2024-04-01),bookValuePerShare|earningsYield|marketCap|price
stock_CUR6K@718712e8d985,FMONC.PA,2022-07-01,,,data_before_corruption (corruption at 2024-04-01),bookValuePerShare|earningsYield|marketCap|price
stock_CUR6K@718712e8d985,FMONC.PA,2022-10-01,,,data_before_corruption (corruption at 2024-04-01),bookValuePerShare|earningsYield|marketCap|price
stock_CUR6K@718712e8d985,FMONC.PA,2023-01-01,,,data_before_corruption (corruption at 2024-04-01),bookValuePerShare|earningsYield|marketCap|price
stock_CUR6K@718712e8d985,FMONC.PA,2023-04-01,78.5,14355.373500000002,data_before_corruption (corruption at 2024-04-01),totalAssets|totalCurrentAssets|totalLiabilities|totalStockholdersEquity
stock_CUR6K@718712e8d985,FMONC.PA,2023-07-01,,,data_before_corruption (corruption at 2024-04-01),bookValuePerShare|earningsYield|marketCap|price
stock_CUR6K@718712e8d985,FMONC.PA,2023-10-01,,,data_before_corruption (corruption at 2024-04-01),bookValuePerShare|earningsYield|marketCap|price
stock_CUR6K@718712e8d985,FMONC.PA,2024-01-01,,,data_before_corruption (corruption at 2024-04-01),bookValuePerShare|earningsYield|marketCap|price
stock_CUR6K@718712e8d985,FMONC.PA,2024-04-01,,,data_before_corruption (corruption at 2024-04-01),bookValuePerShare|earningsYield|marketCap|price
stock_CUR6K@718712e8d985,FMV.DE,2006-04-01,4.187790720736206,158363400.0,data_before_corruption (corruption at 2025-01-01),nan
stock_CUR6K@718712e8d985,FMV.DE,2006-07-01,3.9,158363400.0,data_before_corruption (corruption at 2025-01-01),nan
stock_CUR6K@718712e8d985,FMV.DE,2007-01-01,4.37,228765130.0,data_before_corruption (corruption at 2025-01-01),nan
stock_CUR6K@718712e8d985,FMV.DE,2007-04-01,4.14,222094439.99999997,data_before_corruption (corruption at 2025-01-01),nan
stock_CUR6K@718712e8d985,FMV.DE,2007-07-01,3.86,227114680.0,data_before_corruption (corruption at 2025-01-01),nan
stock_CUR6K@718712e8d985,FMV.DE,2007-10-01,4.897997892518441,288188400.0,data_before_corruption (corruption at 2025-01-01),nan
stock_CUR6K@718712e8d985,FMV.DE,2008-01-01,4.19,268398830.00000003,data_before_corruption (corruption at 2025-01-01),nan
stock_CUR6K@718712e8d985,FMV.DE,2008-04-01,4.66,343824120.0,data_before_corruption (corruption at 2025-01-01),nan
stock_CUR6K@718712e8d985,FMV.DE,2008-07-01,2.4,177216000.0,data_before_corruption (corruption at 2025-01-01),nan
stock_CUR6K@718712e8d985,FMV.DE,2008-10-01,1.9368863365781916,138284000.0,data_before_corruption (corruption at 2025-01-01),nan
stock_CUR6K@718712e8d985,FMV.DE,2009-01-01,1.68,128352000.0,data_before_corruption (corruption at 2025-01-01),nan
stock_CUR6K@718712e8d985,FMV.DE,2009-04-01,2.06,169624520.0,data_before_corruption (corruption at 2025-01-01),nan
stock_CUR6K@718712e8d985,FMV.DE,2009-07-01,2.53,213397909.99999997,data_before_corruption (corruption at 2025-01-01),nan
stock_CUR6K@718712e8d985,FMV.DE,2009-10-01,4.380449939440454,365281340.0,data_before_corruption (corruption at 2025-01-01),nan
stock_CUR6K@718712e8d985,FMV.DE,2010-01-01,3.13,290185430.0,data_before_corruption (corruption at 2025-01-01),nan
stock_CUR6K@718712e8d985,FMV.DE,2010-04-01,4.03,374004150.0,data_before_corruption (corruption at 2025-01-01),nan
stock_CUR6K@718712e8d985,FMV.DE,2010-07-01,6.82,635207980.0,data_before_corruption (corruption at 2025-01-01),nan
stock_CUR6K@718712e8d985,FMV.DE,2010-10-01,15.494950634696757,1450141440.0,data_before_corruption (corruption at 2025-01-01),nan
stock_CUR6K@718712e8d985,FMV.DE,2011-01-01,21.24,2121281279.9999998,data_before_corruption (corruption at 2025-01-01),nan
stock_CUR6K@718712e8d985,FMV.DE,2011-04-01,18.44,1906640680.0000002,data_before_corruption (corruption at 2025-01-01),nan
stock_CUR6K@718712e8d985,FMV.DE,2011-07-01,15.21,1590707430.0,data_before_corruption (corruption at 2025-01-01),nan
stock_CUR6K@718712e8d985,FMV.DE,2011-10-01,17.192691499559437,1775609600.0,data_before_corruption (corruption at 2025-01-01),nan
stock_CUR6K@718712e8d985,FMV.DE,2012-01-01,16.58,1748195199.9999998,data_before_corruption (corruption at 2025-01-01),nan
stock_CUR6K@718712e8d985,FMV.DE,2012-04-01,14.45,1528795550.0,data_before_corruption (corruption at 2025-01-01),nan
stock_CUR6K@718712e8d985,FMV.DE,2012-07-01,22.94,2645142580.0,data_before_corruption (corruption at 2025-01-01),nan
stock_CUR6K@718712e8d985,FMV.DE,2012-10-01,21.3054394041977,2360110050.0,data_before_corruption (corruption at 2025-01-01),nan
stock_CUR6K@718712e8d985,FMV.DE,2013-01-01,15.74,1839927300.0,data_before_corruption (corruption at 2025-01-01),nan
stock_CUR6K@718712e8d985,FMV.DE,2013-04-01,10.95,1280295900.0,data_before_corruption (corruption at 2025-01-01),nan
stock_CUR6K@718712e8d985,FMV.DE,2013-07-01,11.86,1386481440.0,data_before_corruption (corruption at 2025-01-01),nan
stock_CUR6K@718712e8d985,FMV.DE,2013-10-01,9.824471715055372,1148824600.0,data_before_corruption (corruption at 2025-01-01),nan
stock_CUR6K@718712e8d985,FMV.DE,2014-01-01,9.64,1130068280.0,data_before_corruption (corruption at 2025-01-01),nan
stock_CUR6K@718712e8d985,FMV.DE,2014-04-01,10.81,1270066900.0,data_before_corruption (corruption at 2025-01-01),nan
stock_CUR6K@718712e8d985,FMV.DE,2014-07-01,7.8,916585800.0,data_before_corruption (corruption at 2025-01-01),nan
stock_CUR6K@718712e8d985,FMV.DE,2014-10-01,5.024317121351452,590075900.0,data_before_corruption (corruption at 2025-01-01),nan
stock_CUR6K@718712e8d985,FMV.DE,2015-01-01,5.41,636188950.0,data_before_corruption (corruption at 2025-01-01),nan
stock_CUR6K@718712e8d985,FMV.DE,2015-04-01,4.83,584903340.0,data_before_corruption (corruption at 2025-01-01),nan
stock_CUR6K@718712e8d985,FMV.DE,2015-07-01,3.2,391161600.0,data_before_corruption (corruption at 2025-01-01),nan
stock_CUR6K@718712e8d985,FMV.DE,2015-10-01,3.9378885980266114,508452300.0,data_before_corruption (corruption at 2025-01-01),nan
stock_CUR6K@718712e8d985,FMV.DE,2016-01-01,6.1873236903630255,963316800.0000001,data_before_corruption (corruption at 2025-01-01),nan
stock_CUR6K@718712e8d985,FMV.DE,2016-04-01,13.58,2166064320.0,data_before_corruption (corruption at 2025-01-01),nan
stock_CUR6K@718712e8d985,FMV.DE,2016-07-01,10.3,1687479900.0,data_before_corruption (corruption at 2025-01-01),nan
stock_CUR6K@718712e8d985,FMV.DE,2016-10-01,5.838688343050173,1254845060.0,data_before_corruption (corruption at 2025-01-01),nan
stock_CUR6K@718712e8d985,FMV.DE,2017-01-01,8.12,1338305919.9999998,data_before_corruption (corruption at 2025-01-01),nan
stock_CUR6K@718712e8d985,FMV.DE,2017-04-01,8.31,1372122270.0,data_before_corruption (corruption at 2025-01-01),nan
stock_CUR6K@718712e8d985,FMV.DE,2017-07-01,6.84,1132054200.0,data_before_corruption (corruption at 2025-01-01),nan
stock_CUR6K@718712e8d985,FMV.DE,2017-10-01,5.56754219031356,1196570600.0,data_before_corruption (corruption at 2025-01-01),nan
stock_CUR6K@718712e8d985,FMV.DE,2018-01-01,6.11,1013160200.0,data_before_corruption (corruption at 2025-01-01),nan
stock_CUR6K@718712e8d985,FMV.DE,2018-04-01,7.63,1381991380.0,data_before_corruption (corruption at 2025-01-01),nan
stock_CUR6K@718712e8d985,FMV.DE,2018-07-01,5.65,1093670500.0,data_before_corruption (corruption at 2025-01-01),nan
stock_CUR6K@718712e8d985,FMV.DE,2018-10-01,5.3106714622718325,1141364200.0,data_before_corruption (corruption at 2025-01-01),nan
stock_CUR6K@718712e8d985,FMV.DE,2019-01-01,6.32,1237664560.0,data_before_corruption (corruption at 2025-01-01),nan
stock_CUR6K@718712e8d985,FMV.DE,2019-04-01,7.3939116566981475,1485924850.0,data_before_corruption (corruption at 2025-01-01),nan
stock_CUR6K@718712e8d985,FMV.DE,2019-07-01,9.18737835967749,1872176400.0,data_before_corruption (corruption at 2025-01-01),nan
stock_CUR6K@718712e8d985,FMV.DE,2019-10-01,12.397791631640581,2551453120.0,data_before_corruption (corruption at 2025-01-01),nan
stock_CUR6K@718712e8d985,FMV.DE,2020-01-01,6.19,1296161240.0,data_before_corruption (corruption at 2025-01-01),nan
stock_CUR6K@718712e8d985,FMV.DE,2020-04-01,9.46186171861957,1983631999.9999998,data_before_corruption (corruption at 2025-01-01),nan
stock_CUR6K@718712e8d985,FMV.DE,2020-07-01,9.819616506683914,2110422160.0,data_before_corruption (corruption at 2025-01-01),nan
stock_CUR6K@718712e8d985,FMV.DE,2020-10-01,13.91689334121227,2991004800.0,data_before_corruption (corruption at 2025-01-01),nan
stock_CUR6K@718712e8d985,FMV.DE,2021-01-01,15.58,3467251100.0,data_before_corruption (corruption at 2025-01-01),nan
stock_CUR6K@718712e8d985,FMV.DE,2021-04-01,15.81,3838367610.0,data_before_corruption (corruption at 2025-01-01),nan
stock_CUR6K@718712e8d985,FMV.DE,2021-07-01,11.3,2896913200.0,data_before_corruption (corruption at 2025-01-01),nan
stock_CUR6K@718712e8d985,FMV.DE,2021-10-01,11.11,2848204040.0,data_before_corruption (corruption at 2025-01-01),nan
stock_CUR6K@718712e8d985,FMV.DE,2022-01-01,13.16,3424232000.0,data_before_corruption (corruption at 2025-01-01),nan
stock_CUR6K@718712e8d985,FMV.DE,2022-04-01,7.17931666165425,1885870080.0,data_before_corruption (corruption at 2025-01-01),nan
stock_CUR6K@718712e8d985,FMV.DE,2022-07-01,7.497785944169273,1970913000.0,data_before_corruption (corruption at 2025-01-01),nan
stock_CUR6K@718712e8d985,FMV.DE,2022-10-01,8.460817146378764,2224061160.0,data_before_corruption (corruption at 2025-01-01),nan
stock_CUR6K@718712e8d985,FMV.DE,2023-01-01,7.21,1977126200.0,data_before_corruption (corruption at 2025-01-01),nan
stock_CUR6K@718712e8d985,FMV.DE,2023-04-01,5.65,1587616100.0,data_before_corruption (corruption at 2025-01-01),nan
stock_CUR6K@718712e8d985,FMV.DE,2023-07-01,5.13,1471909860.0,data_before_corruption (corruption at 2025-01-01),nan
stock_CUR6K@718712e8d985,FMV.DE,2023-10-01,6.15,1765037700.0,data_before_corruption (corruption at 2025-01-01),nan
stock_CUR6K@718712e8d985,FMV.DE,2024-01-01,5.874556336630561,1687237200.0,data_before_corruption (corruption at 2025-01-01),nan
stock_CUR6K@718712e8d985,FMV.DE,2024-04-01,5.598281808593696,1634855040.0,data_before_corruption (corruption at 2025-01-01),nan
stock_CUR6K@718712e8d985,FMV.DE,2024-07-01,6.070945251825168,1772886000.0,data_before_corruption (corruption at 2025-01-01),nan
stock_CUR6K@718712e8d985,FMV.DE,2024-10-01,5.607250773993808,1657194930.0,data_before_corruption (corruption at 2025-01-01),nan
stock_CUR6K@718712e8d985,FMV.DE,2025-01-01,669.0007072989849,3030994674.51,data_before_corruption (corruption at 2025-01-01),nan
stock_CUR6K@718712e8d985,FTE.DE,1997-10-01,24.97,25255783722.51,data_before_corruption (corruption at 2011-04-01),nan
stock_CUR6K@718712e8d985,FTE.DE,1998-10-01,50.79,51910367670.96,data_before_corruption (corruption at 2011-04-01),nan
stock_CUR6K@718712e8d985,FTE.DE,1999-10-01,98.53,100940313575.14,data_before_corruption (corruption at 2011-04-01),nan
stock_CUR6K@718712e8d985,FTE.DE,2000-04-01,95.24005419220849,129911050087.79001,data_before_corruption (corruption at 2011-04-01),nan
stock_CUR6K@718712e8d985,FTE.DE,2000-10-01,91.95,125423291249.55,data_before_corruption (corruption at 2011-04-01),nan
stock_CUR6K@718712e8d985,FTE.DE,2001-10-01,56.90469410239443,62888381963.5,data_before_corruption (corruption at 2011-04-01),nan
stock_CUR6K@718712e8d985,FTE.DE,2002-04-01,10.24,12160203765.76,data_before_corruption (corruption at 2011-04-01),nan
stock_CUR6K@718712e8d985,FTE.DE,2002-10-01,21.201474142817865,16413003094.25,data_before_corruption (corruption at 2011-04-01),nan
stock_CUR6K@718712e8d985,FTE.DE,2003-04-01,23.654771895147153,39481491723.84,data_before_corruption (corruption at 2011-04-01),nan
stock_CUR6K@718712e8d985,FTE.DE,2003-10-01,22.66,52549680137.9,data_before_corruption (corruption at 2011-04-01),nan
stock_CUR6K@718712e8d985,FTE.DE,2004-04-01,21.42,42685346807.46001,data_before_corruption (corruption at 2011-04-01),nan
stock_CUR6K@718712e8d985,FTE.DE,2004-10-01,24.36,60358603701.479996,data_before_corruption (corruption at 2011-04-01),nan
stock_CUR6K@718712e8d985,FTE.DE,2005-04-01,24.90974462914245,64063204939.36,data_before_corruption (corruption at 2011-04-01),nan
stock_CUR6K@718712e8d985,FTE.DE,2005-10-01,21.714308842688617,55845141659.06999,data_before_corruption (corruption at 2011-04-01),nan
stock_CUR6K@718712e8d985,FTE.DE,2006-04-01,16.78762349327702,43818066672.27,data_before_corruption (corruption at 2011-04-01),nan
stock_CUR6K@718712e8d985,FTE.DE,2006-10-01,20.95,54682456820.15,data_before_corruption (corruption at 2011-04-01),nan
stock_CUR6K@718712e8d985,FTE.DE,2007-04-01,23.19377532943569,60248781782.399994,data_before_corruption (corruption at 2011-04-01),nan
stock_CUR6K@718712e8d985,FTE.DE,2007-10-01,27.99170336326994,72712010170.72,data_before_corruption (corruption at 2011-04-01),nan
stock_CUR6K@718712e8d985,FTE.DE,2008-04-01,18.71,48922622017.65,data_before_corruption (corruption at 2011-04-01),nan
stock_CUR6K@718712e8d985,FTE.DE,2008-10-01,21.39126442639593,55685787535.4,data_before_corruption (corruption at 2011-04-01),nan
stock_CUR6K@718712e8d985,FTE.DE,2009-04-01,0.0,0.0,data_before_corruption (corruption at 2011-04-01),nan
stock_CUR6K@718712e8d985,FTE.DE,2009-10-01,17.43,46154999650.62,data_before_corruption (corruption at 2011-04-01),nan
stock_CUR6K@718712e8d985,FTE.DE,2010-04-01,0.0,0.0,data_before_corruption (corruption at 2011-04-01),nan
stock_CUR6K@718712e8d985,FTE.DE,2010-10-01,15.599999999999998,41373913042.799995,data_before_corruption (corruption at 2011-04-01),nan
stock_CUR6K@718712e8d985,FTE.DE,2011-04-01,0.0,0.0,data_before_corruption (corruption at 2011-04-01),nan
stock_CUR6K@718712e8d985,GDC,2015-04-01,35625.0,62343750.0,data_before_corruption (corruption at 2015-07-01),
stock_CUR6K@718712e8d985,GDC,2015-04-01,,0.0,data_before_corruption (corruption at 2015-07-01),
stock_CUR6K@718712e8d985,GDC,2015-07-01,35625.0,21980625.0,data_before_corruption (corruption at 2015-07-01),
stock_CUR6K@718712e8d985,GM,2009-07-01,34.19,17094999999.999998,data_before_corruption (corruption at 2009-07-01),nan
stock_CUR6K@718712e8d985,H.TO,2009-10-01,,,data_before_corruption (corruption at 2015-01-01),bookValuePerShare|earningsYield|marketCap|price
stock_CUR6K@718712e8d985,H.TO,2010-01-01,,,data_before_corruption (corruption at 2015-01-01),bookValuePerShare|earningsYield|marketCap|price
stock_CUR6K@718712e8d985,H.TO,2010-04-01,21.62,12863900000.0,data_before_corruption (corruption at 2015-01-01),
stock_CUR6K@718712e8d985,H.TO,2010-07-01,,,data_before_corruption (corruption at 2015-01-01),bookValuePerShare|earningsYield|marketCap|price
stock_CUR6K@718712e8d985,H.TO,2010-10-01,,,data_before_corruption (corruption at 2015-01-01),bookValuePerShare|earningsYield|marketCap|price
stock_CUR6K@718712e8d985,H.TO,2011-01-01,,,data_before_corruption (corruption at 2015-01-01),bookValuePerShare|earningsYield|marketCap|price
stock_CUR6K@718712e8d985,H.TO,2011-04-01,21.62,12863900000.0,data_before_corruption (corruption at 2015-01-01),
stock_CUR6K@718712e8d985,H.TO,2011-07-01,21.62,12863900000.0,data_before_corruption (corruption at 2015-01-01),
stock_CUR6K@718712e8d985,H.TO,2011-10-01,,,data_before_corruption (corruption at 2015-01-01),bookValuePerShare|earningsYield|marketCap|price
stock_CUR6K@718712e8d985,H.TO,2012-01-01,,,data_before_corruption (corruption at 2015-01-01),bookValuePerShare|earningsYield|marketCap|price
stock_CUR6K@718712e8d985,H.TO,2012-04-01,21.62,12863900000.0,data_before_corruption (corruption at 2015-01-01),
stock_CUR6K@718712e8d985,H.TO,2012-07-01,,,data_before_corruption (corruption at 2015-01-01),bookValuePerShare|earningsYield|marketCap|price
stock_CUR6K@718712e8d985,H.TO,2012-10-01,,,data_before_corruption (corruption at 2015-01-01),bookValuePerShare|earningsYield|marketCap|price
stock_CUR6K@718712e8d985,H.TO,2013-01-01,,,data_before_corruption (corruption at 2015-01-01),bookValuePerShare|earningsYield|marketCap|price
stock_CUR6K@718712e8d985,H.TO,2013-04-01,21.62,12863900000.0,data_before_corruption (corruption at 2015-01-01),
stock_CUR6K@718712e8d985,H.TO,2013-07-01,,,data_before_corruption (corruption at 2015-01-01),bookValuePerShare|earningsYield|marketCap|price
stock_CUR6K@718712e8d985,H.TO,2013-10-01,,,data_before_corruption (corruption at 2015-01-01),bookValuePerShare|earningsYield|marketCap|price
stock_CUR6K@718712e8d985,H.TO,2014-01-01,,,data_before_corruption (corruption at 2015-01-01),bookValuePerShare|earningsYield|marketCap|price
stock_CUR6K@718712e8d985,H.TO,2014-04-01,21.62,12863900000.0,data_before_corruption (corruption at 2015-01-01),
stock_CUR6K@718712e8d985,H.TO,2014-07-01,,,data_before_corruption (corruption at 2015-01-01),bookValuePerShare|earningsYield|marketCap|price
stock_CUR6K@718712e8d985,H.TO,2014-10-01,,,data_before_corruption (corruption at 2015-01-01),bookValuePerShare|earningsYield|marketCap|price
stock_CUR6K@718712e8d985,H.TO,2015-01-01,,,data_before_corruption (corruption at 2015-01-01),bookValuePerShare|earningsYield|marketCap|price
stock_CUR6K@718712e8d985,H2O.DE,2009-04-01,,0.0,data_before_corruption (corruption at 2020-10-01),nan
stock_CUR6K@718712e8d985,H2O.DE,2010-04-01,,0.0,data_before_corruption (corruption at 2020-10-01),nan
stock_CUR6K@718712e8d985,H2O.DE,2011-04-01,,0.0,data_before_corruption (corruption at 2020-10-01),nan
stock_CUR6K@718712e8d985,H2O.DE,2016-07-01,0.16911,10961710.200000001,data_before_corruption (corruption at 2020-10-01),nan
stock_CUR6K@718712e8d985,H2O.DE,2017-01-01,0.16911,10961710.200000001,data_before_corruption (corruption at 2020-10-01),nan
stock_CUR6K@718712e8d985,H2O.DE,2017-07-01,0.16911,10961710.200000001,data_before_corruption (corruption at 2020-10-01),nan
stock_CUR6K@718712e8d985,H2O.DE,2018-04-01,,0.0,data_before_corruption (corruption at 2020-10-01),nan
stock_CUR6K@718712e8d985,H2O.DE,2018-10-01,,0.0,data_before_corruption (corruption at 2020-10-01),nan
stock_CUR6K@718712e8d985,H2O.DE,2020-04-01,0.16911,3589528.8600000003,data_before_corruption (corruption at 2020-10-01),nan
stock_CUR6K@718712e8d985,H2O.DE,2020-10-01,27.18,617155956.54,data_before_corruption (corruption at 2020-10-01),nan
stock_CUR6K@718712e8d985,HUDL.OL,2021-07-01,3.6,429489000.0,data_before_corruption (corruption at 2026-04-01),nan
stock_CUR6K@718712e8d985,HUDL.OL,2021-10-01,3.85,459314559.55,data_before_corruption (corruption at 2026-04-01),nan
stock_CUR6K@718712e8d985,HUDL.OL,2022-01-01,2.94,350749300.02,data_before_corruption (corruption at 2026-04-01),nan
stock_CUR6K@718712e8d985,HUDL.OL,2022-04-01,2.93,348713226.29,data_before_corruption (corruption at 2026-04-01),nan
stock_CUR6K@718712e8d985,HUDL.OL,2022-07-01,2.32,276114226.96,data_before_corruption (corruption at 2026-04-01),nan
stock_CUR6K@718712e8d985,HUDL.OL,2022-10-01,2.36,307424710.88,data_before_corruption (corruption at 2026-04-01),nan
stock_CUR6K@718712e8d985,HUDL.OL,2023-01-01,2.54,330872358.32,data_before_corruption (corruption at 2026-04-01),nan
stock_CUR6K@718712e8d985,HUDL.OL,2023-04-01,1.7099999999999997,281721291.03,data_before_corruption (corruption at 2026-04-01),nan
stock_CUR6K@718712e8d985,HUDL.OL,2023-07-01,1.66,273483826.38,data_before_corruption (corruption at 2026-04-01),nan
stock_CUR6K@718712e8d985,HUDL.OL,2023-10-01,1.13,203893622.42,data_before_corruption (corruption at 2026-04-01),nan
stock_CUR6K@718712e8d985,HUDL.OL,2024-01-01,0.8699999999999999,162341029.95,data_before_corruption (corruption at 2026-04-01),nan
stock_CUR6K@718712e8d985,HUDL.OL,2024-04-01,0.682,127260439.57000001,data_before_corruption (corruption at 2026-04-01),nan
stock_CUR6K@718712e8d985,HUDL.OL,2024-07-01,0.584,122536139.10399999,data_before_corruption (corruption at 2026-04-01),nan
stock_CUR6K@718712e8d985,HUDL.OL,2024-10-01,0.4570000000000001,95888725.29200001,data_before_corruption (corruption at 2026-04-01),nan
stock_CUR6K@718712e8d985,HUDL.OL,2025-01-01,1.1200000000000003,280880570.88000005,data_before_corruption (corruption at 2026-04-01),nan
stock_CUR6K@718712e8d985,HUDL.OL,2025-04-01,0.754,189092784.998,data_before_corruption (corruption at 2026-04-01),nan
stock_CUR6K@718712e8d985,HUDL.OL,2025-07-01,0.718,200891633.19799998,data_before_corruption (corruption at 2026-04-01),nan
stock_CUR6K@718712e8d985,HUDL.OL,2025-10-01,0.73,207753620.0,data_before_corruption (corruption at 2026-04-01),nan
stock_CUR6K@718712e8d985,HUDL.OL,2026-01-01,0.55,156438527.85000002,data_before_corruption (corruption at 2026-04-01),nan
stock_CUR6K@718712e8d985,HUDL.OL,2026-04-01,0.0,0.0,data_before_corruption (corruption at 2026-04-01),nan
stock_CUR6K@718712e8d985,IOS.DE,2021-10-01,17.54,6314400.0,data_before_corruption (corruption at 2022-07-01),nan
stock_CUR6K@718712e8d985,IOS.DE,2022-01-01,17.54,2455600000.0,data_before_corruption (corruption at 2022-07-01),nan
stock_CUR6K@718712e8d985,IOS.DE,2022-07-01,17.54,6314400.0,data_before_corruption (corruption at 2022-07-01),nan
stock_CUR6K@718712e8d985,IPC.L,2006-07-01,32.33,15599225000.0,data_before_corruption (corruption at 2011-10-01),nan
stock_CUR6K@718712e8d985,IPC.L,2006-10-01,0.0,0.0,data_before_corruption (corruption at 2011-10-01),nan
stock_CUR6K@718712e8d985,IPC.L,2007-01-01,33.98,15131293999.999998,data_before_corruption (corruption at 2011-10-01),nan
stock_CUR6K@718712e8d985,IPC.L,2007-04-01,36.45,15600600000.000002,data_before_corruption (corruption at 2011-10-01),nan
stock_CUR6K@718712e8d985,IPC.L,2007-07-01,33.61,14193503000.0,data_before_corruption (corruption at 2011-10-01),nan
stock_CUR6K@718712e8d985,IPC.L,2007-10-01,0.0,0.0,data_before_corruption (corruption at 2011-10-01),nan
stock_CUR6K@718712e8d985,IPC.L,2008-01-01,25.39,10747587000.0,data_before_corruption (corruption at 2011-10-01),nan
stock_CUR6K@718712e8d985,IPC.L,2008-04-01,21.75,9191550000.0,data_before_corruption (corruption at 2011-10-01),nan
stock_CUR6K@718712e8d985,IPC.L,2008-07-01,24.44,10404457149.84,data_before_corruption (corruption at 2011-10-01),nan
stock_CUR6K@718712e8d985,IPC.L,2008-10-01,0.0,0.0,data_before_corruption (corruption at 2011-10-01),nan
stock_CUR6K@718712e8d985,IPC.L,2009-01-01,6.57,2779767000.0,data_before_corruption (corruption at 2011-10-01),nan
stock_CUR6K@718712e8d985,IPC.L,2009-04-01,14.12,6001000000.0,data_before_corruption (corruption at 2011-10-01),nan
stock_CUR6K@718712e8d985,IPC.L,2009-07-01,20.75,8848563226.5,data_before_corruption (corruption at 2011-10-01),nan
stock_CUR6K@718712e8d985,IPC.L,2009-10-01,0.0,0.0,data_before_corruption (corruption at 2011-10-01),nan
stock_CUR6K@718712e8d985,IPC.L,2010-01-01,22.97,9792473673.33,data_before_corruption (corruption at 2011-10-01),nan
stock_CUR6K@718712e8d985,IPC.L,2010-04-01,21.12,8928000005.76,data_before_corruption (corruption at 2011-10-01),nan
stock_CUR6K@718712e8d985,IPC.L,2010-07-01,20.3,8806140000.0,data_before_corruption (corruption at 2011-10-01),nan
stock_CUR6K@718712e8d985,IPC.L,2010-10-01,0.0,0.0,data_before_corruption (corruption at 2011-10-01),nan
stock_CUR6K@718712e8d985,IPC.L,2011-01-01,28.17,12195113912.640001,data_before_corruption (corruption at 2011-10-01),nan
stock_CUR6K@718712e8d985,IPC.L,2011-04-01,27.839999999999996,11992615391.039999,data_before_corruption (corruption at 2011-10-01),nan
stock_CUR6K@718712e8d985,IPC.L,2011-07-01,21.7,9443840000.0,data_before_corruption (corruption at 2011-10-01),nan
stock_CUR6K@718712e8d985,IPC.L,2011-10-01,0.0,0.0,data_before_corruption (corruption at 2011-10-01),nan
stock_CUR6K@718712e8d985,ITB.DE,1991-07-01,2.9212000000000002,2103820272.4312003,data_before_corruption (corruption at 2010-07-01),nan
stock_CUR6K@718712e8d985,ITB.DE,1992-07-01,2.9212000000000002,2103820272.4312003,data_before_corruption (corruption at 2010-07-01),nan
stock_CUR6K@718712e8d985,ITB.DE,1993-07-01,2.9212000000000002,2103820272.4312003,data_before_corruption (corruption at 2010-07-01),nan
stock_CUR6K@718712e8d985,ITB.DE,1994-07-01,2.9212000000000002,2103820272.4312003,data_before_corruption (corruption at 2010-07-01),nan
stock_CUR6K@718712e8d985,ITB.DE,1995-07-01,2.9212000000000002,2103820272.4312003,data_before_corruption (corruption at 2010-07-01),nan
stock_CUR6K@718712e8d985,ITB.DE,1996-07-01,2.9212000000000002,2103820272.4312003,data_before_corruption (corruption at 2010-07-01),nan
stock_CUR6K@718712e8d985,ITB.DE,1997-07-01,2.6826,1932079295.0358,data_before_corruption (corruption at 2010-07-01),nan
stock_CUR6K@718712e8d985,ITB.DE,1998-07-01,3.7527999999999997,2694260546.0815997,data_before_corruption (corruption at 2010-07-01),nan
stock_CUR6K@718712e8d985,ITB.DE,1999-07-01,4.386399890793565,3138830451.5538,data_before_corruption (corruption at 2010-07-01),nan
stock_CUR6K@718712e8d985,ITB.DE,2000-01-01,7.481123431644203,5342206922.3084,data_before_corruption (corruption at 2010-07-01),nan
stock_CUR6K@718712e8d985,ITB.DE,2000-07-01,9.390866356048505,6705938180.5614,data_before_corruption (corruption at 2010-07-01),nan
stock_CUR6K@718712e8d985,ITB.DE,2001-01-01,9.830627562136115,7027309477.845,data_before_corruption (corruption at 2010-07-01),nan
stock_CUR6K@718712e8d985,ITB.DE,2001-07-01,12.126236798905941,8668298971.6506,data_before_corruption (corruption at 2010-07-01),nan
stock_CUR6K@718712e8d985,ITB.DE,2002-01-01,15.693581216249658,12008658698.5608,data_before_corruption (corruption at 2010-07-01),nan
stock_CUR6K@718712e8d985,ITB.DE,2002-07-01,17.522001767557036,13407757989.8908,data_before_corruption (corruption at 2010-07-01),nan
stock_CUR6K@718712e8d985,ITB.DE,2003-01-01,0.0,0.0,data_before_corruption (corruption at 2010-07-01),nan
stock_CUR6K@718712e8d985,ITB.DE,2003-07-01,0.0,0.0,data_before_corruption (corruption at 2010-07-01),nan
stock_CUR6K@718712e8d985,ITB.DE,2004-01-01,20.657220994692526,17257515159.4686,data_before_corruption (corruption at 2010-07-01),nan
stock_CUR6K@718712e8d985,ITB.DE,2004-07-01,20.971955677120334,17520451715.871998,data_before_corruption (corruption at 2010-07-01),nan
stock_CUR6K@718712e8d985,ITB.DE,2005-01-01,24.28358616071432,20212471304.0992,data_before_corruption (corruption at 2010-07-01),nan
stock_CUR6K@718712e8d985,ITB.DE,2005-07-01,28.290874445676277,23547942388.600002,data_before_corruption (corruption at 2010-07-01),nan
stock_CUR6K@718712e8d985,ITB.DE,2006-01-01,30.817341663076256,24751506490.199997,data_before_corruption (corruption at 2010-07-01),nan
stock_CUR6K@718712e8d985,ITB.DE,2006-07-01,31.009270142180096,24905657326.704002,data_before_corruption (corruption at 2010-07-01),nan
stock_CUR6K@718712e8d985,ITB.DE,2007-01-01,40.956191273374884,31831758992.2464,data_before_corruption (corruption at 2010-07-01),nan
stock_CUR6K@718712e8d985,ITB.DE,2007-07-01,44.41032448797863,34516362530.7072,data_before_corruption (corruption at 2010-07-01),nan
stock_CUR6K@718712e8d985,ITB.DE,2008-01-01,0.0,0.0,data_before_corruption (corruption at 2010-07-01),nan
stock_CUR6K@718712e8d985,ITB.DE,2008-07-01,0.0,0.0,data_before_corruption (corruption at 2010-07-01),nan
stock_CUR6K@718712e8d985,ITB.DE,2009-01-01,0.0,0.0,data_before_corruption (corruption at 2010-07-01),nan
stock_CUR6K@718712e8d985,ITB.DE,2009-07-01,18.09339523856564,18315944000.0,data_before_corruption (corruption at 2010-07-01),nan
stock_CUR6K@718712e8d985,ITB.DE,2010-01-01,0.0,0.0,data_before_corruption (corruption at 2010-07-01),nan
stock_CUR6K@718712e8d985,ITB.DE,2010-07-01,0.0,0.0,data_before_corruption (corruption at 2010-07-01),nan
stock_CUR6K@718712e8d985,KMCP.OL,2009-10-01,,,data_before_corruption (corruption at 2024-07-01),bookValuePerShare|earningsYield|marketCap|price
stock_CUR6K@718712e8d985,KMCP.OL,2010-04-01,,,data_before_corruption (corruption at 2024-07-01),bookValuePerShare|earningsYield|marketCap|price
stock_CUR6K@718712e8d985,KMCP.OL,2010-07-01,,,data_before_corruption (corruption at 2024-07-01),bookValuePerShare|earningsYield|marketCap|price
stock_CUR6K@718712e8d985,KMCP.OL,2010-10-01,,,data_before_corruption (corruption at 2024-07-01),bookValuePerShare|earningsYield|marketCap|price
stock_CUR6K@718712e8d985,KMCP.OL,2011-01-01,,,data_before_corruption (corruption at 2024-07-01),bookValuePerShare|earningsYield|marketCap|price
stock_CUR6K@718712e8d985,KMCP.OL,2011-04-01,,,data_before_corruption (corruption at 2024-07-01),bookValuePerShare|earningsYield|marketCap|price
stock_CUR6K@718712e8d985,KMCP.OL,2011-07-01,,,data_before_corruption (corruption at 2024-07-01),bookValuePerShare|earningsYield|marketCap|price
stock_CUR6K@718712e8d985,KMCP.OL,2011-10-01,,,data_before_corruption (corruption at 2024-07-01),bookValuePerShare|earningsYield|marketCap|price
stock_CUR6K@718712e8d985,KMCP.OL,2012-01-01,,,data_before_corruption (corruption at 2024-07-01),bookValuePerShare|earningsYield|marketCap|price
stock_CUR6K@718712e8d985,KMCP.OL,2012-04-01,,,data_before_corruption (corruption at 2024-07-01),bookValuePerShare|earningsYield|marketCap|price
stock_CUR6K@718712e8d985,KMCP.OL,2012-07-01,,,data_before_corruption (corruption at 2024-07-01),bookValuePerShare|earningsYield|marketCap|price
stock_CUR6K@718712e8d985,KMCP.OL,2012-10-01,,,data_before_corruption (corruption at 2024-07-01),bookValuePerShare|earningsYield|marketCap|price
stock_CUR6K@718712e8d985,KMCP.OL,2013-01-01,,,data_before_corruption (corruption at 2024-07-01),bookValuePerShare|earningsYield|marketCap|price
stock_CUR6K@718712e8d985,KMCP.OL,2013-04-01,,,data_before_corruption (corruption at 2024-07-01),bookValuePerShare|earningsYield|marketCap|price
stock_CUR6K@718712e8d985,KMCP.OL,2013-07-01,,,data_before_corruption (corruption at 2024-07-01),bookValuePerShare|earningsYield|marketCap|price
stock_CUR6K@718712e8d985,KMCP.OL,2013-10-01,,,data_before_corruption (corruption at 2024-07-01),bookValuePerShare|earningsYield|marketCap|price
stock_CUR6K@718712e8d985,KMCP.OL,2014-01-01,,,data_before_corruption (corruption at 2024-07-01),bookValuePerShare|earningsYield|marketCap|price
stock_CUR6K@718712e8d985,KMCP.OL,2014-04-01,,,data_before_corruption (corruption at 2024-07-01),bookValuePerShare|earningsYield|marketCap|price
stock_CUR6K@718712e8d985,KMCP.OL,2014-07-01,,,data_before_corruption (corruption at 2024-07-01),bookValuePerShare|earningsYield|marketCap|price
stock_CUR6K@718712e8d985,KMCP.OL,2014-10-01,,,data_before_corruption (corruption at 2024-07-01),bookValuePerShare|earningsYield|marketCap|price
stock_CUR6K@718712e8d985,KMCP.OL,2015-01-01,,,data_before_corruption (corruption at 2024-07-01),bookValuePerShare|earningsYield|marketCap|price
stock_CUR6K@718712e8d985,KMCP.OL,2015-04-01,,,data_before_corruption (corruption at 2024-07-01),bookValuePerShare|earningsYield|marketCap|price
stock_CUR6K@718712e8d985,KMCP.OL,2015-07-01,,,data_before_corruption (corruption at 2024-07-01),bookValuePerShare|earningsYield|marketCap|price
stock_CUR6K@718712e8d985,KMCP.OL,2015-10-01,,,data_before_corruption (corruption at 2024-07-01),bookValuePerShare|earningsYield|marketCap|price
stock_CUR6K@718712e8d985,KMCP.OL,2016-01-01,,,data_before_corruption (corruption at 2024-07-01),bookValuePerShare|earningsYield|marketCap|price
stock_CUR6K@718712e8d985,KMCP.OL,2016-04-01,,,data_before_corruption (corruption at 2024-07-01),bookValuePerShare|earningsYield|marketCap|price
stock_CUR6K@718712e8d985,KMCP.OL,2016-07-01,,,data_before_corruption (corruption at 2024-07-01),bookValuePerShare|earningsYield|marketCap|price
stock_CUR6K@718712e8d985,KMCP.OL,2016-10-01,,,data_before_corruption (corruption at 2024-07-01),bookValuePerShare|earningsYield|marketCap|price
stock_CUR6K@718712e8d985,KMCP.OL,2017-01-01,,,data_before_corruption (corruption at 2024-07-01),bookValuePerShare|earningsYield|marketCap|price
stock_CUR6K@718712e8d985,KMCP.OL,2017-04-01,,,data_before_corruption (corruption at 2024-07-01),bookValuePerShare|earningsYield|marketCap|price
stock_CUR6K@718712e8d985,KMCP.OL,2017-07-01,,,data_before_corruption (corruption at 2024-07-01),bookValuePerShare|earningsYield|marketCap|price
stock_CUR6K@718712e8d985,KMCP.OL,2017-10-01,,,data_before_corruption (corruption at 2024-07-01),bookValuePerShare|earningsYield|marketCap|price
stock_CUR6K@718712e8d985,KMCP.OL,2018-01-01,,,data_before_corruption (corruption at 2024-07-01),bookValuePerShare|earningsYield|marketCap|price
stock_CUR6K@718712e8d985,KMCP.OL,2018-04-01,,,data_before_corruption (corruption at 2024-07-01),bookValuePerShare|earningsYield|marketCap|price
stock_CUR6K@718712e8d985,KMCP.OL,2019-04-01,,0.0,data_before_corruption (corruption at 2024-07-01),
stock_CUR6K@718712e8d985,KMCP.OL,2019-10-01,,0.0,data_before_corruption (corruption at 2024-07-01),
stock_CUR6K@718712e8d985,KMCP.OL,2020-04-01,,,data_before_corruption (corruption at 2024-07-01),bookValuePerShare|earningsYield|marketCap|price
stock_CUR6K@718712e8d985,KMCP.OL,2020-10-01,,,data_before_corruption (corruption at 2024-07-01),bookValuePerShare|earningsYield|marketCap|price
stock_CUR6K@718712e8d985,KMCP.OL,2021-01-01,,,data_before_corruption (corruption at 2024-07-01),bookValuePerShare|earningsYield|marketCap|price
stock_CUR6K@718712e8d985,KMCP.OL,2021-04-01,,,data_before_corruption (corruption at 2024-07-01),bookValuePerShare|earningsYield|marketCap|price
stock_CUR6K@718712e8d985,KMCP.OL,2021-07-01,,,data_before_corruption (corruption at 2024-07-01),bookValuePerShare|earningsYield|marketCap|price
stock_CUR6K@718712e8d985,KMCP.OL,2021-10-01,,,data_before_corruption (corruption at 2024-07-01),bookValuePerShare|earningsYield|marketCap|price
stock_CUR6K@718712e8d985,KMCP.OL,2022-01-01,,,data_before_corruption (corruption at 2024-07-01),bookValuePerShare|earningsYield|marketCap|price
stock_CUR6K@718712e8d985,KMCP.OL,2022-04-01,,,data_before_corruption (corruption at 2024-07-01),bookValuePerShare|earningsYield|marketCap|price
stock_CUR6K@718712e8d985,KMCP.OL,2022-07-01,,,data_before_corruption (corruption at 2024-07-01),bookValuePerShare|earningsYield|marketCap|price
stock_CUR6K@718712e8d985,KMCP.OL,2022-10-01,,,data_before_corruption (corruption at 2024-07-01),bookValuePerShare|earningsYield|marketCap|price
stock_CUR6K@718712e8d985,KMCP.OL,2023-01-01,,,data_before_corruption (corruption at 2024-07-01),bookValuePerShare|earningsYield|marketCap|price
stock_CUR6K@718712e8d985,KMCP.OL,2023-04-01,,,data_before_corruption (corruption at 2024-07-01),bookValuePerShare|earningsYield|marketCap|price
stock_CUR6K@718712e8d985,KMCP.OL,2023-07-01,,,data_before_corruption (corruption at 2024-07-01),bookValuePerShare|earningsYield|marketCap|price
stock_CUR6K@718712e8d985,KMCP.OL,2023-10-01,,,data_before_corruption (corruption at 2024-07-01),bookValuePerShare|earningsYield|marketCap|price
stock_CUR6K@718712e8d985,KMCP.OL,2024-01-01,,,data_before_corruption (corruption at 2024-07-01),bookValuePerShare|earningsYield|marketCap|price
stock_CUR6K@718712e8d985,KMCP.OL,2024-04-01,,,data_before_corruption (corruption at 2024-07-01),bookValuePerShare|earningsYield|marketCap|price
stock_CUR6K@718712e8d985,KMCP.OL,2024-07-01,33.42,23210190.0,data_before_corruption (corruption at 2024-07-01),
stock_CUR6K@718712e8d985,KPRX,2013-01-01,32400.0,288036000.0,data_before_corruption (corruption at 2013-10-01),nan
stock_CUR6K@718712e8d985,KPRX,2013-10-01,32400.0,10789200.0,data_before_corruption (corruption at 2013-10-01),nan
stock_CUR6K@718712e8d985,KXIN,2017-04-01,3898193.21,506765117.3,data_before_corruption (corruption at 2023-04-01),nan
stock_CUR6K@718712e8d985,KXIN,2017-10-01,3906289.15,761726384.25,data_before_corruption (corruption at 2023-04-01),nan
stock_CUR6K@718712e8d985,KXIN,2018-04-01,4003440.3800000004,780670874.1,data_before_corruption (corruption at 2023-04-01),nan
stock_CUR6K@718712e8d985,KXIN,2019-04-01,858169.2200000001,145030598.18,data_before_corruption (corruption at 2023-04-01),nan
stock_CUR6K@718712e8d985,KXIN,2019-10-01,756970.02,221035245.84,data_before_corruption (corruption at 2023-04-01),nan
stock_CUR6K@718712e8d985,KXIN,2020-04-01,344077.28,62966142.24,data_before_corruption (corruption at 2023-04-01),nan
stock_CUR6K@718712e8d985,KXIN,2020-10-01,1509892.0799999998,276310250.64,data_before_corruption (corruption at 2023-04-01),nan
stock_CUR6K@718712e8d985,KXIN,2021-04-01,935080.62,171119753.46,data_before_corruption (corruption at 2023-04-01),nan
stock_CUR6K@718712e8d985,KXIN,2021-10-01,461468.3599999999,176280913.51999998,data_before_corruption (corruption at 2023-04-01),nan
stock_CUR6K@718712e8d985,KXIN,2022-04-01,412892.74,173827843.54,data_before_corruption (corruption at 2023-04-01),nan
stock_CUR6K@718712e8d985,KXIN,2022-10-01,118686.42,67295200.14,data_before_corruption (corruption at 2023-04-01),nan
stock_CUR6K@718712e8d985,KXIN,2023-04-01,125487.01000000001,71904056.73,data_before_corruption (corruption at 2023-04-01),nan
stock_CUR6K@718712e8d985,LBG.L,2016-10-01,,,data_before_corruption (corruption at 2017-10-01),bookValuePerShare|earningsYield|marketCap|price
stock_CUR6K@718712e8d985,LBG.L,2017-04-01,,,data_before_corruption (corruption at 2017-10-01),bookValuePerShare|earningsYield|marketCap|price
stock_CUR6K@718712e8d985,LBG.L,2017-10-01,,,data_before_corruption (corruption at 2017-10-01),bookValuePerShare|earningsYield|marketCap|price
stock_CUR6K@718712e8d985,LGCL,2015-10-01,117135.47499999999,5328024215.849999,data_before_corruption (corruption at 2025-04-01),nan
stock_CUR6K@718712e8d985,LGCL,2016-04-01,119958.495,5579269602.45,data_before_corruption (corruption at 2025-04-01),nan
stock_CUR6K@718712e8d985,LGCL,2017-01-01,124239.955,5834556766.71,data_before_corruption (corruption at 2025-04-01),nan
stock_CUR6K@718712e8d985,LGCL,2017-04-01,122364.56000000003,145124368.16000003,data_before_corruption (corruption at 2025-04-01),nan
stock_CUR6K@718712e8d985,LGCL,2017-10-01,117436.91,5374265312.33,data_before_corruption (corruption at 2025-04-01),nan
stock_CUR6K@718712e8d985,LGCL,2020-10-01,117776.25,1874173466.25,data_before_corruption (corruption at 2025-04-01),nan
stock_CUR6K@718712e8d985,LGCL,2021-04-01,116541.63,1854526958.19,data_before_corruption (corruption at 2025-04-01),nan
stock_CUR6K@718712e8d985,LGCL,2021-10-01,114655.405,1824511459.7649999,data_before_corruption (corruption at 2025-04-01),nan
stock_CUR6K@718712e8d985,LGCL,2022-04-01,120920.56,1887932703.28,data_before_corruption (corruption at 2025-04-01),nan
stock_CUR6K@718712e8d985,LGCL,2022-10-01,124494.45999999999,1943732003.9799998,data_before_corruption (corruption at 2025-04-01),nan
stock_CUR6K@718712e8d985,LGCL,2023-04-01,130882.355,2043466208.615,data_before_corruption (corruption at 2025-04-01),nan
stock_CUR6K@718712e8d985,LGCL,2023-10-01,128106.265,2000123115.445,data_before_corruption (corruption at 2025-04-01),nan
stock_CUR6K@718712e8d985,LGCL,2024-04-01,73046.415,1140473677.395,data_before_corruption (corruption at 2025-04-01),nan
stock_CUR6K@718712e8d985,LGCL,2024-10-01,21923.7705,342295828.8165,data_before_corruption (corruption at 2025-04-01),nan
stock_CUR6K@718712e8d985,LGCL,2025-04-01,38322.585,15482324.34,data_before_corruption (corruption at 2025-04-01),nan
stock_CUR6K@718712e8d985,MERC.L,2012-01-01,0.55,7334.8,data_before_corruption (corruption at 2023-07-01),nan
stock_CUR6K@718712e8d985,MERC.L,2013-01-01,0.55,7334.8,data_before_corruption (corruption at 2023-07-01),nan
stock_CUR6K@718712e8d985,MERC.L,2014-01-01,0.55,7102.700000000001,data_before_corruption (corruption at 2023-07-01),nan
stock_CUR6K@718712e8d985,MERC.L,2015-01-01,0.6,127200000.0,data_before_corruption (corruption at 2023-07-01),nan
stock_CUR6K@718712e8d985,MERC.L,2015-07-01,0.57,120839999.99999999,data_before_corruption (corruption at 2023-07-01),nan
stock_CUR6K@718712e8d985,MERC.L,2016-01-01,0.42,89123160.0,data_before_corruption (corruption at 2023-07-01),nan
stock_CUR6K@718712e8d985,MERC.L,2016-07-01,0.505,107891230.0,data_before_corruption (corruption at 2023-07-01),nan
stock_CUR6K@718712e8d985,MERC.L,2017-01-01,0.4325,101262955.0,data_before_corruption (corruption at 2023-07-01),nan
stock_CUR6K@718712e8d985,MERC.L,2017-07-01,0.325,97695650.0,data_before_corruption (corruption at 2023-07-01),nan
stock_CUR6K@718712e8d985,MERC.L,2018-01-01,0.39,117246480.0,data_before_corruption (corruption at 2023-07-01),nan
stock_CUR6K@718712e8d985,MERC.L,2018-07-01,0.355,107677195.975,data_before_corruption (corruption at 2023-07-01),nan
stock_CUR6K@718712e8d985,MERC.L,2019-01-01,0.345,105812534.99999999,data_before_corruption (corruption at 2023-07-01),nan
stock_CUR6K@718712e8d985,MERC.L,2019-07-01,0.31,94026100.0,data_before_corruption (corruption at 2023-07-01),nan
stock_CUR6K@718712e8d985,MERC.L,2020-01-01,0.1545,58631584.452,data_before_corruption (corruption at 2023-07-01),nan
stock_CUR6K@718712e8d985,MERC.L,2020-07-01,0.22,96824200.0,data_before_corruption (corruption at 2023-07-01),nan
stock_CUR6K@718712e8d985,MERC.L,2021-01-01,0.31,136434100.0,data_before_corruption (corruption at 2023-07-01),nan
stock_CUR6K@718712e8d985,MERC.L,2021-07-01,0.4275,190733400.0,data_before_corruption (corruption at 2023-07-01),nan
stock_CUR6K@718712e8d985,MERC.L,2022-01-01,0.3364999999999999,151392695.99999997,data_before_corruption (corruption at 2023-07-01),nan
stock_CUR6K@718712e8d985,MERC.L,2022-07-01,0.2375,105943849.89999999,data_before_corruption (corruption at 2023-07-01),nan
stock_CUR6K@718712e8d985,MERC.L,2023-01-01,0.264,116744985.456,data_before_corruption (corruption at 2023-07-01),nan
stock_CUR6K@718712e8d985,MERC.L,2023-07-01,0.243,109268999.838,data_before_corruption (corruption at 2023-07-01),nan
stock_CUR6K@718712e8d985,MTVA,2015-10-01,27.83,3868.37,data_before_corruption (corruption at 2019-01-01),
stock_CUR6K@718712e8d985,MTVA,2016-01-01,27.83,3868.37,data_before_corruption (corruption at 2019-01-01),
stock_CUR6K@718712e8d985,MTVA,2016-04-01,27.83,3868.37,data_before_corruption (corruption at 2019-01-01),
stock_CUR6K@718712e8d985,MTVA,2016-07-01,,,data_before_corruption (corruption at 2019-01-01),bookValuePerShare|earningsYield|marketCap|price
stock_CUR6K@718712e8d985,MTVA,2016-10-01,,,data_before_corruption (corruption at 2019-01-01),bookValuePerShare|earningsYield|marketCap|price
stock_CUR6K@718712e8d985,MTVA,2017-01-01,,,data_before_corruption (corruption at 2019-01-01),bookValuePerShare|earningsYield|marketCap|price
stock_CUR6K@718712e8d985,MTVA,2017-04-01,,,data_before_corruption (corruption at 2019-01-01),bookValuePerShare|earningsYield|marketCap|price
stock_CUR6K@718712e8d985,MTVA,2017-07-01,,,data_before_corruption (corruption at 2019-01-01),bookValuePerShare|earningsYield|marketCap|price
stock_CUR6K@718712e8d985,MTVA,2017-10-01,,,data_before_corruption (corruption at 2019-01-01),bookValuePerShare|earningsYield|marketCap|price
stock_CUR6K@718712e8d985,MTVA,2018-01-01,,,data_before_corruption (corruption at 2019-01-01),bookValuePerShare|earningsYield|marketCap|price
stock_CUR6K@718712e8d985,MTVA,2018-04-01,,,data_before_corruption (corruption at 2019-01-01),bookValuePerShare|earningsYield|marketCap|price
stock_CUR6K@718712e8d985,MTVA,2018-07-01,,,data_before_corruption (corruption at 2019-01-01),bookValuePerShare|earningsYield|marketCap|price
stock_CUR6K@718712e8d985,MTVA,2018-10-01,27.83,6011.28,data_before_corruption (corruption at 2019-01-01),
stock_CUR6K@718712e8d985,MTVA,2019-01-01,,,data_before_corruption (corruption at 2019-01-01),bookValuePerShare|earningsYield|marketCap|price
stock_CUR6K@718712e8d985,MYSZ,2007-04-01,,0.0,data_before_corruption (corruption at 2017-07-01),nan
stock_CUR6K@718712e8d985,MYSZ,2007-07-01,124797.6,124797600.0,data_before_corruption (corruption at 2017-07-01),nan
stock_CUR6K@718712e8d985,MYSZ,2007-10-01,124797.6,124797600.0,data_before_corruption (corruption at 2017-07-01),nan
stock_CUR6K@718712e8d985,MYSZ,2008-01-01,124797.6,124797600.0,data_before_corruption (corruption at 2017-07-01),nan
stock_CUR6K@718712e8d985,MYSZ,2008-04-01,124797.6,124797600.0,data_before_corruption (corruption at 2017-07-01),nan
stock_CUR6K@718712e8d985,MYSZ,2008-07-01,124797.59999999999,86484736.8,data_before_corruption (corruption at 2017-07-01),nan
stock_CUR6K@718712e8d985,MYSZ,2008-10-01,124797.6,63646776.0,data_before_corruption (corruption at 2017-07-01),nan
stock_CUR6K@718712e8d985,MYSZ,2009-01-01,124797.60000000002,26457091.200000003,data_before_corruption (corruption at 2017-07-01),nan
stock_CUR6K@718712e8d985,MYSZ,2009-04-01,124797.6,31573792.8,data_before_corruption (corruption at 2017-07-01),nan
stock_CUR6K@718712e8d985,MYSZ,2009-07-01,124797.6,3959578252.8,data_before_corruption (corruption at 2017-07-01),nan
stock_CUR6K@718712e8d985,MYSZ,2009-10-01,124797.6,33820149.6,data_before_corruption (corruption at 2017-07-01),nan
stock_CUR6K@718712e8d985,MYSZ,2010-01-01,124797.6,31698590.400000002,data_before_corruption (corruption at 2017-07-01),nan
stock_CUR6K@718712e8d985,MYSZ,2010-04-01,124797.6,3959578252.8,data_before_corruption (corruption at 2017-07-01),nan
stock_CUR6K@718712e8d985,MYSZ,2010-07-01,124797.6,4243118.4,data_before_corruption (corruption at 2017-07-01),nan
stock_CUR6K@718712e8d985,MYSZ,2010-10-01,124797.60000000002,42181588.800000004,data_before_corruption (corruption at 2017-07-01),nan
stock_CUR6K@718712e8d985,MYSZ,2011-01-01,124797.6,45051933.6,data_before_corruption (corruption at 2017-07-01),nan
stock_CUR6K@718712e8d985,MYSZ,2011-04-01,124797.6,60526836.0,data_before_corruption (corruption at 2017-07-01),nan
stock_CUR6K@718712e8d985,MYSZ,2011-07-01,124797.6,60526836.0,data_before_corruption (corruption at 2017-07-01),nan
stock_CUR6K@718712e8d985,MYSZ,2011-10-01,124797.6,52040599.2,data_before_corruption (corruption at 2017-07-01),nan
stock_CUR6K@718712e8d985,MYSZ,2012-01-01,124797.6,120055291.2,data_before_corruption (corruption at 2017-07-01),nan
stock_CUR6K@718712e8d985,MYSZ,2012-04-01,124797.6,124048814.4,data_before_corruption (corruption at 2017-07-01),nan
stock_CUR6K@718712e8d985,MYSZ,2012-07-01,,0.0,data_before_corruption (corruption at 2017-07-01),nan
stock_CUR6K@718712e8d985,MYSZ,2012-10-01,,0.0,data_before_corruption (corruption at 2017-07-01),nan
stock_CUR6K@718712e8d985,MYSZ,2013-01-01,,0.0,data_before_corruption (corruption at 2017-07-01),nan
stock_CUR6K@718712e8d985,MYSZ,2013-04-01,,0.0,data_before_corruption (corruption at 2017-07-01),nan
stock_CUR6K@718712e8d985,MYSZ,2013-07-01,,0.0,data_before_corruption (corruption at 2017-07-01),nan
stock_CUR6K@718712e8d985,MYSZ,2013-10-01,,0.0,data_before_corruption (corruption at 2017-07-01),nan
stock_CUR6K@718712e8d985,MYSZ,2014-01-01,,0.0,data_before_corruption (corruption at 2017-07-01),nan
stock_CUR6K@718712e8d985,MYSZ,2014-04-01,124797.6,65144347.2,data_before_corruption (corruption at 2017-07-01),nan
stock_CUR6K@718712e8d985,MYSZ,2014-07-01,124797.6,62523597.6,data_before_corruption (corruption at 2017-07-01),nan
stock_CUR6K@718712e8d985,MYSZ,2014-10-01,,0.0,data_before_corruption (corruption at 2017-07-01),nan
stock_CUR6K@718712e8d985,MYSZ,2015-01-01,124797.59999999999,79620868.8,data_before_corruption (corruption at 2017-07-01),nan
stock_CUR6K@718712e8d985,MYSZ,2015-04-01,124797.59999999999,79620868.8,data_before_corruption (corruption at 2017-07-01),nan
stock_CUR6K@718712e8d985,MYSZ,2015-07-01,124797.59999999999,79620868.8,data_before_corruption (corruption at 2017-07-01),nan
stock_CUR6K@718712e8d985,MYSZ,2015-10-01,124797.59999999999,79620868.8,data_before_corruption (corruption at 2017-07-01),nan
stock_CUR6K@718712e8d985,MYSZ,2016-01-01,124797.59999999999,79620868.8,data_before_corruption (corruption at 2017-07-01),nan
stock_CUR6K@718712e8d985,MYSZ,2016-04-01,124797.59999999999,79620868.8,data_before_corruption (corruption at 2017-07-01),nan
stock_CUR6K@718712e8d985,MYSZ,2016-07-01,126000.0,91350000.0,data_before_corruption (corruption at 2017-07-01),nan
stock_CUR6K@718712e8d985,MYSZ,2016-10-01,,0.0,data_before_corruption (corruption at 2017-07-01),nan
stock_CUR6K@718712e8d985,MYSZ,2017-01-01,63120.0,46077600.0,data_before_corruption (corruption at 2017-07-01),nan
stock_CUR6K@718712e8d985,MYSZ,2017-04-01,28353.6,20811542.4,data_before_corruption (corruption at 2017-07-01),nan
stock_CUR6K@718712e8d985,MYSZ,2017-07-01,17304.0,12701136.0,data_before_corruption (corruption at 2017-07-01),nan
stock_CUR6K@718712e8d985,NEDSE.AS,2002-10-01,,23151600.0,data_before_corruption (corruption at 2019-10-01),nan
stock_CUR6K@718712e8d985,NEDSE.AS,2003-10-01,,47480400.0,data_before_corruption (corruption at 2019-10-01),nan
stock_CUR6K@718712e8d985,NEDSE.AS,2004-10-01,,47044000.0,data_before_corruption (corruption at 2019-10-01),nan
stock_CUR6K@718712e8d985,NEDSE.AS,2005-10-01,,37981880.0,data_before_corruption (corruption at 2019-10-01),nan
stock_CUR6K@718712e8d985,NEDSE.AS,2006-10-01,,22487180.0,data_before_corruption (corruption at 2019-10-01),nan
stock_CUR6K@718712e8d985,NEDSE.AS,2007-10-01,,19467700.0,data_before_corruption (corruption at 2019-10-01),nan
stock_CUR6K@718712e8d985,NEDSE.AS,2008-10-01,,4699510.0,data_before_corruption (corruption at 2019-10-01),nan
stock_CUR6K@718712e8d985,NEDSE.AS,2009-10-01,0.599,9667261.0,data_before_corruption (corruption at 2019-10-01),nan
stock_CUR6K@718712e8d985,NEDSE.AS,2010-04-01,0.42,10583580.0,data_before_corruption (corruption at 2019-10-01),nan
stock_CUR6K@718712e8d985,NEDSE.AS,2010-10-01,0.49,12347510.0,data_before_corruption (corruption at 2019-10-01),nan
stock_CUR6K@718712e8d985,NEDSE.AS,2011-04-01,0.405,12915045.0,data_before_corruption (corruption at 2019-10-01),nan
stock_CUR6K@718712e8d985,NEDSE.AS,2011-10-01,0.37,11798930.0,data_before_corruption (corruption at 2019-10-01),nan
stock_CUR6K@718712e8d985,NEDSE.AS,2012-04-01,0.33,13913790.0,data_before_corruption (corruption at 2019-10-01),nan
stock_CUR6K@718712e8d985,NEDSE.AS,2012-10-01,0.299,12606737.0,data_before_corruption (corruption at 2019-10-01),nan
stock_CUR6K@718712e8d985,NEDSE.AS,2013-04-01,0.28,8031240.000000001,data_before_corruption (corruption at 2019-10-01),nan
stock_CUR6K@718712e8d985,NEDSE.AS,2013-10-01,0.25,7170750.0,data_before_corruption (corruption at 2019-10-01),nan
stock_CUR6K@718712e8d985,NEDSE.AS,2014-04-01,0.29,8274569.999999999,data_before_corruption (corruption at 2019-10-01),nan
stock_CUR6K@718712e8d985,NEDSE.AS,2014-10-01,0.16,4589280.0,data_before_corruption (corruption at 2019-10-01),nan
stock_CUR6K@718712e8d985,NEDSE.AS,2015-04-01,0.16,5066720.0,data_before_corruption (corruption at 2019-10-01),nan
stock_CUR6K@718712e8d985,NEDSE.AS,2015-10-01,0.07,2065140.0000000002,data_before_corruption (corruption at 2019-10-01),nan
stock_CUR6K@718712e8d985,NEDSE.AS,2016-04-01,0.08,2399280.0,data_before_corruption (corruption at 2019-10-01),nan
stock_CUR6K@718712e8d985,NEDSE.AS,2016-10-01,0.09,2685060.0,data_before_corruption (corruption at 2019-10-01),nan
stock_CUR6K@718712e8d985,NEDSE.AS,2017-04-01,0.13,3888690.0,data_before_corruption (corruption at 2019-10-01),nan
stock_CUR6K@718712e8d985,NEDSE.AS,2017-10-01,0.274,8196043.358000001,data_before_corruption (corruption at 2019-10-01),nan
stock_CUR6K@718712e8d985,NEDSE.AS,2018-04-01,0.15,5085000.0,data_before_corruption (corruption at 2019-10-01),nan
stock_CUR6K@718712e8d985,NEDSE.AS,2018-10-01,0.153,5116932.0,data_before_corruption (corruption at 2019-10-01),nan
stock_CUR6K@718712e8d985,NEDSE.AS,2019-04-01,0.18,6102000.0,data_before_corruption (corruption at 2019-10-01),nan
stock_CUR6K@718712e8d985,NEDSE.AS,2019-10-01,0.151,6310103.967999999,data_before_corruption (corruption at 2019-10-01),nan
stock_CUR6K@718712e8d985,NGG,1993-01-01,,0.0,data_before_corruption (corruption at 2016-01-01),nan
stock_CUR6K@718712e8d985,NGG,1994-01-01,,0.0,data_before_corruption (corruption at 2016-01-01),nan
stock_CUR6K@718712e8d985,NGG,1995-01-01,,0.0,data_before_corruption (corruption at 2016-01-01),nan
stock_CUR6K@718712e8d985,NGG,1996-01-01,,0.0,data_before_corruption (corruption at 2016-01-01),nan
stock_CUR6K@718712e8d985,NGG,1997-01-01,,0.0,data_before_corruption (corruption at 2016-01-01),nan
stock_CUR6K@718712e8d985,NGG,1998-01-01,,0.0,data_before_corruption (corruption at 2016-01-01),nan
stock_CUR6K@718712e8d985,NGG,1999-01-01,,0.0,data_before_corruption (corruption at 2016-01-01),nan
stock_CUR6K@718712e8d985,NGG,1999-07-01,,0.0,data_before_corruption (corruption at 2016-01-01),nan
stock_CUR6K@718712e8d985,NGG,2000-01-01,,0.0,data_before_corruption (corruption at 2016-01-01),nan
stock_CUR6K@718712e8d985,NGG,2000-07-01,,0.0,data_before_corruption (corruption at 2016-01-01),nan
stock_CUR6K@718712e8d985,NGG,2001-01-01,,0.0,data_before_corruption (corruption at 2016-01-01),nan
stock_CUR6K@718712e8d985,NGG,2001-07-01,21.599,6385731520.194,data_before_corruption (corruption at 2016-01-01),nan
stock_CUR6K@718712e8d985,NGG,2002-01-01,,0.0,data_before_corruption (corruption at 2016-01-01),nan
stock_CUR6K@718712e8d985,NGG,2002-07-01,21.599000039219682,9515972854.5842,data_before_corruption (corruption at 2016-01-01),nan
stock_CUR6K@718712e8d985,NGG,2003-01-01,,0.0,data_before_corruption (corruption at 2016-01-01),nan
stock_CUR6K@718712e8d985,NGG,2003-07-01,21.628737207500677,12064267632.032,data_before_corruption (corruption at 2016-01-01),nan
stock_CUR6K@718712e8d985,NGG,2004-01-01,,0.0,data_before_corruption (corruption at 2016-01-01),nan
stock_CUR6K@718712e8d985,NGG,2004-07-01,21.599000007711307,12099548998.0798,data_before_corruption (corruption at 2016-01-01),nan
stock_CUR6K@718712e8d985,NGG,2005-01-01,,0.0,data_before_corruption (corruption at 2016-01-01),nan
stock_CUR6K@718712e8d985,NGG,2005-07-01,21.651500007085385,13232514115.978298,data_before_corruption (corruption at 2016-01-01),nan
stock_CUR6K@718712e8d985,NGG,2006-01-01,23.32149999205902,13698371512.474699,data_before_corruption (corruption at 2016-01-01),nan
stock_CUR6K@718712e8d985,NGG,2006-07-01,27.19149998067286,15302366487.153902,data_before_corruption (corruption at 2016-01-01),nan
stock_CUR6K@718712e8d985,NGG,2007-01-01,32.32949998665681,15666371256.3456,data_before_corruption (corruption at 2016-01-01),nan
stock_CUR6K@718712e8d985,NGG,2007-07-01,32.05950001164176,17657320605.9789,data_before_corruption (corruption at 2016-01-01),nan
stock_CUR6K@718712e8d985,NGG,2008-01-01,28.16950001113213,14256404177.8849,data_before_corruption (corruption at 2016-01-01),nan
stock_CUR6K@718712e8d985,NGG,2008-07-01,,0.0,data_before_corruption (corruption at 2016-01-01),nan
stock_CUR6K@718712e8d985,NGG,2009-01-01,,0.0,data_before_corruption (corruption at 2016-01-01),nan
stock_CUR6K@718712e8d985,NGG,2009-07-01,,0.0,data_before_corruption (corruption at 2016-01-01),nan
stock_CUR6K@718712e8d985,NGG,2010-01-01,,0.0,data_before_corruption (corruption at 2016-01-01),nan
stock_CUR6K@718712e8d985,NGG,2010-07-01,,0.0,data_before_corruption (corruption at 2016-01-01),nan
stock_CUR6K@718712e8d985,NGG,2011-01-01,,0.0,data_before_corruption (corruption at 2016-01-01),nan
stock_CUR6K@718712e8d985,NGG,2011-07-01,,0.0,data_before_corruption (corruption at 2016-01-01),nan
stock_CUR6K@718712e8d985,NGG,2012-01-01,0.0,0.0,data_before_corruption (corruption at 2016-01-01),nan
stock_CUR6K@718712e8d985,NGG,2012-07-01,0.0,0.0,data_before_corruption (corruption at 2016-01-01),nan
stock_CUR6K@718712e8d985,NGG,2013-01-01,35.66282415387943,24527914397.204002,data_before_corruption (corruption at 2016-01-01),nan
stock_CUR6K@718712e8d985,NGG,2013-07-01,33.601331329150725,23282650945.398,data_before_corruption (corruption at 2016-01-01),nan
stock_CUR6K@718712e8d985,NGG,2014-01-01,37.52860168198876,26210197321.322697,data_before_corruption (corruption at 2016-01-01),nan
stock_CUR6K@718712e8d985,NGG,2014-07-01,40.816018873725966,28547196249.782497,data_before_corruption (corruption at 2016-01-01),nan
stock_CUR6K@718712e8d985,NGG,2015-01-01,39.738,27749505883.944,data_before_corruption (corruption at 2016-01-01),nan
stock_CUR6K@718712e8d985,NGG,2015-07-01,42.37263778472722,29367908556.936703,data_before_corruption (corruption at 2016-01-01),nan
stock_CUR6K@718712e8d985,NGG,2016-01-01,0.0,0.0,data_before_corruption (corruption at 2016-01-01),nan
stock_CUR6K@718712e8d985,NNGF.DE,1993-01-01,,0.0,data_before_corruption (corruption at 2016-01-01),nan
stock_CUR6K@718712e8d985,NNGF.DE,1994-01-01,,0.0,data_before_corruption (corruption at 2016-01-01),nan
stock_CUR6K@718712e8d985,NNGF.DE,1995-01-01,,0.0,data_before_corruption (corruption at 2016-01-01),nan
stock_CUR6K@718712e8d985,NNGF.DE,1996-01-01,,0.0,data_before_corruption (corruption at 2016-01-01),nan
stock_CUR6K@718712e8d985,NNGF.DE,1997-01-01,,0.0,data_before_corruption (corruption at 2016-01-01),nan
stock_CUR6K@718712e8d985,NNGF.DE,1998-01-01,,0.0,data_before_corruption (corruption at 2016-01-01),nan
stock_CUR6K@718712e8d985,NNGF.DE,1999-01-01,,0.0,data_before_corruption (corruption at 2016-01-01),nan
stock_CUR6K@718712e8d985,NNGF.DE,1999-07-01,,0.0,data_before_corruption (corruption at 2016-01-01),nan
stock_CUR6K@718712e8d985,NNGF.DE,2000-01-01,,0.0,data_before_corruption (corruption at 2016-01-01),nan
stock_CUR6K@718712e8d985,NNGF.DE,2000-07-01,,0.0,data_before_corruption (corruption at 2016-01-01),nan
stock_CUR6K@718712e8d985,NNGF.DE,2001-01-01,,0.0,data_before_corruption (corruption at 2016-01-01),nan
stock_CUR6K@718712e8d985,NNGF.DE,2001-07-01,4.3198,6385731520.194,data_before_corruption (corruption at 2016-01-01),nan
stock_CUR6K@718712e8d985,NNGF.DE,2002-01-01,,0.0,data_before_corruption (corruption at 2016-01-01),nan
stock_CUR6K@718712e8d985,NNGF.DE,2002-07-01,3.4114896897061846,9515972854.5842,data_before_corruption (corruption at 2016-01-01),nan
stock_CUR6K@718712e8d985,NNGF.DE,2003-01-01,,0.0,data_before_corruption (corruption at 2016-01-01),nan
stock_CUR6K@718712e8d985,NNGF.DE,2003-07-01,4.325747441500135,12064267632.032,data_before_corruption (corruption at 2016-01-01),nan
stock_CUR6K@718712e8d985,NNGF.DE,2004-01-01,,0.0,data_before_corruption (corruption at 2016-01-01),nan
stock_CUR6K@718712e8d985,NNGF.DE,2004-07-01,4.137303071806539,12099548998.0798,data_before_corruption (corruption at 2016-01-01),nan
stock_CUR6K@718712e8d985,NNGF.DE,2005-01-01,,0.0,data_before_corruption (corruption at 2016-01-01),nan
stock_CUR6K@718712e8d985,NNGF.DE,2005-07-01,4.3303000014170765,13232514115.978298,data_before_corruption (corruption at 2016-01-01),nan
stock_CUR6K@718712e8d985,NNGF.DE,2006-01-01,4.664299998411804,13698371512.474699,data_before_corruption (corruption at 2016-01-01),nan
stock_CUR6K@718712e8d985,NNGF.DE,2006-07-01,5.438299996134572,15302366487.153902,data_before_corruption (corruption at 2016-01-01),nan
stock_CUR6K@718712e8d985,NNGF.DE,2007-01-01,6.465899997331363,15666371256.3456,data_before_corruption (corruption at 2016-01-01),nan
stock_CUR6K@718712e8d985,NNGF.DE,2007-07-01,6.411900002328353,17657320605.9789,data_before_corruption (corruption at 2016-01-01),nan
stock_CUR6K@718712e8d985,NNGF.DE,2008-01-01,5.633900002226426,14256404177.8849,data_before_corruption (corruption at 2016-01-01),nan
stock_CUR6K@718712e8d985,NNGF.DE,2008-07-01,,0.0,data_before_corruption (corruption at 2016-01-01),nan
stock_CUR6K@718712e8d985,NNGF.DE,2009-01-01,,0.0,data_before_corruption (corruption at 2016-01-01),nan
stock_CUR6K@718712e8d985,NNGF.DE,2009-07-01,,0.0,data_before_corruption (corruption at 2016-01-01),nan
stock_CUR6K@718712e8d985,NNGF.DE,2010-01-01,,0.0,data_before_corruption (corruption at 2016-01-01),nan
stock_CUR6K@718712e8d985,NNGF.DE,2010-07-01,,0.0,data_before_corruption (corruption at 2016-01-01),nan
stock_CUR6K@718712e8d985,NNGF.DE,2011-01-01,,0.0,data_before_corruption (corruption at 2016-01-01),nan
stock_CUR6K@718712e8d985,NNGF.DE,2011-07-01,,0.0,data_before_corruption (corruption at 2016-01-01),nan
stock_CUR6K@718712e8d985,NNGF.DE,2012-01-01,0.0,0.0,data_before_corruption (corruption at 2016-01-01),nan
stock_CUR6K@718712e8d985,NNGF.DE,2012-07-01,0.0,0.0,data_before_corruption (corruption at 2016-01-01),nan
stock_CUR6K@718712e8d985,NNGF.DE,2013-01-01,7.132564830775886,24527914397.204002,data_before_corruption (corruption at 2016-01-01),nan
stock_CUR6K@718712e8d985,NNGF.DE,2013-07-01,6.720266265830145,23282650945.398,data_before_corruption (corruption at 2016-01-01),nan
stock_CUR6K@718712e8d985,NNGF.DE,2014-01-01,7.5057203363977525,26210197321.322697,data_before_corruption (corruption at 2016-01-01),nan
stock_CUR6K@718712e8d985,NNGF.DE,2014-07-01,8.163203774745194,28547196249.782497,data_before_corruption (corruption at 2016-01-01),nan
stock_CUR6K@718712e8d985,NNGF.DE,2015-01-01,7.959062170058355,27749505883.944,data_before_corruption (corruption at 2016-01-01),nan
stock_CUR6K@718712e8d985,NNGF.DE,2015-07-01,8.474527556945445,29367908556.936703,data_before_corruption (corruption at 2016-01-01),nan
stock_CUR6K@718712e8d985,NNGF.DE,2016-01-01,0.0,0.0,data_before_corruption (corruption at 2016-01-01),nan
stock_CUR6K@718712e8d985,OBAB.ST,2008-10-01,125.48,14921454.200000001,data_before_corruption (corruption at 2026-04-01),nan
stock_CUR6K@718712e8d985,OBAB.ST,2009-01-01,126.68,15064152.200000001,data_before_corruption (corruption at 2026-04-01),nan
stock_CUR6K@718712e8d985,OBAB.ST,2009-04-01,137.54,16355569.1,data_before_corruption (corruption at 2026-04-01),nan
stock_CUR6K@718712e8d985,OBAB.ST,2009-07-01,139.95,16642154.249999998,data_before_corruption (corruption at 2026-04-01),nan
stock_CUR6K@718712e8d985,OBAB.ST,2009-10-01,139.95,16642154.249999998,data_before_corruption (corruption at 2026-04-01),nan
stock_CUR6K@718712e8d985,OBAB.ST,2010-01-01,139.95,16642154.249999998,data_before_corruption (corruption at 2026-04-01),nan
stock_CUR6K@718712e8d985,OBAB.ST,2010-04-01,139.95,16642154.249999998,data_before_corruption (corruption at 2026-04-01),nan
stock_CUR6K@718712e8d985,OBAB.ST,2010-07-01,139.95,16642154.249999998,data_before_corruption (corruption at 2026-04-01),nan
stock_CUR6K@718712e8d985,OBAB.ST,2010-10-01,154.43,18364043.45,data_before_corruption (corruption at 2026-04-01),nan
stock_CUR6K@718712e8d985,OBAB.ST,2011-01-01,179.77,21377349.55,data_before_corruption (corruption at 2026-04-01),nan
stock_CUR6K@718712e8d985,OBAB.ST,2011-04-01,126.68,15064152.200000001,data_before_corruption (corruption at 2026-04-01),nan
stock_CUR6K@718712e8d985,OBAB.ST,2011-07-01,104.97000000000001,12482507.55,data_before_corruption (corruption at 2026-04-01),nan
stock_CUR6K@718712e8d985,OBAB.ST,2011-10-01,125.48,14921454.200000001,data_before_corruption (corruption at 2026-04-01),nan
stock_CUR6K@718712e8d985,OBAB.ST,2012-01-01,120.65,14347094.75,data_before_corruption (corruption at 2026-04-01),nan
stock_CUR6K@718712e8d985,OBAB.ST,2012-04-01,77.22000000000001,9182616.3,data_before_corruption (corruption at 2026-04-01),nan
stock_CUR6K@718712e8d985,OBAB.ST,2012-07-01,74.8,8894842.0,data_before_corruption (corruption at 2026-04-01),nan
stock_CUR6K@718712e8d985,OBAB.ST,2012-10-01,72.39,8608256.85,data_before_corruption (corruption at 2026-04-01),nan
stock_CUR6K@718712e8d985,OBAB.ST,2013-01-01,65.15,7747312.250000001,data_before_corruption (corruption at 2026-04-01),nan
stock_CUR6K@718712e8d985,OBAB.ST,2013-04-01,61.53,7316839.95,data_before_corruption (corruption at 2026-04-01),nan
stock_CUR6K@718712e8d985,OBAB.ST,2013-07-01,60.33,7174141.95,data_before_corruption (corruption at 2026-04-01),nan
stock_CUR6K@718712e8d985,OBAB.ST,2013-10-01,34.99,4160835.85,data_before_corruption (corruption at 2026-04-01),nan
stock_CUR6K@718712e8d985,OBAB.ST,2014-01-01,36.2,4304723.0,data_before_corruption (corruption at 2026-04-01),nan
stock_CUR6K@718712e8d985,OBAB.ST,2014-04-01,35.6,4233374.0,data_before_corruption (corruption at 2026-04-01),nan
stock_CUR6K@718712e8d985,OBAB.ST,2014-07-01,15.64,1859830.6,data_before_corruption (corruption at 2026-04-01),nan
stock_CUR6K@718712e8d985,OBAB.ST,2014-10-01,15.59,3012580.42,data_before_corruption (corruption at 2026-04-01),nan
stock_CUR6K@718712e8d985,OBAB.ST,2015-01-01,13.510000000000002,4475390.15,data_before_corruption (corruption at 2026-04-01),nan
stock_CUR6K@718712e8d985,OBAB.ST,2015-04-01,9.87,3269585.55,data_before_corruption (corruption at 2026-04-01),nan
stock_CUR6K@718712e8d985,OBAB.ST,2015-07-01,17.1,5664631.500000001,data_before_corruption (corruption at 2026-04-01),nan
stock_CUR6K@718712e8d985,OBAB.ST,2015-10-01,24.89,8245185.850000001,data_before_corruption (corruption at 2026-04-01),nan
stock_CUR6K@718712e8d985,OBAB.ST,2016-01-01,15.7,6608977.8,data_before_corruption (corruption at 2026-04-01),nan
stock_CUR6K@718712e8d985,OBAB.ST,2016-04-01,20.17,6681615.050000001,data_before_corruption (corruption at 2026-04-01),nan
stock_CUR6K@718712e8d985,OBAB.ST,2016-07-01,40.02,13257225.3,data_before_corruption (corruption at 2026-04-01),nan
stock_CUR6K@718712e8d985,OBAB.ST,2016-10-01,31.439999999999998,10414971.6,data_before_corruption (corruption at 2026-04-01),nan
stock_CUR6K@718712e8d985,OBAB.ST,2017-01-01,36.9,15313389.299999999,data_before_corruption (corruption at 2026-04-01),nan
stock_CUR6K@718712e8d985,OBAB.ST,2017-04-01,33.78,14072545.32,data_before_corruption (corruption at 2026-04-01),nan
stock_CUR6K@718712e8d985,OBAB.ST,2017-07-01,34.82,14561445.44,data_before_corruption (corruption at 2026-04-01),nan
stock_CUR6K@718712e8d985,OBAB.ST,2017-10-01,29.0,12301626.0,data_before_corruption (corruption at 2026-04-01),nan
stock_CUR6K@718712e8d985,OBAB.ST,2018-01-01,19.35,8061093.9,data_before_corruption (corruption at 2026-04-01),nan
stock_CUR6K@718712e8d985,OBAB.ST,2018-04-01,19.87,9851247.950000001,data_before_corruption (corruption at 2026-04-01),nan
stock_CUR6K@718712e8d985,OBAB.ST,2018-07-01,16.82,9644234.78,data_before_corruption (corruption at 2026-04-01),nan
stock_CUR6K@718712e8d985,OBAB.ST,2018-10-01,14.5,8313995.5,data_before_corruption (corruption at 2026-04-01),nan
stock_CUR6K@718712e8d985,OBAB.ST,2019-01-01,12.76,9564398.36,data_before_corruption (corruption at 2026-04-01),nan
stock_CUR6K@718712e8d985,OBAB.ST,2019-04-01,9.54,7150811.9399999995,data_before_corruption (corruption at 2026-04-01),nan
stock_CUR6K@718712e8d985,OBAB.ST,2019-07-01,8.8,6596136.800000001,data_before_corruption (corruption at 2026-04-01),nan
stock_CUR6K@718712e8d985,OBAB.ST,2019-10-01,8.01,6003983.609999999,data_before_corruption (corruption at 2026-04-01),nan
stock_CUR6K@718712e8d985,OBAB.ST,2020-01-01,4.77,3575405.9699999997,data_before_corruption (corruption at 2026-04-01),nan
stock_CUR6K@718712e8d985,OBAB.ST,2020-04-01,4.96,3717822.56,data_before_corruption (corruption at 2026-04-01),nan
stock_CUR6K@718712e8d985,OBAB.ST,2020-07-01,5.54,4152567.94,data_before_corruption (corruption at 2026-04-01),nan
stock_CUR6K@718712e8d985,OBAB.ST,2020-10-01,4.3,3223112.3,data_before_corruption (corruption at 2026-04-01),nan
stock_CUR6K@718712e8d985,OBAB.ST,2021-01-01,36.8,26588662.4,data_before_corruption (corruption at 2026-04-01),nan
stock_CUR6K@718712e8d985,OBAB.ST,2021-04-01,28.6,38983973.6,data_before_corruption (corruption at 2026-04-01),nan
stock_CUR6K@718712e8d985,OBAB.ST,2021-07-01,28.399999999999995,47606181.599999994,data_before_corruption (corruption at 2026-04-01),nan
stock_CUR6K@718712e8d985,OBAB.ST,2021-10-01,33.0,304243830.0,data_before_corruption (corruption at 2026-04-01),nan
stock_CUR6K@718712e8d985,OBAB.ST,2022-01-01,35.0,696222520.0,data_before_corruption (corruption at 2026-04-01),nan
stock_CUR6K@718712e8d985,OBAB.ST,2022-04-01,25.69,532033888.54,data_before_corruption (corruption at 2026-04-01),nan
stock_CUR6K@718712e8d985,OBAB.ST,2022-07-01,25.75,540959218.75,data_before_corruption (corruption at 2026-04-01),nan
stock_CUR6K@718712e8d985,OBAB.ST,2022-10-01,28.9,607134812.5,data_before_corruption (corruption at 2026-04-01),nan
stock_CUR6K@718712e8d985,OBAB.ST,2023-01-01,16.65,349785281.24999994,data_before_corruption (corruption at 2026-04-01),nan
stock_CUR6K@718712e8d985,OBAB.ST,2023-04-01,13.150000000000002,296793409.15000004,data_before_corruption (corruption at 2026-04-01),nan
stock_CUR6K@718712e8d985,OBAB.ST,2023-07-01,11.900000000000002,268581107.90000004,data_before_corruption (corruption at 2026-04-01),nan
stock_CUR6K@718712e8d985,OBAB.ST,2023-10-01,11.0,248268251.0,data_before_corruption (corruption at 2026-04-01),nan
stock_CUR6K@718712e8d985,OBAB.ST,2024-01-01,17.5,394972217.5,data_before_corruption (corruption at 2026-04-01),nan
stock_CUR6K@718712e8d985,OBAB.ST,2024-04-01,14.45,326134202.45,data_before_corruption (corruption at 2026-04-01),nan
stock_CUR6K@718712e8d985,OBAB.ST,2024-07-01,12.400000000000002,279866028.40000004,data_before_corruption (corruption at 2026-04-01),nan
stock_CUR6K@718712e8d985,OBAB.ST,2024-10-01,16.15,364635071.45,data_before_corruption (corruption at 2026-04-01),nan
stock_CUR6K@718712e8d985,OBAB.ST,2025-01-01,14.35,332448028.5,data_before_corruption (corruption at 2026-04-01),nan
stock_CUR6K@718712e8d985,OBAB.ST,2025-04-01,12.65,294781583.8,data_before_corruption (corruption at 2026-04-01),nan
stock_CUR6K@718712e8d985,OBAB.ST,2025-07-01,13.95,358588098.0,data_before_corruption (corruption at 2026-04-01),nan
stock_CUR6K@718712e8d985,OBAB.ST,2025-10-01,17.6,352000000.0,data_before_corruption (corruption at 2026-04-01),nan
stock_CUR6K@718712e8d985,OBAB.ST,2026-01-01,11.7,300751308.0,data_before_corruption (corruption at 2026-04-01),nan
stock_CUR6K@718712e8d985,OBAB.ST,2026-04-01,0.0,0.0,data_before_corruption (corruption at 2026-04-01),nan
stock_CUR6K@718712e8d985,OLOX,2006-07-01,590272.0,9822107191.296,data_before_corruption (corruption at 2020-01-01),nan
stock_CUR6K@718712e8d985,OLOX,2006-10-01,590272.0,491096859.648,data_before_corruption (corruption at 2020-01-01),nan
stock_CUR6K@718712e8d985,OLOX,2007-01-01,590272.0,9822107191.296,data_before_corruption (corruption at 2020-01-01),nan
stock_CUR6K@718712e8d985,OLOX,2007-04-01,590272.0,9822107191.296,data_before_corruption (corruption at 2020-01-01),nan
stock_CUR6K@718712e8d985,OLOX,2007-07-01,590272.0,9822107191.296,data_before_corruption (corruption at 2020-01-01),nan
stock_CUR6K@718712e8d985,OLOX,2007-10-01,590272.0,491096859.648,data_before_corruption (corruption at 2020-01-01),nan
stock_CUR6K@718712e8d985,OLOX,2008-01-01,590272.0,9822107191.296,data_before_corruption (corruption at 2020-01-01),nan
stock_CUR6K@718712e8d985,OLOX,2008-04-01,590272.0,9822107191.296,data_before_corruption (corruption at 2020-01-01),nan
stock_CUR6K@718712e8d985,OLOX,2008-07-01,590272.0,9822107191.296,data_before_corruption (corruption at 2020-01-01),nan
stock_CUR6K@718712e8d985,OLOX,2008-10-01,590272.0,491096859.648,data_before_corruption (corruption at 2020-01-01),nan
stock_CUR6K@718712e8d985,OLOX,2009-01-01,590272.0,9822107191.296,data_before_corruption (corruption at 2020-01-01),nan
stock_CUR6K@718712e8d985,OLOX,2009-04-01,590272.0,9822107191.296,data_before_corruption (corruption at 2020-01-01),nan
stock_CUR6K@718712e8d985,OLOX,2009-07-01,590272.0,9822107191.296,data_before_corruption (corruption at 2020-01-01),nan
stock_CUR6K@718712e8d985,OLOX,2009-10-01,590272.0,491096859.648,data_before_corruption (corruption at 2020-01-01),nan
stock_CUR6K@718712e8d985,OLOX,2010-01-01,590272.0,491096859.648,data_before_corruption (corruption at 2020-01-01),nan
stock_CUR6K@718712e8d985,OLOX,2010-04-01,590272.0,508748353.536,data_before_corruption (corruption at 2020-01-01),nan
stock_CUR6K@718712e8d985,OLOX,2010-07-01,590272.0,514707739.648,data_before_corruption (corruption at 2020-01-01),nan
stock_CUR6K@718712e8d985,OLOX,2010-10-01,590272.0,514707739.648,data_before_corruption (corruption at 2020-01-01),nan
stock_CUR6K@718712e8d985,OLOX,2011-01-01,590272.0,30883031040.0,data_before_corruption (corruption at 2020-01-01),nan
stock_CUR6K@718712e8d985,OLOX,2011-04-01,590272.0,30883031040.0,data_before_corruption (corruption at 2020-01-01),nan
stock_CUR6K@718712e8d985,OLOX,2011-07-01,590272.0,30883031040.0,data_before_corruption (corruption at 2020-01-01),nan
stock_CUR6K@718712e8d985,OLOX,2011-10-01,590272.0,6271644722.176,data_before_corruption (corruption at 2020-01-01),nan
stock_CUR6K@718712e8d985,OLOX,2012-01-01,590272.0,5642018107.391999,data_before_corruption (corruption at 2020-01-01),nan
stock_CUR6K@718712e8d985,OLOX,2012-04-01,590272.0,6608836421.632,data_before_corruption (corruption at 2020-01-01),nan
stock_CUR6K@718712e8d985,OLOX,2012-07-01,590272.0,6608836421.632,data_before_corruption (corruption at 2020-01-01),nan
stock_CUR6K@718712e8d985,OLOX,2012-10-01,590272.0,6626733468.672001,data_before_corruption (corruption at 2020-01-01),nan
stock_CUR6K@718712e8d985,OLOX,2013-01-01,590272.0,320682972.15999997,data_before_corruption (corruption at 2020-01-01),nan
stock_CUR6K@718712e8d985,OLOX,2013-04-01,590272.0,306846996.48,data_before_corruption (corruption at 2020-01-01),nan
stock_CUR6K@718712e8d985,OLOX,2013-07-01,590272.0,332110638.08,data_before_corruption (corruption at 2020-01-01),nan
stock_CUR6K@718712e8d985,OLOX,2013-10-01,590272.0,336190598.144,data_before_corruption (corruption at 2020-01-01),nan
stock_CUR6K@718712e8d985,OLOX,2014-01-01,590272.0,336426706.944,data_before_corruption (corruption at 2020-01-01),nan
stock_CUR6K@718712e8d985,OLOX,2014-04-01,590272.0,336634482.68799996,data_before_corruption (corruption at 2020-01-01),nan
stock_CUR6K@718712e8d985,OLOX,2014-07-01,590272.0,336634482.68799996,data_before_corruption (corruption at 2020-01-01),nan
stock_CUR6K@718712e8d985,OLOX,2014-10-01,590272.0,337267254.272,data_before_corruption (corruption at 2020-01-01),nan
stock_CUR6K@718712e8d985,OLOX,2015-01-01,590272.0,337786693.63199997,data_before_corruption (corruption at 2020-01-01),nan
stock_CUR6K@718712e8d985,OLOX,2015-04-01,590272.0,337786693.63199997,data_before_corruption (corruption at 2020-01-01),nan
stock_CUR6K@718712e8d985,OLOX,2015-07-01,590272.0,337786693.63199997,data_before_corruption (corruption at 2020-01-01),nan
stock_CUR6K@718712e8d985,OLOX,2015-10-01,590272.0,337786693.63199997,data_before_corruption (corruption at 2020-01-01),nan
stock_CUR6K@718712e8d985,OLOX,2016-01-01,590272.0,1013350636.544,data_before_corruption (corruption at 2020-01-01),nan
stock_CUR6K@718712e8d985,OLOX,2016-04-01,590272.0,1013350636.544,data_before_corruption (corruption at 2020-01-01),nan
stock_CUR6K@718712e8d985,OLOX,2016-07-01,590272.0,4640548465.6640005,data_before_corruption (corruption at 2020-01-01),nan
stock_CUR6K@718712e8d985,OLOX,2016-10-01,590272.0,121274924.032,data_before_corruption (corruption at 2020-01-01),nan
stock_CUR6K@718712e8d985,OLOX,2017-01-01,590272.0,1547938737.1520002,data_before_corruption (corruption at 2020-01-01),nan
stock_CUR6K@718712e8d985,OLOX,2017-04-01,563872.0,4884701339.648,data_before_corruption (corruption at 2020-01-01),nan
stock_CUR6K@718712e8d985,OLOX,2017-07-01,513484.79999999993,85813579.776,data_before_corruption (corruption at 2020-01-01),nan
stock_CUR6K@718712e8d985,OLOX,2017-10-01,717440.0,123284889.60000001,data_before_corruption (corruption at 2020-01-01),nan
stock_CUR6K@718712e8d985,OLOX,2018-01-01,552678.4,94176399.36000001,data_before_corruption (corruption at 2020-01-01),nan
stock_CUR6K@718712e8d985,OLOX,2018-04-01,623872.0,106307788.8,data_before_corruption (corruption at 2020-01-01),nan
stock_CUR6K@718712e8d985,OLOX,2018-07-01,479891.2,81773460.48,data_before_corruption (corruption at 2020-01-01),nan
stock_CUR6K@718712e8d985,OLOX,2018-10-01,324524.8,55299025.92,data_before_corruption (corruption at 2020-01-01),nan
stock_CUR6K@718712e8d985,OLOX,2019-01-01,217152.00000000003,37002700.800000004,data_before_corruption (corruption at 2020-01-01),nan
stock_CUR6K@718712e8d985,OLOX,2019-04-01,89977.6,17411025.5104,data_before_corruption (corruption at 2020-01-01),nan
stock_CUR6K@718712e8d985,OLOX,2019-07-01,50630.4,11533200.0768,data_before_corruption (corruption at 2020-01-01),nan
stock_CUR6K@718712e8d985,OLOX,2019-10-01,18822.4,7086257.152000001,data_before_corruption (corruption at 2020-01-01),nan
stock_CUR6K@718712e8d985,OLOX,2020-01-01,55788.8,52016584.4992,data_before_corruption (corruption at 2020-01-01),nan
stock_CUR6K@718712e8d985,ORMP,2006-07-01,11.04,38140075.68,data_before_corruption (corruption at 2022-10-01),nan
stock_CUR6K@718712e8d985,ORMP,2006-10-01,8.4,29019622.8,data_before_corruption (corruption at 2022-10-01),nan
stock_CUR6K@718712e8d985,ORMP,2007-01-01,6.96,24103948.56,data_before_corruption (corruption at 2022-10-01),nan
stock_CUR6K@718712e8d985,ORMP,2007-04-01,7.919999999999999,27476863.919999998,data_before_corruption (corruption at 2022-10-01),nan
stock_CUR6K@718712e8d985,ORMP,2007-07-01,5.28,19598890.080000002,data_before_corruption (corruption at 2022-10-01),nan
stock_CUR6K@718712e8d985,ORMP,2007-10-01,3.72,14138860.680000002,data_before_corruption (corruption at 2022-10-01),nan
stock_CUR6K@718712e8d985,ORMP,2008-01-01,6.96,26700077.28,data_before_corruption (corruption at 2022-10-01),nan
stock_CUR6K@718712e8d985,ORMP,2008-04-01,7.56,29647099.439999998,data_before_corruption (corruption at 2022-10-01),nan
stock_CUR6K@718712e8d985,ORMP,2008-07-01,8.64,40581708.480000004,data_before_corruption (corruption at 2022-10-01),nan
stock_CUR6K@718712e8d985,ORMP,2008-10-01,4.44,20854489.080000002,data_before_corruption (corruption at 2022-10-01),nan
stock_CUR6K@718712e8d985,ORMP,2009-01-01,3.0,14117199.0,data_before_corruption (corruption at 2022-10-01),nan
stock_CUR6K@718712e8d985,ORMP,2009-04-01,6.0,28401162.0,data_before_corruption (corruption at 2022-10-01),nan
stock_CUR6K@718712e8d985,ORMP,2009-07-01,5.52,26194287.839999996,data_before_corruption (corruption at 2022-10-01),nan
stock_CUR6K@718712e8d985,ORMP,2009-10-01,5.16,24578210.04,data_before_corruption (corruption at 2022-10-01),nan
stock_CUR6K@718712e8d985,ORMP,2010-01-01,4.92,23543120.04,data_before_corruption (corruption at 2022-10-01),nan
stock_CUR6K@718712e8d985,ORMP,2010-04-01,6.12,29308000.68,data_before_corruption (corruption at 2022-10-01),nan
stock_CUR6K@718712e8d985,ORMP,2010-07-01,4.68,22429812.599999998,data_before_corruption (corruption at 2022-10-01),nan
stock_CUR6K@718712e8d985,ORMP,2010-10-01,3.7199999999999998,17959032.84,data_before_corruption (corruption at 2022-10-01),nan
stock_CUR6K@718712e8d985,ORMP,2011-01-01,3.72,19469408.64,data_before_corruption (corruption at 2022-10-01),nan
stock_CUR6K@718712e8d985,ORMP,2011-04-01,3.9600000000000004,22786406.28,data_before_corruption (corruption at 2022-10-01),nan
stock_CUR6K@718712e8d985,ORMP,2011-07-01,3.48,20330247.0,data_before_corruption (corruption at 2022-10-01),nan
stock_CUR6K@718712e8d985,ORMP,2011-10-01,3.6,21031290.0,data_before_corruption (corruption at 2022-10-01),nan
stock_CUR6K@718712e8d985,ORMP,2012-01-01,3.3599999999999994,19651961.279999997,data_before_corruption (corruption at 2022-10-01),nan
stock_CUR6K@718712e8d985,ORMP,2012-04-01,4.08,23910105.6,data_before_corruption (corruption at 2022-10-01),nan
stock_CUR6K@718712e8d985,ORMP,2012-07-01,3.84,26211847.68,data_before_corruption (corruption at 2022-10-01),nan
stock_CUR6K@718712e8d985,ORMP,2012-10-01,3.72,25396053.12,data_before_corruption (corruption at 2022-10-01),nan
stock_CUR6K@718712e8d985,ORMP,2013-01-01,9.0,64914903.0,data_before_corruption (corruption at 2022-10-01),nan
stock_CUR6K@718712e8d985,ORMP,2013-04-01,9.18,66310600.86,data_before_corruption (corruption at 2022-10-01),nan
stock_CUR6K@718712e8d985,ORMP,2013-07-01,7.29,55211828.31,data_before_corruption (corruption at 2022-10-01),nan
stock_CUR6K@718712e8d985,ORMP,2013-10-01,8.3,65910789.7,data_before_corruption (corruption at 2022-10-01),nan
stock_CUR6K@718712e8d985,ORMP,2014-01-01,14.859999999999998,135639093.14,data_before_corruption (corruption at 2022-10-01),nan
stock_CUR6K@718712e8d985,ORMP,2014-04-01,8.33,82368089.58,data_before_corruption (corruption at 2022-10-01),nan
stock_CUR6K@718712e8d985,ORMP,2014-07-01,10.14,101510505.72,data_before_corruption (corruption at 2022-10-01),nan
stock_CUR6K@718712e8d985,ORMP,2014-10-01,5.91,59939296.83,data_before_corruption (corruption at 2022-10-01),nan
stock_CUR6K@718712e8d985,ORMP,2015-01-01,4.52,48934179.919999994,data_before_corruption (corruption at 2022-10-01),nan
stock_CUR6K@718712e8d985,ORMP,2015-04-01,6.86,74279380.28,data_before_corruption (corruption at 2022-10-01),nan
stock_CUR6K@718712e8d985,ORMP,2015-07-01,5.62,64550106.08,data_before_corruption (corruption at 2022-10-01),nan
stock_CUR6K@718712e8d985,ORMP,2015-10-01,9.1,105312561.89999999,data_before_corruption (corruption at 2022-10-01),nan
stock_CUR6K@718712e8d985,ORMP,2016-01-01,7.09,89707876.97,data_before_corruption (corruption at 2022-10-01),nan
stock_CUR6K@718712e8d985,ORMP,2016-04-01,8.72,114394287.92,data_before_corruption (corruption at 2022-10-01),nan
stock_CUR6K@718712e8d985,ORMP,2016-07-01,7.209999999999999,94782176.92999999,data_before_corruption (corruption at 2022-10-01),nan
stock_CUR6K@718712e8d985,ORMP,2016-10-01,6.14,81084661.94,data_before_corruption (corruption at 2022-10-01),nan
stock_CUR6K@718712e8d985,ORMP,2017-01-01,6.049999999999999,80342717.39999999,data_before_corruption (corruption at 2022-10-01),nan
stock_CUR6K@718712e8d985,ORMP,2017-04-01,8.15,108402636.55000001,data_before_corruption (corruption at 2022-10-01),nan
stock_CUR6K@718712e8d985,ORMP,2017-07-01,8.65,123170342.9,data_before_corruption (corruption at 2022-10-01),nan
stock_CUR6K@718712e8d985,ORMP,2017-10-01,9.14,130147622.44000001,data_before_corruption (corruption at 2022-10-01),nan
stock_CUR6K@718712e8d985,ORMP,2018-01-01,7.25,104732369.0,data_before_corruption (corruption at 2022-10-01),nan
stock_CUR6K@718712e8d985,ORMP,2018-04-01,7.91,114844324.98,data_before_corruption (corruption at 2022-10-01),nan
stock_CUR6K@718712e8d985,ORMP,2018-07-01,4.95,86371282.8,data_before_corruption (corruption at 2022-10-01),nan
stock_CUR6K@718712e8d985,ORMP,2018-10-01,4.08,71190875.52,data_before_corruption (corruption at 2022-10-01),nan
stock_CUR6K@718712e8d985,ORMP,2019-01-01,3.2,55853148.800000004,data_before_corruption (corruption at 2022-10-01),nan
stock_CUR6K@718712e8d985,ORMP,2019-04-01,3.0,52370049.0,data_before_corruption (corruption at 2022-10-01),nan
stock_CUR6K@718712e8d985,ORMP,2019-07-01,3.32,57961891.32,data_before_corruption (corruption at 2022-10-01),nan
stock_CUR6K@718712e8d985,ORMP,2019-10-01,4.41,77052909.15,data_before_corruption (corruption at 2022-10-01),nan
stock_CUR6K@718712e8d985,ORMP,2020-01-01,4.08,72699190.32000001,data_before_corruption (corruption at 2022-10-01),nan
stock_CUR6K@718712e8d985,ORMP,2020-04-01,3.29,76378024.45,data_before_corruption (corruption at 2022-10-01),nan
stock_CUR6K@718712e8d985,ORMP,2020-07-01,0.0,0.0,data_before_corruption (corruption at 2022-10-01),nan
stock_CUR6K@718712e8d985,ORMP,2020-10-01,4.26,101196214.8,data_before_corruption (corruption at 2022-10-01),nan
stock_CUR6K@718712e8d985,ORMP,2021-01-01,9.04,244118582.71999997,data_before_corruption (corruption at 2022-10-01),nan
stock_CUR6K@718712e8d985,ORMP,2021-04-01,11.67,349278502.02,data_before_corruption (corruption at 2022-10-01),nan
stock_CUR6K@718712e8d985,ORMP,2021-07-01,19.68,589014646.08,data_before_corruption (corruption at 2022-10-01),nan
stock_CUR6K@718712e8d985,ORMP,2021-10-01,19.22,704846430.2199999,data_before_corruption (corruption at 2022-10-01),nan
stock_CUR6K@718712e8d985,ORMP,2022-01-01,8.65,334578730.3,data_before_corruption (corruption at 2022-10-01),nan
stock_CUR6K@718712e8d985,ORMP,2022-04-01,4.58,177682556.44,data_before_corruption (corruption at 2022-10-01),nan
stock_CUR6K@718712e8d985,ORMP,2022-07-01,6.48,253369496.88000003,data_before_corruption (corruption at 2022-10-01),nan
stock_CUR6K@718712e8d985,ORMP,2022-10-01,0.0,0.0,data_before_corruption (corruption at 2022-10-01),nan
stock_CUR6K@718712e8d985,OSSD.ST,2018-01-01,23.0,539815451.0,data_before_corruption (corruption at 2021-01-01),
stock_CUR6K@718712e8d985,OSSD.ST,2018-10-01,23.0,539815451.0,data_before_corruption (corruption at 2021-01-01),
stock_CUR6K@718712e8d985,OSSD.ST,2019-01-01,23.0,539815451.0,data_before_corruption (corruption at 2021-01-01),
stock_CUR6K@718712e8d985,OSSD.ST,2019-04-01,21.6,403091856.0,data_before_corruption (corruption at 2021-01-01),
stock_CUR6K@718712e8d985,OSSD.ST,2019-07-01,21.6,512220348.00000006,data_before_corruption (corruption at 2021-01-01),
stock_CUR6K@718712e8d985,OSSD.ST,2019-10-01,17.200001,407879189.71390504,data_before_corruption (corruption at 2021-01-01),
stock_CUR6K@718712e8d985,OSSD.ST,2020-01-01,12.3,298106920.5,data_before_corruption (corruption at 2021-01-01),
stock_CUR6K@718712e8d985,OSSD.ST,2020-04-01,9.180051,159492792.34614602,data_before_corruption (corruption at 2021-01-01),
stock_CUR6K@718712e8d985,OSSD.ST,2020-07-01,12.315624,209813441.035512,data_before_corruption (corruption at 2021-01-01),
stock_CUR6K@718712e8d985,OSSD.ST,2020-10-01,11.975622,270026348.807244,data_before_corruption (corruption at 2021-01-01),
stock_CUR6K@718712e8d985,OSSD.ST,2021-01-01,,,data_before_corruption (corruption at 2021-01-01),bookValuePerShare|earningsYield|marketCap|price
stock_CUR6K@718712e8d985,PIF.TO,2006-07-01,2353.0,748254.0,data_before_corruption (corruption at 2009-07-01),
stock_CUR6K@718712e8d985,PIF.TO,2006-10-01,2278.12,724442.1599999999,data_before_corruption (corruption at 2009-07-01),
stock_CUR6K@718712e8d985,PIF.TO,2007-01-01,1555.372,656366.984,data_before_corruption (corruption at 2009-07-01),
stock_CUR6K@718712e8d985,PIF.TO,2007-04-01,2054.58,867032.76,data_before_corruption (corruption at 2009-07-01),
stock_CUR6K@718712e8d985,PIF.TO,2007-07-01,2139.09,902695.9800000001,data_before_corruption (corruption at 2009-07-01),
stock_CUR6K@718712e8d985,PIF.TO,2007-10-01,2078.752,877233.3439999999,data_before_corruption (corruption at 2009-07-01),
stock_CUR6K@718712e8d985,PIF.TO,2008-01-01,2186.5679999999998,922731.6959999999,data_before_corruption (corruption at 2009-07-01),
stock_CUR6K@718712e8d985,PIF.TO,2008-04-01,2497.25,1053839.5,data_before_corruption (corruption at 2009-07-01),
stock_CUR6K@718712e8d985,PIF.TO,2008-07-01,2115.9024,892910.8128,data_before_corruption (corruption at 2009-07-01),
stock_CUR6K@718712e8d985,PIF.TO,2008-10-01,400.65000000000003,169074.30000000002,data_before_corruption (corruption at 2009-07-01),
stock_CUR6K@718712e8d985,PIF.TO,2009-01-01,674.2400000000001,284529.28,data_before_corruption (corruption at 2009-07-01),
stock_CUR6K@718712e8d985,PIF.TO,2009-04-01,1375.3949999999998,580416.69,data_before_corruption (corruption at 2009-07-01),
stock_CUR6K@718712e8d985,PIF.TO,2009-07-01,1516.078,639784.916,data_before_corruption (corruption at 2009-07-01),
stock_CUR6K@718712e8d985,PPBT,2013-01-01,14308.856510200001,3219492.7147950004,data_before_corruption (corruption at 2014-01-01),
stock_CUR6K@718712e8d985,PPBT,2013-04-01,14268.816463999998,4780053.515439999,data_before_corruption (corruption at 2014-01-01),
stock_CUR6K@718712e8d985,PPBT,2013-07-01,36525.3747876,17166926.150172,data_before_corruption (corruption at 2014-01-01),
stock_CUR6K@718712e8d985,PPBT,2013-10-01,12338.081160012634,6045659.768406191,data_before_corruption (corruption at 2014-01-01),
stock_CUR6K@718712e8d985,PPBT,2014-01-01,10231.139958540301,6906019.472014704,data_before_corruption (corruption at 2014-01-01),
stock_CUR6K@718712e8d985,PPR.TO,2006-07-01,,,data_before_corruption (corruption at 2014-10-01),bookValuePerShare|earningsYield|marketCap|price
stock_CUR6K@718712e8d985,PPR.TO,2006-10-01,,,data_before_corruption (corruption at 2014-10-01),bookValuePerShare|earningsYield|marketCap|price
stock_CUR6K@718712e8d985,PPR.TO,2007-01-01,,,data_before_corruption (corruption at 2014-10-01),bookValuePerShare|earningsYield|marketCap|price
stock_CUR6K@718712e8d985,PPR.TO,2007-04-01,,,data_before_corruption (corruption at 2014-10-01),bookValuePerShare|earningsYield|marketCap|price
stock_CUR6K@718712e8d985,PPR.TO,2007-07-01,,,data_before_corruption (corruption at 2014-10-01),bookValuePerShare|earningsYield|marketCap|price
stock_CUR6K@718712e8d985,PPR.TO,2007-10-01,,,data_before_corruption (corruption at 2014-10-01),bookValuePerShare|earningsYield|marketCap|price
stock_CUR6K@718712e8d985,PPR.TO,2008-01-01,,,data_before_corruption (corruption at 2014-10-01),bookValuePerShare|earningsYield|marketCap|price
stock_CUR6K@718712e8d985,PPR.TO,2008-04-01,,,data_before_corruption (corruption at 2014-10-01),bookValuePerShare|earningsYield|marketCap|price
stock_CUR6K@718712e8d985,PPR.TO,2008-07-01,,,data_before_corruption (corruption at 2014-10-01),bookValuePerShare|earningsYield|marketCap|price
stock_CUR6K@718712e8d985,PPR.TO,2008-10-01,,,data_before_corruption (corruption at 2014-10-01),bookValuePerShare|earningsYield|marketCap|price
stock_CUR6K@718712e8d985,PPR.TO,2009-01-01,,,data_before_corruption (corruption at 2014-10-01),bookValuePerShare|earningsYield|marketCap|price
stock_CUR6K@718712e8d985,PPR.TO,2009-04-01,,,data_before_corruption (corruption at 2014-10-01),bookValuePerShare|earningsYield|marketCap|price
stock_CUR6K@718712e8d985,PPR.TO,2009-07-01,,,data_before_corruption (corruption at 2014-10-01),bookValuePerShare|earningsYield|marketCap|price
stock_CUR6K@718712e8d985,PPR.TO,2009-10-01,,,data_before_corruption (corruption at 2014-10-01),bookValuePerShare|earningsYield|marketCap|price
stock_CUR6K@718712e8d985,PPR.TO,2010-01-01,,,data_before_corruption (corruption at 2014-10-01),bookValuePerShare|earningsYield|marketCap|price
stock_CUR6K@718712e8d985,PPR.TO,2010-04-01,,,data_before_corruption (corruption at 2014-10-01),bookValuePerShare|earningsYield|marketCap|price
stock_CUR6K@718712e8d985,PPR.TO,2010-07-01,,,data_before_corruption (corruption at 2014-10-01),bookValuePerShare|earningsYield|marketCap|price
stock_CUR6K@718712e8d985,PPR.TO,2010-10-01,,,data_before_corruption (corruption at 2014-10-01),bookValuePerShare|earningsYield|marketCap|price
stock_CUR6K@718712e8d985,PPR.TO,2011-01-01,,,data_before_corruption (corruption at 2014-10-01),bookValuePerShare|earningsYield|marketCap|price
stock_CUR6K@718712e8d985,PPR.TO,2011-04-01,,,data_before_corruption (corruption at 2014-10-01),bookValuePerShare|earningsYield|marketCap|price
stock_CUR6K@718712e8d985,PPR.TO,2011-07-01,,,data_before_corruption (corruption at 2014-10-01),bookValuePerShare|earningsYield|marketCap|price
stock_CUR6K@718712e8d985,PPR.TO,2011-10-01,,,data_before_corruption (corruption at 2014-10-01),bookValuePerShare|earningsYield|marketCap|price
stock_CUR6K@718712e8d985,PPR.TO,2012-01-01,,,data_before_corruption (corruption at 2014-10-01),bookValuePerShare|earningsYield|marketCap|price
stock_CUR6K@718712e8d985,PPR.TO,2012-04-01,,,data_before_corruption (corruption at 2014-10-01),bookValuePerShare|earningsYield|marketCap|price
stock_CUR6K@718712e8d985,PPR.TO,2012-07-01,,,data_before_corruption (corruption at 2014-10-01),bookValuePerShare|earningsYield|marketCap|price
stock_CUR6K@718712e8d985,PPR.TO,2012-10-01,,,data_before_corruption (corruption at 2014-10-01),bookValuePerShare|earningsYield|marketCap|price
stock_CUR6K@718712e8d985,PPR.TO,2013-01-01,,,data_before_corruption (corruption at 2014-10-01),bookValuePerShare|earningsYield|marketCap|price
stock_CUR6K@718712e8d985,PPR.TO,2013-04-01,,,data_before_corruption (corruption at 2014-10-01),bookValuePerShare|earningsYield|marketCap|price
stock_CUR6K@718712e8d985,PPR.TO,2013-07-01,,,data_before_corruption (corruption at 2014-10-01),bookValuePerShare|earningsYield|marketCap|price
stock_CUR6K@718712e8d985,PPR.TO,2013-10-01,,,data_before_corruption (corruption at 2014-10-01),bookValuePerShare|earningsYield|marketCap|price
stock_CUR6K@718712e8d985,PPR.TO,2014-01-01,,,data_before_corruption (corruption at 2014-10-01),bookValuePerShare|earningsYield|marketCap|price
stock_CUR6K@718712e8d985,PPR.TO,2014-04-01,,,data_before_corruption (corruption at 2014-10-01),bookValuePerShare|earningsYield|marketCap|price
stock_CUR6K@718712e8d985,PPR.TO,2014-07-01,,,data_before_corruption (corruption at 2014-10-01),bookValuePerShare|earningsYield|marketCap|price
stock_CUR6K@718712e8d985,PPR.TO,2014-10-01,,,data_before_corruption (corruption at 2014-10-01),bookValuePerShare|earningsYield|marketCap|price
stock_CUR6K@718712e8d985,PRHI,2014-10-01,74.2,39048417.800000004,data_before_corruption (corruption at 2024-07-01),nan
stock_CUR6K@718712e8d985,PRHI,2015-01-01,74.2,67774131.60000001,data_before_corruption (corruption at 2024-07-01),nan
stock_CUR6K@718712e8d985,PRHI,2015-04-01,74.2,94420687.2,data_before_corruption (corruption at 2024-07-01),nan
stock_CUR6K@718712e8d985,PRHI,2015-07-01,68.25,55592491.5,data_before_corruption (corruption at 2024-07-01),nan
stock_CUR6K@718712e8d985,PRHI,2015-10-01,64.89,70864422.3,data_before_corruption (corruption at 2024-07-01),nan
stock_CUR6K@718712e8d985,PRHI,2016-01-01,45.71,49881220.34,data_before_corruption (corruption at 2024-07-01),nan
stock_CUR6K@718712e8d985,PRHI,2016-04-01,48.58,52708328.4,data_before_corruption (corruption at 2024-07-01),nan
stock_CUR6K@718712e8d985,PRHI,2016-07-01,58.31,63377022.38,data_before_corruption (corruption at 2024-07-01),nan
stock_CUR6K@718712e8d985,PRHI,2016-10-01,57.05,62049519.699999996,data_before_corruption (corruption at 2024-07-01),nan
stock_CUR6K@718712e8d985,PRHI,2017-01-01,51.1,54689161.800000004,data_before_corruption (corruption at 2024-07-01),nan
stock_CUR6K@718712e8d985,PRHI,2017-04-01,48.3,52587832.5,data_before_corruption (corruption at 2024-07-01),nan
stock_CUR6K@718712e8d985,PRHI,2017-07-01,42.39,46483390.35,data_before_corruption (corruption at 2024-07-01),nan
stock_CUR6K@718712e8d985,PRHI,2017-10-01,40.6,47524248.800000004,data_before_corruption (corruption at 2024-07-01),nan
stock_CUR6K@718712e8d985,PRHI,2018-01-01,40.95,49843930.5,data_before_corruption (corruption at 2024-07-01),nan
stock_CUR6K@718712e8d985,PRHI,2018-04-01,44.1,53678079.0,data_before_corruption (corruption at 2024-07-01),nan
stock_CUR6K@718712e8d985,PRHI,2018-07-01,39.55,48327924.75,data_before_corruption (corruption at 2024-07-01),nan
stock_CUR6K@718712e8d985,PRHI,2018-10-01,24.5,29745523.5,data_before_corruption (corruption at 2024-07-01),nan
stock_CUR6K@718712e8d985,PRHI,2019-01-01,31.64,38210140.92,data_before_corruption (corruption at 2024-07-01),nan
stock_CUR6K@718712e8d985,PRHI,2019-04-01,27.44,32813465.44,data_before_corruption (corruption at 2024-07-01),nan
stock_CUR6K@718712e8d985,PRHI,2019-07-01,25.619999999999997,34629221.76,data_before_corruption (corruption at 2024-07-01),nan
stock_CUR6K@718712e8d985,PRHI,2019-10-01,28.0,36945776.0,data_before_corruption (corruption at 2024-07-01),nan
stock_CUR6K@718712e8d985,PRHI,2020-01-01,21.0,28778316.0,data_before_corruption (corruption at 2024-07-01),nan
stock_CUR6K@718712e8d985,PRHI,2020-04-01,19.1,26182471.000000004,data_before_corruption (corruption at 2024-07-01),nan
stock_CUR6K@718712e8d985,PRHI,2020-07-01,20.16,27736128.0,data_before_corruption (corruption at 2024-07-01),nan
stock_CUR6K@718712e8d985,PRHI,2020-10-01,23.03,31759659.680000003,data_before_corruption (corruption at 2024-07-01),nan
stock_CUR6K@718712e8d985,PRHI,2021-01-01,26.25,36306480.0,data_before_corruption (corruption at 2024-07-01),nan
stock_CUR6K@718712e8d985,PRHI,2021-04-01,20.37,28188087.48,data_before_corruption (corruption at 2024-07-01),nan
stock_CUR6K@718712e8d985,PRHI,2021-07-01,20.16,27913394.88,data_before_corruption (corruption at 2024-07-01),nan
stock_CUR6K@718712e8d985,PRHI,2021-10-01,16.24,22485611.679999996,data_before_corruption (corruption at 2024-07-01),nan
stock_CUR6K@718712e8d985,PRHI,2022-01-01,16.66,23104604.46,data_before_corruption (corruption at 2024-07-01),nan
stock_CUR6K@718712e8d985,PRHI,2022-04-01,10.92,15151663.8,data_before_corruption (corruption at 2024-07-01),nan
stock_CUR6K@718712e8d985,PRHI,2022-07-01,11.27,17514628.11,data_before_corruption (corruption at 2024-07-01),nan
stock_CUR6K@718712e8d985,PRHI,2022-10-01,10.99,19178297.32,data_before_corruption (corruption at 2024-07-01),nan
stock_CUR6K@718712e8d985,PRHI,2023-01-01,10.569999999999999,18445928.97,data_before_corruption (corruption at 2024-07-01),nan
stock_CUR6K@718712e8d985,PRHI,2023-04-01,11.9,20774567.8,data_before_corruption (corruption at 2024-07-01),nan
stock_CUR6K@718712e8d985,PRHI,2023-07-01,8.05,14056314.3,data_before_corruption (corruption at 2024-07-01),nan
stock_CUR6K@718712e8d985,PRHI,2023-10-01,7.7,13442559.9,data_before_corruption (corruption at 2024-07-01),nan
stock_CUR6K@718712e8d985,PRHI,2024-01-01,8.82,15400831.32,data_before_corruption (corruption at 2024-07-01),nan
stock_CUR6K@718712e8d985,PRHI,2024-04-01,6.379999999999999,11140283.879999999,data_before_corruption (corruption at 2024-07-01),nan
stock_CUR6K@718712e8d985,PRHI,2024-07-01,7.629999999999999,13322941.379999999,data_before_corruption (corruption at 2024-07-01),nan
stock_CUR6K@718712e8d985,PROAC.PA,2009-04-01,0.3954177992271617,37570911.243980005,data_before_corruption (corruption at 2015-10-01),nan
stock_CUR6K@718712e8d985,PROAC.PA,2009-10-01,0.21805,22740068.83015,data_before_corruption (corruption at 2015-10-01),nan
stock_CUR6K@718712e8d985,PROAC.PA,2010-04-01,0.1516777108401676,15818214.1,data_before_corruption (corruption at 2015-10-01),nan
stock_CUR6K@718712e8d985,PROAC.PA,2010-10-01,0.17,20685356.900000002,data_before_corruption (corruption at 2015-10-01),nan
stock_CUR6K@718712e8d985,PROAC.PA,2011-04-01,0.2570002918344619,31271428.0,data_before_corruption (corruption at 2015-10-01),nan
stock_CUR6K@718712e8d985,PROAC.PA,2011-10-01,0.14761167926197677,23080140.0,data_before_corruption (corruption at 2015-10-01),nan
stock_CUR6K@718712e8d985,PROAC.PA,2012-04-01,0.20031195651326206,25684600.0,data_before_corruption (corruption at 2015-10-01),nan
stock_CUR6K@718712e8d985,PROAC.PA,2012-10-01,0.1702395988257555,21862680.0,data_before_corruption (corruption at 2015-10-01),nan
stock_CUR6K@718712e8d985,PROAC.PA,2013-04-01,0.17908323224783054,23030820.0,data_before_corruption (corruption at 2015-10-01),nan
stock_CUR6K@718712e8d985,PROAC.PA,2013-10-01,0.17985462957897289,23012220.0,data_before_corruption (corruption at 2015-10-01),nan
stock_CUR6K@718712e8d985,PROAC.PA,2014-04-01,0.14015720343365395,18972520.0,data_before_corruption (corruption at 2015-10-01),nan
stock_CUR6K@718712e8d985,PROAC.PA,2014-10-01,0.1196582003866645,16215840.0,data_before_corruption (corruption at 2015-10-01),nan
stock_CUR6K@718712e8d985,PROAC.PA,2015-04-01,0.1502164550217565,20299050.0,data_before_corruption (corruption at 2015-10-01),nan
stock_CUR6K@718712e8d985,PROAC.PA,2015-10-01,0.0,0.0,data_before_corruption (corruption at 2015-10-01),nan
stock_CUR6K@718712e8d985,PTAL.L,2006-07-01,166.0,156411176.0,data_before_corruption (corruption at 2017-04-01),nan
stock_CUR6K@718712e8d985,PTAL.L,2006-10-01,0.21926348587451322,178602388.0,data_before_corruption (corruption at 2017-04-01),nan
stock_CUR6K@718712e8d985,PTAL.L,2007-01-01,162.0,153225432.0,data_before_corruption (corruption at 2017-04-01),nan
stock_CUR6K@718712e8d985,PTAL.L,2007-04-01,196.0,185685304.0,data_before_corruption (corruption at 2017-04-01),nan
stock_CUR6K@718712e8d985,PTAL.L,2007-07-01,206.0,196799216.0,data_before_corruption (corruption at 2017-04-01),nan
stock_CUR6K@718712e8d985,PTAL.L,2007-10-01,0.3388382382549512,276002720.0,data_before_corruption (corruption at 2017-04-01),nan
stock_CUR6K@718712e8d985,PTAL.L,2008-01-01,230.0,273930000.0,data_before_corruption (corruption at 2017-04-01),nan
stock_CUR6K@718712e8d985,PTAL.L,2008-04-01,294.0,350742000.0,data_before_corruption (corruption at 2017-04-01),nan
stock_CUR6K@718712e8d985,PTAL.L,2008-07-01,130.0,164060000.0,data_before_corruption (corruption at 2017-04-01),nan
stock_CUR6K@718712e8d985,PTAL.L,2008-10-01,40.68978423236514,49031190.0,data_before_corruption (corruption at 2017-04-01),nan
stock_CUR6K@718712e8d985,PTAL.L,2009-01-01,65.02085561497326,85112300.0,data_before_corruption (corruption at 2017-04-01),nan
stock_CUR6K@718712e8d985,PTAL.L,2009-04-01,113.0,148030000.0,data_before_corruption (corruption at 2017-04-01),nan
stock_CUR6K@718712e8d985,PTAL.L,2009-07-01,146.0,191406000.0,data_before_corruption (corruption at 2017-04-01),nan
stock_CUR6K@718712e8d985,PTAL.L,2009-10-01,187.9283536585366,246562000.0,data_before_corruption (corruption at 2017-04-01),nan
stock_CUR6K@718712e8d985,PTAL.L,2010-01-01,211.0,278309000.0,data_before_corruption (corruption at 2017-04-01),nan
stock_CUR6K@718712e8d985,PTAL.L,2010-04-01,188.0,250980000.0,data_before_corruption (corruption at 2017-04-01),nan
stock_CUR6K@718712e8d985,PTAL.L,2010-07-01,314.0,459068000.0,data_before_corruption (corruption at 2017-04-01),nan
stock_CUR6K@718712e8d985,PTAL.L,2010-10-01,349.89568845618913,503150000.0,data_before_corruption (corruption at 2017-04-01),nan
stock_CUR6K@718712e8d985,PTAL.L,2011-01-01,448.0,847616000.0,data_before_corruption (corruption at 2017-04-01),nan
stock_CUR6K@718712e8d985,PTAL.L,2011-04-01,173.0,329565000.0,data_before_corruption (corruption at 2017-04-01),nan
stock_CUR6K@718712e8d985,PTAL.L,2011-07-01,96.0,197856000.0,data_before_corruption (corruption at 2017-04-01),nan
stock_CUR6K@718712e8d985,PTAL.L,2011-10-01,170.71393280632412,345525000.0,data_before_corruption (corruption at 2017-04-01),nan
stock_CUR6K@718712e8d985,PTAL.L,2012-01-01,161.0,358386000.0,data_before_corruption (corruption at 2017-04-01),nan
stock_CUR6K@718712e8d985,PTAL.L,2012-04-01,96.0,213888000.0,data_before_corruption (corruption at 2017-04-01),nan
stock_CUR6K@718712e8d985,PTAL.L,2012-07-01,145.6,324542400.0,data_before_corruption (corruption at 2017-04-01),nan
stock_CUR6K@718712e8d985,PTAL.L,2012-10-01,80.04624102333932,178343025.0,data_before_corruption (corruption at 2017-04-01),nan
stock_CUR6K@718712e8d985,PTAL.L,2013-01-01,79.3,196426100.0,data_before_corruption (corruption at 2017-04-01),nan
stock_CUR6K@718712e8d985,PTAL.L,2013-04-01,71.0,219816000.0,data_before_corruption (corruption at 2017-04-01),nan
stock_CUR6K@718712e8d985,PTAL.L,2013-07-01,72.0,222912000.0,data_before_corruption (corruption at 2017-04-01),nan
stock_CUR6K@718712e8d985,PTAL.L,2013-10-01,61.54891304347826,181200000.0,data_before_corruption (corruption at 2017-04-01),nan
stock_CUR6K@718712e8d985,PTAL.L,2014-01-01,58.7,181735200.0,data_before_corruption (corruption at 2017-04-01),nan
stock_CUR6K@718712e8d985,PTAL.L,2014-04-01,55.0,170280000.0,data_before_corruption (corruption at 2017-04-01),nan
stock_CUR6K@718712e8d985,PTAL.L,2014-07-01,44.99,162728830.0,data_before_corruption (corruption at 2017-04-01),nan
stock_CUR6K@718712e8d985,PTAL.L,2014-10-01,0.08538087006909285,69547500.0,data_before_corruption (corruption at 2017-04-01),nan
stock_CUR6K@718712e8d985,PTAL.L,2015-01-01,13.8,52605600.0,data_before_corruption (corruption at 2017-04-01),nan
stock_CUR6K@718712e8d985,PTAL.L,2015-04-01,15.0,57180000.0,data_before_corruption (corruption at 2017-04-01),nan
stock_CUR6K@718712e8d985,PTAL.L,2015-07-01,5.0,20210000.0,data_before_corruption (corruption at 2017-04-01),nan
stock_CUR6K@718712e8d985,PTAL.L,2015-10-01,2.3057185479860767,9273600.0,data_before_corruption (corruption at 2017-04-01),nan
stock_CUR6K@718712e8d985,PTAL.L,2016-01-01,2.0,8832000.0,data_before_corruption (corruption at 2017-04-01),nan
stock_CUR6K@718712e8d985,PTAL.L,2016-04-01,1.0,54622000.0,data_before_corruption (corruption at 2017-04-01),nan
stock_CUR6K@718712e8d985,PTAL.L,2016-07-01,0.46,67705560.0,data_before_corruption (corruption at 2017-04-01),nan
stock_CUR6K@718712e8d985,PTAL.L,2016-10-01,132.4674,66233700.0,data_before_corruption (corruption at 2017-04-01),nan
stock_CUR6K@718712e8d985,PTAL.L,2017-01-01,0.67,98614620.0,data_before_corruption (corruption at 2017-04-01),nan
stock_CUR6K@718712e8d985,PTAL.L,2017-04-01,223.9287804,111964390.2,data_before_corruption (corruption at 2017-04-01),nan
stock_CUR6K@718712e8d985,PUK,1985-10-01,,,data_before_corruption (corruption at 2012-10-01),nan
stock_CUR6K@718712e8d985,PUK,1986-10-01,,,data_before_corruption (corruption at 2012-10-01),nan
stock_CUR6K@718712e8d985,PUK,1987-10-01,,,data_before_corruption (corruption at 2012-10-01),nan
stock_CUR6K@718712e8d985,PUK,1988-10-01,,,data_before_corruption (corruption at 2012-10-01),nan
stock_CUR6K@718712e8d985,PUK,1989-10-01,,,data_before_corruption (corruption at 2012-10-01),nan
stock_CUR6K@718712e8d985,PUK,1990-10-01,,,data_before_corruption (corruption at 2012-10-01),nan
stock_CUR6K@718712e8d985,PUK,1991-10-01,,,data_before_corruption (corruption at 2012-10-01),nan
stock_CUR6K@718712e8d985,PUK,1992-10-01,,,data_before_corruption (corruption at 2012-10-01),nan
stock_CUR6K@718712e8d985,PUK,1993-10-01,,,data_before_corruption (corruption at 2012-10-01),nan
stock_CUR6K@718712e8d985,PUK,1994-10-01,,,data_before_corruption (corruption at 2012-10-01),nan
stock_CUR6K@718712e8d985,PUK,1995-10-01,,,data_before_corruption (corruption at 2012-10-01),nan
stock_CUR6K@718712e8d985,PUK,1996-10-01,,,data_before_corruption (corruption at 2012-10-01),nan
stock_CUR6K@718712e8d985,PUK,1997-10-01,,,data_before_corruption (corruption at 2012-10-01),nan
stock_CUR6K@718712e8d985,PUK,1998-10-01,,,data_before_corruption (corruption at 2012-10-01),nan
stock_CUR6K@718712e8d985,PUK,1999-10-01,,,data_before_corruption (corruption at 2012-10-01),nan
stock_CUR6K@718712e8d985,PUK,2000-04-01,,,data_before_corruption (corruption at 2012-10-01),nan
stock_CUR6K@718712e8d985,PUK,2000-10-01,0.0,0.0,data_before_corruption (corruption at 2012-10-01),nan
stock_CUR6K@718712e8d985,PUK,2001-04-01,,,data_before_corruption (corruption at 2012-10-01),nan
stock_CUR6K@718712e8d985,PUK,2001-10-01,12.6778,12995771901.8,data_before_corruption (corruption at 2012-10-01),nan
stock_CUR6K@718712e8d985,PUK,2002-04-01,9.542891593175547,9886526348.000002,data_before_corruption (corruption at 2012-10-01),nan
stock_CUR6K@718712e8d985,PUK,2002-10-01,6.9918,7227287319.9,data_before_corruption (corruption at 2012-10-01),nan
stock_CUR6K@718712e8d985,PUK,2003-10-01,7.522200000000001,7869153952.800001,data_before_corruption (corruption at 2012-10-01),nan
stock_CUR6K@718712e8d985,PUK,2004-10-01,7.5044,8475964650.400001,data_before_corruption (corruption at 2012-10-01),nan
stock_CUR6K@718712e8d985,PUK,2005-04-01,8.204763738237016,9709001000.0,data_before_corruption (corruption at 2012-10-01),nan
stock_CUR6K@718712e8d985,PUK,2005-10-01,9.353005052526413,11172164535.2428,data_before_corruption (corruption at 2012-10-01),nan
stock_CUR6K@718712e8d985,PUK,2006-04-01,10.1218,12259387515.7,data_before_corruption (corruption at 2012-10-01),nan
stock_CUR6K@718712e8d985,PUK,2006-10-01,11.626165500205845,14119977999.999998,data_before_corruption (corruption at 2012-10-01),nan
stock_CUR6K@718712e8d985,PUK,2007-04-01,,0.0,data_before_corruption (corruption at 2012-10-01),nan
stock_CUR6K@718712e8d985,PUK,2007-10-01,11.730231848688225,14419387500.0,data_before_corruption (corruption at 2012-10-01),nan
stock_CUR6K@718712e8d985,PUK,2008-04-01,,0.0,data_before_corruption (corruption at 2012-10-01),nan
stock_CUR6K@718712e8d985,PUK,2008-10-01,0.0,0.0,data_before_corruption (corruption at 2012-10-01),nan
stock_CUR6K@718712e8d985,PUK,2009-04-01,,0.0,data_before_corruption (corruption at 2012-10-01),nan
stock_CUR6K@718712e8d985,PUK,2009-10-01,0.0,0.0,data_before_corruption (corruption at 2012-10-01),nan
stock_CUR6K@718712e8d985,PUK,2010-04-01,,0.0,data_before_corruption (corruption at 2012-10-01),nan
stock_CUR6K@718712e8d985,PUK,2010-10-01,0.0,0.0,data_before_corruption (corruption at 2012-10-01),nan
stock_CUR6K@718712e8d985,PUK,2011-04-01,,0.0,data_before_corruption (corruption at 2012-10-01),nan
stock_CUR6K@718712e8d985,PUK,2011-10-01,0.0,0.0,data_before_corruption (corruption at 2012-10-01),nan
stock_CUR6K@718712e8d985,PUK,2012-04-01,,0.0,data_before_corruption (corruption at 2012-10-01),nan
stock_CUR6K@718712e8d985,PUK,2012-10-01,0.0,0.0,data_before_corruption (corruption at 2012-10-01),nan
stock_CUR6K@718712e8d985,QBY0.DE,2009-10-01,,,data_before_corruption (corruption at 2019-04-01),bookValuePerShare|earningsYield|marketCap|price
stock_CUR6K@718712e8d985,QBY0.DE,2010-01-01,,,data_before_corruption (corruption at 2019-04-01),bookValuePerShare|earningsYield|marketCap|price
stock_CUR6K@718712e8d985,QBY0.DE,2010-04-01,,,data_before_corruption (corruption at 2019-04-01),bookValuePerShare|earningsYield|marketCap|price
stock_CUR6K@718712e8d985,QBY0.DE,2010-07-01,,,data_before_corruption (corruption at 2019-04-01),bookValuePerShare|earningsYield|marketCap|price
stock_CUR6K@718712e8d985,QBY0.DE,2010-10-01,,,data_before_corruption (corruption at 2019-04-01),bookValuePerShare|earningsYield|marketCap|price
stock_CUR6K@718712e8d985,QBY0.DE,2011-01-01,,,data_before_corruption (corruption at 2019-04-01),bookValuePerShare|earningsYield|marketCap|price
stock_CUR6K@718712e8d985,QBY0.DE,2011-04-01,,,data_before_corruption (corruption at 2019-04-01),bookValuePerShare|earningsYield|marketCap|price
stock_CUR6K@718712e8d985,QBY0.DE,2011-07-01,,,data_before_corruption (corruption at 2019-04-01),bookValuePerShare|earningsYield|marketCap|price
stock_CUR6K@718712e8d985,QBY0.DE,2011-10-01,,,data_before_corruption (corruption at 2019-04-01),bookValuePerShare|earningsYield|marketCap|price
stock_CUR6K@718712e8d985,QBY0.DE,2012-01-01,,,data_before_corruption (corruption at 2019-04-01),bookValuePerShare|earningsYield|marketCap|price
stock_CUR6K@718712e8d985,QBY0.DE,2012-04-01,,,data_before_corruption (corruption at 2019-04-01),bookValuePerShare|earningsYield|marketCap|price
stock_CUR6K@718712e8d985,QBY0.DE,2012-07-01,,,data_before_corruption (corruption at 2019-04-01),bookValuePerShare|earningsYield|marketCap|price
stock_CUR6K@718712e8d985,QBY0.DE,2012-10-01,,,data_before_corruption (corruption at 2019-04-01),bookValuePerShare|earningsYield|marketCap|price
stock_CUR6K@718712e8d985,QBY0.DE,2013-01-01,,,data_before_corruption (corruption at 2019-04-01),bookValuePerShare|earningsYield|marketCap|price
stock_CUR6K@718712e8d985,QBY0.DE,2013-04-01,,,data_before_corruption (corruption at 2019-04-01),bookValuePerShare|earningsYield|marketCap|price
stock_CUR6K@718712e8d985,QBY0.DE,2013-07-01,19.99,3775711.1999999997,data_before_corruption (corruption at 2019-04-01),
stock_CUR6K@718712e8d985,QBY0.DE,2013-10-01,21.48,4266507.96,data_before_corruption (corruption at 2019-04-01),
stock_CUR6K@718712e8d985,QBY0.DE,2014-01-01,,,data_before_corruption (corruption at 2019-04-01),bookValuePerShare|earningsYield|marketCap|price
stock_CUR6K@718712e8d985,QBY0.DE,2014-04-01,,,data_before_corruption (corruption at 2019-04-01),bookValuePerShare|earningsYield|marketCap|price
stock_CUR6K@718712e8d985,QBY0.DE,2014-07-01,,,data_before_corruption (corruption at 2019-04-01),bookValuePerShare|earningsYield|marketCap|price
stock_CUR6K@718712e8d985,QBY0.DE,2014-10-01,,,data_before_corruption (corruption at 2019-04-01),bookValuePerShare|earningsYield|marketCap|price
stock_CUR6K@718712e8d985,QBY0.DE,2015-01-01,,,data_before_corruption (corruption at 2019-04-01),bookValuePerShare|earningsYield|marketCap|price
stock_CUR6K@718712e8d985,QBY0.DE,2015-04-01,,,data_before_corruption (corruption at 2019-04-01),bookValuePerShare|earningsYield|marketCap|price
stock_CUR6K@718712e8d985,QBY0.DE,2015-07-01,,,data_before_corruption (corruption at 2019-04-01),bookValuePerShare|earningsYield|marketCap|price
stock_CUR6K@718712e8d985,QBY0.DE,2015-10-01,,,data_before_corruption (corruption at 2019-04-01),bookValuePerShare|earningsYield|marketCap|price
stock_CUR6K@718712e8d985,QBY0.DE,2016-01-01,,,data_before_corruption (corruption at 2019-04-01),bookValuePerShare|earningsYield|marketCap|price
stock_CUR6K@718712e8d985,QBY0.DE,2016-04-01,,,data_before_corruption (corruption at 2019-04-01),bookValuePerShare|earningsYield|marketCap|price
stock_CUR6K@718712e8d985,QBY0.DE,2016-07-01,,,data_before_corruption (corruption at 2019-04-01),bookValuePerShare|earningsYield|marketCap|price
stock_CUR6K@718712e8d985,QBY0.DE,2016-10-01,9.57,1901319.75,data_before_corruption (corruption at 2019-04-01),
stock_CUR6K@718712e8d985,QBY0.DE,2017-01-01,,,data_before_corruption (corruption at 2019-04-01),bookValuePerShare|earningsYield|marketCap|price
stock_CUR6K@718712e8d985,QBY0.DE,2017-04-01,8.7,1728472.4999999998,data_before_corruption (corruption at 2019-04-01),
stock_CUR6K@718712e8d985,QBY0.DE,2017-07-01,9.27,1841717.25,data_before_corruption (corruption at 2019-04-01),
stock_CUR6K@718712e8d985,QBY0.DE,2017-10-01,7.87,1970648.0,data_before_corruption (corruption at 2019-04-01),
stock_CUR6K@718712e8d985,QBY0.DE,2018-01-01,,,data_before_corruption (corruption at 2019-04-01),bookValuePerShare|earningsYield|marketCap|price
stock_CUR6K@718712e8d985,QBY0.DE,2018-04-01,,,data_before_corruption (corruption at 2019-04-01),bookValuePerShare|earningsYield|marketCap|price
stock_CUR6K@718712e8d985,QBY0.DE,2018-07-01,,,data_before_corruption (corruption at 2019-04-01),bookValuePerShare|earningsYield|marketCap|price
stock_CUR6K@718712e8d985,QBY0.DE,2018-10-01,,,data_before_corruption (corruption at 2019-04-01),bookValuePerShare|earningsYield|marketCap|price
stock_CUR6K@718712e8d985,QBY0.DE,2019-01-01,,,data_before_corruption (corruption at 2019-04-01),bookValuePerShare|earningsYield|marketCap|price
stock_CUR6K@718712e8d985,QBY0.DE,2019-04-01,,,data_before_corruption (corruption at 2019-04-01),bookValuePerShare|earningsYield|marketCap|price
stock_CUR6K@718712e8d985,RCAT,2006-10-01,9000.0,702000.0,data_before_corruption (corruption at 2014-07-01),nan
stock_CUR6K@718712e8d985,RCAT,2007-01-01,5400.0,421200.0,data_before_corruption (corruption at 2014-07-01),nan
stock_CUR6K@718712e8d985,RCAT,2007-04-01,5400.0,421200.0,data_before_corruption (corruption at 2014-07-01),nan
stock_CUR6K@718712e8d985,RCAT,2007-07-01,5400.0,421200.0,data_before_corruption (corruption at 2014-07-01),nan
stock_CUR6K@718712e8d985,RCAT,2007-10-01,1800.0,140400.0,data_before_corruption (corruption at 2014-07-01),nan
stock_CUR6K@718712e8d985,RCAT,2008-01-01,1800.0,140400.0,data_before_corruption (corruption at 2014-07-01),nan
stock_CUR6K@718712e8d985,RCAT,2008-04-01,1800.0,140400.0,data_before_corruption (corruption at 2014-07-01),nan
stock_CUR6K@718712e8d985,RCAT,2008-07-01,1800.0,140400.0,data_before_corruption (corruption at 2014-07-01),nan
stock_CUR6K@718712e8d985,RCAT,2008-10-01,1800.0,140400.0,data_before_corruption (corruption at 2014-07-01),nan
stock_CUR6K@718712e8d985,RCAT,2009-01-01,1800.0,140400.0,data_before_corruption (corruption at 2014-07-01),nan
stock_CUR6K@718712e8d985,RCAT,2009-04-01,1800.0,140400.0,data_before_corruption (corruption at 2014-07-01),nan
stock_CUR6K@718712e8d985,RCAT,2009-07-01,1800.0,140400.0,data_before_corruption (corruption at 2014-07-01),nan
stock_CUR6K@718712e8d985,RCAT,2009-10-01,1800.0,140400.0,data_before_corruption (corruption at 2014-07-01),nan
stock_CUR6K@718712e8d985,RCAT,2010-01-01,3600.0,280800.0,data_before_corruption (corruption at 2014-07-01),nan
stock_CUR6K@718712e8d985,RCAT,2010-04-01,5400.0,426600.0,data_before_corruption (corruption at 2014-07-01),nan
stock_CUR6K@718712e8d985,RCAT,2010-07-01,1800.0,142200.0,data_before_corruption (corruption at 2014-07-01),nan
stock_CUR6K@718712e8d985,RCAT,2010-10-01,3600.0,284400.0,data_before_corruption (corruption at 2014-07-01),nan
stock_CUR6K@718712e8d985,RCAT,2011-01-01,10800.0,864000.0,data_before_corruption (corruption at 2014-07-01),nan
stock_CUR6K@718712e8d985,RCAT,2011-04-01,3600.0,288000.0,data_before_corruption (corruption at 2014-07-01),nan
stock_CUR6K@718712e8d985,RCAT,2011-07-01,12600.0,1008000.0,data_before_corruption (corruption at 2014-07-01),nan
stock_CUR6K@718712e8d985,RCAT,2011-10-01,12600.0,1159200.0,data_before_corruption (corruption at 2014-07-01),nan
stock_CUR6K@718712e8d985,RCAT,2012-01-01,7200.0,662400.0,data_before_corruption (corruption at 2014-07-01),nan
stock_CUR6K@718712e8d985,RCAT,2012-04-01,7200.0,662400.0,data_before_corruption (corruption at 2014-07-01),nan
stock_CUR6K@718712e8d985,RCAT,2012-07-01,3600.0,331200.0,data_before_corruption (corruption at 2014-07-01),nan
stock_CUR6K@718712e8d985,RCAT,2012-10-01,5400.0,496800.0,data_before_corruption (corruption at 2014-07-01),nan
stock_CUR6K@718712e8d985,RCAT,2013-01-01,9000.0,828000.0,data_before_corruption (corruption at 2014-07-01),nan
stock_CUR6K@718712e8d985,RCAT,2013-04-01,9000.0,828000.0,data_before_corruption (corruption at 2014-07-01),nan
stock_CUR6K@718712e8d985,RCAT,2013-07-01,7200.0,662400.0,data_before_corruption (corruption at 2014-07-01),nan
stock_CUR6K@718712e8d985,RCAT,2013-10-01,7200.0,662400.0,data_before_corruption (corruption at 2014-07-01),nan
stock_CUR6K@718712e8d985,RCAT,2014-01-01,9000.0,828000.0,data_before_corruption (corruption at 2014-07-01),nan
stock_CUR6K@718712e8d985,RCAT,2014-04-01,7200.0,662400.0,data_before_corruption (corruption at 2014-07-01),nan
stock_CUR6K@718712e8d985,RCAT,2014-07-01,4800.0,600000.0,data_before_corruption (corruption at 2014-07-01),nan
stock_CUR6K@718712e8d985,REC.L,2005-01-01,1.665,368599365.0,data_before_corruption (corruption at 2020-01-01),nan
stock_CUR6K@718712e8d985,REC.L,2006-01-01,1.665,368599365.0,data_before_corruption (corruption at 2020-01-01),nan
stock_CUR6K@718712e8d985,REC.L,2007-01-01,1.665,371133495.0,data_before_corruption (corruption at 2020-01-01),nan
stock_CUR6K@718712e8d985,REC.L,2008-01-01,0.855,189158525.055,data_before_corruption (corruption at 2020-01-01),nan
stock_CUR6K@718712e8d985,REC.L,2008-07-01,0.7775,172012576.8775,data_before_corruption (corruption at 2020-01-01),nan
stock_CUR6K@718712e8d985,REC.L,2009-01-01,0.66,145942676.88,data_before_corruption (corruption at 2020-01-01),nan
stock_CUR6K@718712e8d985,REC.L,2009-07-01,0.875,193484609.5,data_before_corruption (corruption at 2020-01-01),nan
stock_CUR6K@718712e8d985,REC.L,2010-01-01,0.5975,132098244.48,data_before_corruption (corruption at 2020-01-01),nan
stock_CUR6K@718712e8d985,REC.L,2010-07-01,0.505,111647888.64,data_before_corruption (corruption at 2020-01-01),nan
stock_CUR6K@718712e8d985,REC.L,2011-01-01,0.2325,51445652.115,data_before_corruption (corruption at 2020-01-01),nan
stock_CUR6K@718712e8d985,REC.L,2011-07-01,0.28,61956054.160000004,data_before_corruption (corruption at 2020-01-01),nan
stock_CUR6K@718712e8d985,REC.L,2012-01-01,0.11,24237508.68,data_before_corruption (corruption at 2020-01-01),nan
stock_CUR6K@718712e8d985,REC.L,2012-07-01,0.175,38559672.9,data_before_corruption (corruption at 2020-01-01),nan
stock_CUR6K@718712e8d985,REC.L,2013-01-01,0.31999999999999995,69879378.24,data_before_corruption (corruption at 2020-01-01),nan
stock_CUR6K@718712e8d985,REC.L,2013-07-01,0.32380000000000003,70680086.23660001,data_before_corruption (corruption at 2020-01-01),nan
stock_CUR6K@718712e8d985,REC.L,2014-01-01,0.42,91954992.78,data_before_corruption (corruption at 2020-01-01),nan
stock_CUR6K@718712e8d985,REC.L,2014-07-01,0.3475,76054471.33,data_before_corruption (corruption at 2020-01-01),nan
stock_CUR6K@718712e8d985,REC.L,2015-01-01,0.3475,75509243.13499999,data_before_corruption (corruption at 2020-01-01),nan
stock_CUR6K@718712e8d985,REC.L,2015-07-01,0.37,81057412.56,data_before_corruption (corruption at 2020-01-01),nan
stock_CUR6K@718712e8d985,REC.L,2016-01-01,0.255,55220334.660000004,data_before_corruption (corruption at 2020-01-01),nan
stock_CUR6K@718712e8d985,REC.L,2016-07-01,0.2525,54744144.735,data_before_corruption (corruption at 2020-01-01),nan
stock_CUR6K@718712e8d985,REC.L,2017-01-01,0.46499999999999997,101732447.97,data_before_corruption (corruption at 2020-01-01),nan
stock_CUR6K@718712e8d985,REC.L,2017-07-01,0.5125,108974303.85,data_before_corruption (corruption at 2020-01-01),nan
stock_CUR6K@718712e8d985,REC.L,2018-01-01,0.5,99650229.5,data_before_corruption (corruption at 2020-01-01),nan
stock_CUR6K@718712e8d985,REC.L,2018-07-01,0.4,79856358.0,data_before_corruption (corruption at 2020-01-01),nan
stock_CUR6K@718712e8d985,REC.L,2019-01-01,0.284,55793153.827999994,data_before_corruption (corruption at 2020-01-01),nan
stock_CUR6K@718712e8d985,REC.L,2019-07-01,0.3325,65310980.3325,data_before_corruption (corruption at 2020-01-01),nan
stock_CUR6K@718712e8d985,REC.L,2020-01-01,0.266,52386569.074,data_before_corruption (corruption at 2020-01-01),nan
stock_CUR6K@718712e8d985,RUA.L,1994-01-01,9.935828967494267,17967535.799999997,data_before_corruption (corruption at 2013-01-01),nan
stock_CUR6K@718712e8d985,RUA.L,1995-01-01,8.850882126216158,16005563.5,data_before_corruption (corruption at 2013-01-01),nan
stock_CUR6K@718712e8d985,RUA.L,1996-01-01,31.860845378239222,65800101.143882506,data_before_corruption (corruption at 2013-01-01),nan
stock_CUR6K@718712e8d985,RUA.L,1997-01-01,82.83819799957779,171080263.00746003,data_before_corruption (corruption at 2013-01-01),nan
stock_CUR6K@718712e8d985,RUA.L,1998-01-01,118.00715361486346,281240548.85262334,data_before_corruption (corruption at 2013-01-01),nan
stock_CUR6K@718712e8d985,RUA.L,1999-01-01,50.035030756060806,119245987.04938191,data_before_corruption (corruption at 2013-01-01),nan
stock_CUR6K@718712e8d985,RUA.L,2000-01-01,14.979239708586976,46792613.35811496,data_before_corruption (corruption at 2013-01-01),nan
stock_CUR6K@718712e8d985,RUA.L,2001-01-01,13.19599696126641,41222064.38350981,data_before_corruption (corruption at 2013-01-01),nan
stock_CUR6K@718712e8d985,RUA.L,2002-01-01,1.5052224461881227,5620157.423348719,data_before_corruption (corruption at 2013-01-01),nan
stock_CUR6K@718712e8d985,RUA.L,2003-01-01,1.0077337445512795,3762648.03886072,data_before_corruption (corruption at 2013-01-01),nan
stock_CUR6K@718712e8d985,RUA.L,2003-07-01,1.4670700099999998,5620157.423348719,data_before_corruption (corruption at 2013-01-01),nan
stock_CUR6K@718712e8d985,RUA.L,2004-01-01,1.66599503,6382213.71256616,data_before_corruption (corruption at 2013-01-01),nan
stock_CUR6K@718712e8d985,RUA.L,2004-07-01,1.81518799,6953752.84562728,data_before_corruption (corruption at 2013-01-01),nan
stock_CUR6K@718712e8d985,RUA.L,2005-01-01,1.41733902,5429644.36622544,data_before_corruption (corruption at 2013-01-01),nan
stock_CUR6K@718712e8d985,RUA.L,2005-07-01,1.04435501,4000790.36586872,data_before_corruption (corruption at 2013-01-01),nan
stock_CUR6K@718712e8d985,RUA.L,2006-01-01,4.79906097,18384588.29626584,data_before_corruption (corruption at 2013-01-01),nan
stock_CUR6K@718712e8d985,RUA.L,2006-07-01,3.5060488899999998,13431224.52333208,data_before_corruption (corruption at 2013-01-01),nan
stock_CUR6K@718712e8d985,RUA.L,2007-01-01,5.43313293,20813636.81381496,data_before_corruption (corruption at 2013-01-01),nan
stock_CUR6K@718712e8d985,RUA.L,2007-07-01,5.18043053062543,19845566.267718103,data_before_corruption (corruption at 2013-01-01),nan
stock_CUR6K@718712e8d985,RUA.L,2008-01-01,3.962883038320492,15181297.6707769,data_before_corruption (corruption at 2013-01-01),nan
stock_CUR6K@718712e8d985,RUA.L,2008-07-01,2.7598316689268274,12444398.375832992,data_before_corruption (corruption at 2013-01-01),nan
stock_CUR6K@718712e8d985,RUA.L,2009-01-01,1.3933133113852672,6282609.952066979,data_before_corruption (corruption at 2013-01-01),nan
stock_CUR6K@718712e8d985,RUA.L,2009-07-01,1.7903230300000001,8698998.78014397,data_before_corruption (corruption at 2013-01-01),nan
stock_CUR6K@718712e8d985,RUA.L,2010-01-01,1.347715,6548411.065785,data_before_corruption (corruption at 2013-01-01),nan
stock_CUR6K@718712e8d985,RUA.L,2010-07-01,1.59139801,7732442.19939099,data_before_corruption (corruption at 2013-01-01),nan
stock_CUR6K@718712e8d985,RUA.L,2011-01-01,1.9295700099999997,9375585.79201899,data_before_corruption (corruption at 2013-01-01),nan
stock_CUR6K@718712e8d985,RUA.L,2011-07-01,2.0091400100000003,9762208.385448992,data_before_corruption (corruption at 2013-01-01),nan
stock_CUR6K@718712e8d985,RUA.L,2012-01-01,3.22258087,15658194.96666213,data_before_corruption (corruption at 2013-01-01),nan
stock_CUR6K@718712e8d985,RUA.L,2012-07-01,0.0,0.0,data_before_corruption (corruption at 2013-01-01),nan
stock_CUR6K@718712e8d985,RUA.L,2013-01-01,0.0,0.0,data_before_corruption (corruption at 2013-01-01),nan
stock_CUR6K@718712e8d985,SBB-B.ST,2015-01-01,14.27,83417639.55,data_before_corruption (corruption at 2017-01-01),
stock_CUR6K@718712e8d985,SBB-B.ST,2015-04-01,12.77,92522276.67999999,data_before_corruption (corruption at 2017-01-01),
stock_CUR6K@718712e8d985,SBB-B.ST,2015-07-01,19.76,141441230.32000002,data_before_corruption (corruption at 2017-01-01),
stock_CUR6K@718712e8d985,SBB-B.ST,2015-10-01,20.96,149690618.88,data_before_corruption (corruption at 2017-01-01),
stock_CUR6K@718712e8d985,SBB-B.ST,2016-01-01,19.46,143692601.08,data_before_corruption (corruption at 2017-01-01),
stock_CUR6K@718712e8d985,SBB-B.ST,2016-04-01,21.45,155411341.79999998,data_before_corruption (corruption at 2017-01-01),
stock_CUR6K@718712e8d985,SBB-B.ST,2016-07-01,28.04,202741369.35999998,data_before_corruption (corruption at 2017-01-01),
stock_CUR6K@718712e8d985,SBB-B.ST,2016-10-01,30.74,222263541.16,data_before_corruption (corruption at 2017-01-01),propertyPlantEquipmentNet|totalAssets
stock_CUR6K@718712e8d985,SBB-B.ST,2017-01-01,,,data_before_corruption (corruption at 2017-01-01),bookValuePerShare|earningsYield|marketCap|price
stock_CUR6K@718712e8d985,SBB-D.ST,2015-01-01,14.27,83417639.55,data_before_corruption (corruption at 2017-01-01),
stock_CUR6K@718712e8d985,SBB-D.ST,2015-04-01,12.77,92522276.67999999,data_before_corruption (corruption at 2017-01-01),
stock_CUR6K@718712e8d985,SBB-D.ST,2015-07-01,19.76,141441230.32000002,data_before_corruption (corruption at 2017-01-01),
stock_CUR6K@718712e8d985,SBB-D.ST,2015-10-01,20.96,149690618.88,data_before_corruption (corruption at 2017-01-01),
stock_CUR6K@718712e8d985,SBB-D.ST,2016-01-01,19.46,143692601.08,data_before_corruption (corruption at 2017-01-01),
stock_CUR6K@718712e8d985,SBB-D.ST,2016-04-01,21.45,155411341.79999998,data_before_corruption (corruption at 2017-01-01),
stock_CUR6K@718712e8d985,SBB-D.ST,2016-07-01,27.98084901719208,202741369.35999998,data_before_corruption (corruption at 2017-01-01),
stock_CUR6K@718712e8d985,SBB-D.ST,2016-10-01,30.292634392291134,222263541.16,data_before_corruption (corruption at 2017-01-01),
stock_CUR6K@718712e8d985,SBB-D.ST,2017-01-01,,,data_before_corruption (corruption at 2017-01-01),bookValuePerShare|earningsYield|marketCap|price
stock_CUR6K@718712e8d985,SBI.TO,2005-07-01,,0.0,data_before_corruption (corruption at 2010-10-01),nan
stock_CUR6K@718712e8d985,SBI.TO,2005-10-01,92.9016,47840607.936000004,data_before_corruption (corruption at 2010-10-01),nan
stock_CUR6K@718712e8d985,SBI.TO,2006-04-01,,0.0,data_before_corruption (corruption at 2010-10-01),nan
stock_CUR6K@718712e8d985,SBI.TO,2006-10-01,,0.0,data_before_corruption (corruption at 2010-10-01),nan
stock_CUR6K@718712e8d985,SBI.TO,2007-04-01,,0.0,data_before_corruption (corruption at 2010-10-01),nan
stock_CUR6K@718712e8d985,SBI.TO,2007-10-01,,0.0,data_before_corruption (corruption at 2010-10-01),nan
stock_CUR6K@718712e8d985,SBI.TO,2008-04-01,,0.0,data_before_corruption (corruption at 2010-10-01),nan
stock_CUR6K@718712e8d985,SBI.TO,2008-10-01,,0.0,data_before_corruption (corruption at 2010-10-01),nan
stock_CUR6K@718712e8d985,SBI.TO,2009-04-01,,0.0,data_before_corruption (corruption at 2010-10-01),nan
stock_CUR6K@718712e8d985,SBI.TO,2009-10-01,,0.0,data_before_corruption (corruption at 2010-10-01),nan
stock_CUR6K@718712e8d985,SBI.TO,2010-04-01,,0.0,data_before_corruption (corruption at 2010-10-01),nan
stock_CUR6K@718712e8d985,SBI.TO,2010-07-01,0.4771815341414201,28144782.44784,data_before_corruption (corruption at 2010-10-01),nan
stock_CUR6K@718712e8d985,SBI.TO,2010-10-01,0.44812946760238714,26431254.086202,data_before_corruption (corruption at 2010-10-01),nan
stock_CUR6K@718712e8d985,SCNI,2013-10-01,5000.354609929079,7050500.000000001,data_before_corruption (corruption at 2026-01-01),
stock_CUR6K@718712e8d985,SCNI,2014-01-01,5001.846381093058,6772500.0,data_before_corruption (corruption at 2026-01-01),
stock_CUR6K@718712e8d985,SCNI,2014-04-01,5000.0,6785000.0,data_before_corruption (corruption at 2026-01-01),
stock_CUR6K@718712e8d985,SCNI,2014-07-01,5000.0,6785000.0,data_before_corruption (corruption at 2026-01-01),
stock_CUR6K@718712e8d985,SCNI,2014-10-01,5001.473839351511,6787000.0,data_before_corruption (corruption at 2026-01-01),
stock_CUR6K@718712e8d985,SCNI,2015-01-01,5001.105379513633,6786500.0,data_before_corruption (corruption at 2026-01-01),
stock_CUR6K@718712e8d985,SCNI,2015-04-01,4950.0,11914650.0,data_before_corruption (corruption at 2026-01-01),
stock_CUR6K@718712e8d985,SCNI,2015-07-01,3670.4347053597867,12395058.0,data_before_corruption (corruption at 2026-01-01),
stock_CUR6K@718712e8d985,SCNI,2015-10-01,3960.250640495868,13417329.170000002,data_before_corruption (corruption at 2026-01-01),
stock_CUR6K@718712e8d985,SCNI,2016-01-01,3730.331359194551,12597329.0,data_before_corruption (corruption at 2026-01-01),
stock_CUR6K@718712e8d985,SCNI,2016-04-01,3500.310926858158,11820550.0,data_before_corruption (corruption at 2026-01-01),
stock_CUR6K@718712e8d985,SCNI,2016-07-01,3681.125,10837232.0,data_before_corruption (corruption at 2026-01-01),
stock_CUR6K@718712e8d985,SCNI,2016-10-01,3350.29760142138,11313955.0,data_before_corruption (corruption at 2026-01-01),
stock_CUR6K@718712e8d985,SCNI,2017-01-01,5801.285397685299,23559020.0,data_before_corruption (corruption at 2026-01-01),
stock_CUR6K@718712e8d985,SCNI,2017-04-01,8784.599872582481,38608316.440000005,data_before_corruption (corruption at 2026-01-01),
stock_CUR6K@718712e8d985,SCNI,2017-07-01,7150.878108688978,23290410.0,data_before_corruption (corruption at 2026-01-01),
stock_CUR6K@718712e8d985,SCNI,2017-10-01,5520.614601558772,34708104.0,data_before_corruption (corruption at 2026-01-01),
stock_CUR6K@718712e8d985,SCNI,2018-01-01,5433.13253557766,35505521.120000005,data_before_corruption (corruption at 2026-01-01),
stock_CUR6K@718712e8d985,SCNI,2018-04-01,6670.21117619123,42135724.0,data_before_corruption (corruption at 2026-01-01),
stock_CUR6K@718712e8d985,SCNI,2018-07-01,5680.34766641163,37121072.0,data_before_corruption (corruption at 2026-01-01),
stock_CUR6K@718712e8d985,SCNI,2018-10-01,4770.2919663351195,31173858.000000004,data_before_corruption (corruption at 2026-01-01),
stock_CUR6K@718712e8d985,SCNI,2019-01-01,5430.332364192808,35487222.0,data_before_corruption (corruption at 2026-01-01),
stock_CUR6K@718712e8d985,SCNI,2019-04-01,5850.0,38241450.0,data_before_corruption (corruption at 2026-01-01),
stock_CUR6K@718712e8d985,SCNI,2019-07-01,5956.252185879115,56268714.4,data_before_corruption (corruption at 2026-01-01),
stock_CUR6K@718712e8d985,SCNI,2019-10-01,9290.34233072317,100846666.0,data_before_corruption (corruption at 2026-01-01),
stock_CUR6K@718712e8d985,SCNI,2020-01-01,7700.603093792834,78653960.00000001,data_before_corruption (corruption at 2026-01-01),
stock_CUR6K@718712e8d985,SCNI,2020-04-01,22750.8397157885,246550850.0,data_before_corruption (corruption at 2026-01-01),
stock_CUR6K@718712e8d985,SCNI,2020-07-01,56318.917499999996,112637.83499999999,data_before_corruption (corruption at 2026-01-01),
stock_CUR6K@718712e8d985,SCNI,2020-10-01,2810.074760553388,31686403.000000004,data_before_corruption (corruption at 2026-01-01),
stock_CUR6K@718712e8d985,SCNI,2021-01-01,3800.257724189902,50429420.0,data_before_corruption (corruption at 2026-01-01),
stock_CUR6K@718712e8d985,SCNI,2021-04-01,2870.0,41127100.0,data_before_corruption (corruption at 2026-01-01),
stock_CUR6K@718712e8d985,SCNI,2021-07-01,2200.077827894225,24876280.0,data_before_corruption (corruption at 2026-01-01),
stock_CUR6K@718712e8d985,SCNI,2021-10-01,,,data_before_corruption (corruption at 2026-01-01),bookValuePerShare|earningsYield|marketCap|price
stock_CUR6K@718712e8d985,SCNI,2022-01-01,1660.0713326529517,30905548.0,data_before_corruption (corruption at 2026-01-01),
stock_CUR6K@718712e8d985,SCNI,2022-04-01,1165.0311964438731,21753462.5,data_before_corruption (corruption at 2026-01-01),
stock_CUR6K@718712e8d985,SCNI,2022-07-01,,,data_before_corruption (corruption at 2026-01-01),bookValuePerShare|earningsYield|marketCap|price
stock_CUR6K@718712e8d985,SCNI,2022-10-01,296.0060921018781,5752878.4,data_before_corruption (corruption at 2026-01-01),
stock_CUR6K@718712e8d985,SCNI,2023-01-01,216.00442456727325,6326985.600000001,data_before_corruption (corruption at 2026-01-01),
stock_CUR6K@718712e8d985,SCNI,2023-04-01,141.00125162741156,4765278.300000001,data_before_corruption (corruption at 2026-01-01),
stock_CUR6K@718712e8d985,SCNI,2023-07-01,87.22698076923076,10205.55675,data_before_corruption (corruption at 2026-01-01),
stock_CUR6K@718712e8d985,SCNI,2023-10-01,62.784670454545456,690.631375,data_before_corruption (corruption at 2026-01-01),
stock_CUR6K@718712e8d985,SCNI,2024-01-01,51.85974047619048,6534.327300000001,data_before_corruption (corruption at 2026-01-01),
stock_CUR6K@718712e8d985,SCNI,2024-04-01,29.400138331242157,1874552.82,data_before_corruption (corruption at 2026-01-01),
stock_CUR6K@718712e8d985,SCNI,2024-07-01,34.50024538859121,2910302.7,data_before_corruption (corruption at 2026-01-01),
stock_CUR6K@718712e8d985,SCNI,2024-10-01,33.500332357755845,2701332.8000000003,data_before_corruption (corruption at 2026-01-01),
stock_CUR6K@718712e8d985,SCNI,2025-01-01,,,data_before_corruption (corruption at 2026-01-01),bookValuePerShare|earningsYield|marketCap|price
stock_CUR6K@718712e8d985,SCNI,2025-04-01,22.800042986965654,3627897.2400000007,data_before_corruption (corruption at 2026-01-01),
stock_CUR6K@718712e8d985,SCNI,2025-07-01,,,data_before_corruption (corruption at 2026-01-01),bookValuePerShare|earningsYield|marketCap|price
stock_CUR6K@718712e8d985,SCNI,2025-10-01,,,data_before_corruption (corruption at 2026-01-01),bookValuePerShare|earningsYield|marketCap|price
stock_CUR6K@718712e8d985,SCNI,2026-01-01,,,data_before_corruption (corruption at 2026-01-01),bookValuePerShare|earningsYield|marketCap|price
stock_CUR6K@718712e8d985,SHIP,2007-04-01,1691852.55,267312702.9,data_before_corruption (corruption at 2014-01-01),nan
stock_CUR6K@718712e8d985,SHIP,2007-07-01,1691852.55,267312702.9,data_before_corruption (corruption at 2014-01-01),nan
stock_CUR6K@718712e8d985,SHIP,2007-10-01,1682948.06,265905793.48000002,data_before_corruption (corruption at 2014-01-01),nan
stock_CUR6K@718712e8d985,SHIP,2008-01-01,1681167.16,223595232.28,data_before_corruption (corruption at 2014-01-01),nan
stock_CUR6K@718712e8d985,SHIP,2008-04-01,1739936.78,274910011.24,data_before_corruption (corruption at 2014-01-01),nan
stock_CUR6K@718712e8d985,SHIP,2008-10-01,956341.91,118586396.84,data_before_corruption (corruption at 2014-01-01),nan
stock_CUR6K@718712e8d985,SHIP,2009-01-01,680302.81,84357548.44000001,data_before_corruption (corruption at 2014-01-01),nan
stock_CUR6K@718712e8d985,SHIP,2009-04-01,657151.15,81486742.60000001,data_before_corruption (corruption at 2014-01-01),nan
stock_CUR6K@718712e8d985,SHIP,2009-07-01,714139.86,114262377.6,data_before_corruption (corruption at 2014-01-01),nan
stock_CUR6K@718712e8d985,SHIP,2009-10-01,521802.93999999994,96011740.96,data_before_corruption (corruption at 2014-01-01),nan
stock_CUR6K@718712e8d985,SHIP,2010-01-01,206584.1,68999089.4,data_before_corruption (corruption at 2014-01-01),nan
stock_CUR6K@718712e8d985,SHIP,2010-04-01,204803.19999999998,68404268.8,data_before_corruption (corruption at 2014-01-01),nan
stock_CUR6K@718712e8d985,SHIP,2010-07-01,197679.61,93304775.91999999,data_before_corruption (corruption at 2014-01-01),nan
stock_CUR6K@718712e8d985,SHIP,2010-10-01,162952.11,99237834.99,data_before_corruption (corruption at 2014-01-01),nan
stock_CUR6K@718712e8d985,SHIP,2011-01-01,108990.92,66375470.28,data_before_corruption (corruption at 2014-01-01),nan
stock_CUR6K@718712e8d985,SHIP,2011-04-01,70800.0,43117200.0,data_before_corruption (corruption at 2014-01-01),nan
stock_CUR6K@718712e8d985,SHIP,2011-07-01,38280.0,23312520.0,data_before_corruption (corruption at 2014-01-01),nan
stock_CUR6K@718712e8d985,SHIP,2011-10-01,25920.0,15785280.0,data_before_corruption (corruption at 2014-01-01),nan
stock_CUR6K@718712e8d985,SHIP,2012-01-01,39840.0,39680640.0,data_before_corruption (corruption at 2014-01-01),nan
stock_CUR6K@718712e8d985,SHIP,2012-04-01,24840.0,24740640.0,data_before_corruption (corruption at 2014-01-01),nan
stock_CUR6K@718712e8d985,SHIP,2012-07-01,22800.0,22708800.0,data_before_corruption (corruption at 2014-01-01),nan
stock_CUR6K@718712e8d985,SHIP,2012-10-01,12349.36,12299962.56,data_before_corruption (corruption at 2014-01-01),nan
stock_CUR6K@718712e8d985,SHIP,2013-01-01,22677.89,22587178.439999998,data_before_corruption (corruption at 2014-01-01),nan
stock_CUR6K@718712e8d985,SHIP,2013-04-01,17400.0,17330400.0,data_before_corruption (corruption at 2014-01-01),nan
stock_CUR6K@718712e8d985,SHIP,2013-07-01,19590.85,19512486.599999998,data_before_corruption (corruption at 2014-01-01),nan
stock_CUR6K@718712e8d985,SHIP,2013-10-01,23866.4,23770934.400000002,data_before_corruption (corruption at 2014-01-01),nan
stock_CUR6K@718712e8d985,SHIP,2014-01-01,21014.45,20930392.2,data_before_corruption (corruption at 2014-01-01),nan
stock_CUR6K@718712e8d985,SINT,2012-10-01,582120000.0,12806640000.0,data_before_corruption (corruption at 2016-10-01),nan
stock_CUR6K@718712e8d985,SINT,2013-01-01,582120000.0,12806640000.0,data_before_corruption (corruption at 2016-10-01),nan
stock_CUR6K@718712e8d985,SINT,2013-04-01,582120000.0,12806640000.0,data_before_corruption (corruption at 2016-10-01),nan
stock_CUR6K@718712e8d985,SINT,2013-07-01,582120000.0,12806640000.0,data_before_corruption (corruption at 2016-10-01),nan
stock_CUR6K@718712e8d985,SINT,2013-10-01,582120000.0,12806640000.0,data_before_corruption (corruption at 2016-10-01),nan
stock_CUR6K@718712e8d985,SINT,2014-01-01,812160000.0,17867520000.0,data_before_corruption (corruption at 2016-10-01),nan
stock_CUR6K@718712e8d985,SINT,2014-04-01,487080000.0,10715760000.0,data_before_corruption (corruption at 2016-10-01),nan
stock_CUR6K@718712e8d985,SINT,2014-07-01,173880000.0,3999240000.0,data_before_corruption (corruption at 2016-10-01),nan
stock_CUR6K@718712e8d985,SINT,2014-10-01,86400000.0,4147200000.0,data_before_corruption (corruption at 2016-10-01),nan
stock_CUR6K@718712e8d985,SINT,2015-01-01,37918800.0,2009696400.0,data_before_corruption (corruption at 2016-10-01),nan
stock_CUR6K@718712e8d985,SINT,2015-04-01,61776000.0,7474896000.0,data_before_corruption (corruption at 2016-10-01),nan
stock_CUR6K@718712e8d985,SINT,2015-07-01,33696000.0,4919616000.0,data_before_corruption (corruption at 2016-10-01),nan
stock_CUR6K@718712e8d985,SINT,2015-10-01,12819600.0,2974147200.0,data_before_corruption (corruption at 2016-10-01),nan
stock_CUR6K@718712e8d985,SINT,2016-01-01,11160000.0,3537720000.0,data_before_corruption (corruption at 2016-10-01),nan
stock_CUR6K@718712e8d985,SINT,2016-04-01,9504000.0,3506976000.0,data_before_corruption (corruption at 2016-10-01),nan
stock_CUR6K@718712e8d985,SINT,2016-07-01,6688800.0,4902890400.0,data_before_corruption (corruption at 2016-10-01),nan
stock_CUR6K@718712e8d985,SINT,2016-10-01,4538160.0,3449001600.0,data_before_corruption (corruption at 2016-10-01),nan
stock_CUR6K@718712e8d985,SLXN,2020-10-01,2632.5,28965397.5,data_before_corruption (corruption at 2024-04-01),nan
stock_CUR6K@718712e8d985,SLXN,2021-01-01,2632.5,28965397.5,data_before_corruption (corruption at 2024-04-01),nan
stock_CUR6K@718712e8d985,SLXN,2021-04-01,2632.5,28965397.5,data_before_corruption (corruption at 2024-04-01),nan
stock_CUR6K@718712e8d985,SLXN,2021-07-01,2632.5,28965397.5,data_before_corruption (corruption at 2024-04-01),nan
stock_CUR6K@718712e8d985,SLXN,2021-10-01,2632.5,28965397.5,data_before_corruption (corruption at 2024-04-01),nan
stock_CUR6K@718712e8d985,SLXN,2022-01-01,2632.5,28965397.5,data_before_corruption (corruption at 2024-04-01),nan
stock_CUR6K@718712e8d985,SLXN,2022-04-01,2632.5,28965397.5,data_before_corruption (corruption at 2024-04-01),nan
stock_CUR6K@718712e8d985,SLXN,2022-07-01,2632.5,28965397.5,data_before_corruption (corruption at 2024-04-01),nan
stock_CUR6K@718712e8d985,SLXN,2022-10-01,2632.5,28965397.5,data_before_corruption (corruption at 2024-04-01),nan
stock_CUR6K@718712e8d985,SLXN,2023-01-01,2632.5,21157402.5,data_before_corruption (corruption at 2024-04-01),nan
stock_CUR6K@718712e8d985,SLXN,2023-04-01,2632.5,11590897.5,data_before_corruption (corruption at 2024-04-01),nan
stock_CUR6K@718712e8d985,SLXN,2023-07-01,2632.5,9700762.5,data_before_corruption (corruption at 2024-04-01),nan
stock_CUR6K@718712e8d985,SLXN,2023-10-01,2632.5,1704457.7027513685,data_before_corruption (corruption at 2024-04-01),nan
stock_CUR6K@718712e8d985,SLXN,2024-01-01,2632.5,1960793.258842197,data_before_corruption (corruption at 2024-04-01),nan
stock_CUR6K@718712e8d985,SLXN,2024-04-01,2632.5,1959098.6616538547,data_before_corruption (corruption at 2024-04-01),nan
stock_CUR6K@718712e8d985,SXTC,2017-01-01,,0.0,data_before_corruption (corruption at 2026-01-01),nan
stock_CUR6K@718712e8d985,SXTC,2017-04-01,,0.0,data_before_corruption (corruption at 2026-01-01),nan
stock_CUR6K@718712e8d985,SXTC,2017-10-01,1102072640.0,11333715029760.0,data_before_corruption (corruption at 2026-01-01),nan
stock_CUR6K@718712e8d985,SXTC,2018-01-01,1102072640.0,1660823468480.0,data_before_corruption (corruption at 2026-01-01),nan
stock_CUR6K@718712e8d985,SXTC,2018-04-01,,0.0,data_before_corruption (corruption at 2026-01-01),nan
stock_CUR6K@718712e8d985,SXTC,2018-07-01,,0.0,data_before_corruption (corruption at 2026-01-01),nan
stock_CUR6K@718712e8d985,SXTC,2018-10-01,1102072640.0,11646703659520.0,data_before_corruption (corruption at 2026-01-01),nan
stock_CUR6K@718712e8d985,SXTC,2019-01-01,1261431600.0,13330809148800.0,data_before_corruption (corruption at 2026-01-01),nan
stock_CUR6K@718712e8d985,SXTC,2019-04-01,756474968.0,8595825061384.0,data_before_corruption (corruption at 2026-01-01),nan
stock_CUR6K@718712e8d985,SXTC,2019-07-01,241918391.0,2748918676933.0,data_before_corruption (corruption at 2026-01-01),nan
stock_CUR6K@718712e8d985,SXTC,2019-10-01,157438952.0,2104171593480.0,data_before_corruption (corruption at 2026-01-01),nan
stock_CUR6K@718712e8d985,SXTC,2020-01-01,107538484.0,1437251838660.0,data_before_corruption (corruption at 2026-01-01),nan
stock_CUR6K@718712e8d985,SXTC,2020-04-01,101240926.0,2913713850280.0,data_before_corruption (corruption at 2026-01-01),nan
stock_CUR6K@718712e8d985,SXTC,2020-07-01,47001287.0,1352697039860.0,data_before_corruption (corruption at 2026-01-01),nan
stock_CUR6K@718712e8d985,SXTC,2020-10-01,63109980.0,1816557664320.0,data_before_corruption (corruption at 2026-01-01),nan
stock_CUR6K@718712e8d985,SXTC,2021-01-01,88319412.0,2542185955008.0,data_before_corruption (corruption at 2026-01-01),nan
stock_CUR6K@718712e8d985,SXTC,2021-04-01,69599536.0,2164475970064.0,data_before_corruption (corruption at 2026-01-01),nan
stock_CUR6K@718712e8d985,SXTC,2021-07-01,49439671.0,1537524328429.0,data_before_corruption (corruption at 2026-01-01),nan
stock_CUR6K@718712e8d985,SXTC,2021-10-01,31214192.0,1625728761936.0,data_before_corruption (corruption at 2026-01-01),nan
stock_CUR6K@718712e8d985,SXTC,2022-01-01,13439910.0,699990832530.0,data_before_corruption (corruption at 2026-01-01),nan
stock_CUR6K@718712e8d985,SXTC,2022-04-01,4199972.0,429724335152.0,data_before_corruption (corruption at 2026-01-01),nan
stock_CUR6K@718712e8d985,SXTC,2022-07-01,1847988.0,189078740208.0,data_before_corruption (corruption at 2026-01-01),nan
stock_CUR6K@718712e8d985,SXTC,2022-10-01,1300791.2,561460505656.0,data_before_corruption (corruption at 2026-01-01),nan
stock_CUR6K@718712e8d985,SXTC,2023-01-01,680635.2,293782571376.0,data_before_corruption (corruption at 2026-01-01),nan
stock_CUR6K@718712e8d985,SXTC,2023-04-01,563996.0,282825382132.0,data_before_corruption (corruption at 2026-01-01),nan
stock_CUR6K@718712e8d985,SXTC,2023-07-01,295198.4,148032256052.80002,data_before_corruption (corruption at 2026-01-01),nan
stock_CUR6K@718712e8d985,SXTC,2023-10-01,381117.5999999999,330589790827.19995,data_before_corruption (corruption at 2026-01-01),nan
stock_CUR6K@718712e8d985,SXTC,2024-01-01,159359.2,196549972018.40002,data_before_corruption (corruption at 2026-01-01),nan
stock_CUR6K@718712e8d985,SXTC,2024-04-01,100789.6,40710935232.0,data_before_corruption (corruption at 2026-01-01),nan
stock_CUR6K@718712e8d985,SXTC,2024-07-01,70060.0,28298635200.0,data_before_corruption (corruption at 2026-01-01),nan
stock_CUR6K@718712e8d985,SXTC,2024-10-01,48777.6,119148165523.2,data_before_corruption (corruption at 2026-01-01),nan
stock_CUR6K@718712e8d985,SXTC,2025-01-01,29938.4,73129990788.8,data_before_corruption (corruption at 2026-01-01),nan
stock_CUR6K@718712e8d985,SXTC,2025-07-01,18840.0,14573079120.0,data_before_corruption (corruption at 2026-01-01),nan
stock_CUR6K@718712e8d985,SXTC,2025-10-01,19200.0,11246860800.0,data_before_corruption (corruption at 2026-01-01),nan
stock_CUR6K@718712e8d985,SXTC,2026-01-01,134.4,78728025.60000001,data_before_corruption (corruption at 2026-01-01),nan
stock_CUR6K@718712e8d985,TAL.TO,2006-07-01,166.0,156411176.0,data_before_corruption (corruption at 2016-10-01),nan
stock_CUR6K@718712e8d985,TAL.TO,2006-10-01,166.27756251152104,178602388.0,data_before_corruption (corruption at 2016-10-01),nan
stock_CUR6K@718712e8d985,TAL.TO,2007-01-01,162.0,153225432.0,data_before_corruption (corruption at 2016-10-01),nan
stock_CUR6K@718712e8d985,TAL.TO,2007-04-01,196.0,185685304.0,data_before_corruption (corruption at 2016-10-01),nan
stock_CUR6K@718712e8d985,TAL.TO,2007-07-01,206.0,196799216.0,data_before_corruption (corruption at 2016-10-01),nan
stock_CUR6K@718712e8d985,TAL.TO,2007-10-01,296.26486676799686,276002720.0,data_before_corruption (corruption at 2016-10-01),nan
stock_CUR6K@718712e8d985,TAL.TO,2008-01-01,229.98030395381755,273930000.0,data_before_corruption (corruption at 2016-10-01),nan
stock_CUR6K@718712e8d985,TAL.TO,2008-04-01,293.88545118625177,350742000.0,data_before_corruption (corruption at 2016-10-01),nan
stock_CUR6K@718712e8d985,TAL.TO,2008-07-01,129.9595292432705,164060000.0,data_before_corruption (corruption at 2016-10-01),nan
stock_CUR6K@718712e8d985,TAL.TO,2008-10-01,39.006236232198816,49031190.0,data_before_corruption (corruption at 2016-10-01),nan
stock_CUR6K@718712e8d985,TAL.TO,2009-01-01,65.0,85112300.0,data_before_corruption (corruption at 2016-10-01),nan
stock_CUR6K@718712e8d985,TAL.TO,2009-04-01,113.00741880764691,148030000.0,data_before_corruption (corruption at 2016-10-01),nan
stock_CUR6K@718712e8d985,TAL.TO,2009-07-01,145.9787323128362,191406000.0,data_before_corruption (corruption at 2016-10-01),nan
stock_CUR6K@718712e8d985,TAL.TO,2009-10-01,188.01705987809797,246562000.0,data_before_corruption (corruption at 2016-10-01),nan
stock_CUR6K@718712e8d985,TAL.TO,2010-01-01,210.99680065503176,278309000.0,data_before_corruption (corruption at 2016-10-01),nan
stock_CUR6K@718712e8d985,TAL.TO,2010-04-01,188.04225668689594,250980000.0,data_before_corruption (corruption at 2016-10-01),nan
stock_CUR6K@718712e8d985,TAL.TO,2010-07-01,313.93343408716345,459068000.0,data_before_corruption (corruption at 2016-10-01),nan
stock_CUR6K@718712e8d985,TAL.TO,2010-10-01,302.2094353731895,503150000.0,data_before_corruption (corruption at 2016-10-01),nan
stock_CUR6K@718712e8d985,TAL.TO,2011-01-01,448.0923657624986,847616000.0,data_before_corruption (corruption at 2016-10-01),nan
stock_CUR6K@718712e8d985,TAL.TO,2011-04-01,173.04451013646556,329565000.0,data_before_corruption (corruption at 2016-10-01),nan
stock_CUR6K@718712e8d985,TAL.TO,2011-07-01,96.0209652762612,197856000.0,data_before_corruption (corruption at 2016-10-01),nan
stock_CUR6K@718712e8d985,TAL.TO,2011-10-01,162.57513556750143,345525000.0,data_before_corruption (corruption at 2016-10-01),nan
stock_CUR6K@718712e8d985,TAL.TO,2012-01-01,160.96601346526114,358386000.0,data_before_corruption (corruption at 2016-10-01),nan
stock_CUR6K@718712e8d985,TAL.TO,2012-04-01,96.00560176311903,213888000.0,data_before_corruption (corruption at 2016-10-01),nan
stock_CUR6K@718712e8d985,TAL.TO,2012-07-01,145.62025225580948,324542400.0,data_before_corruption (corruption at 2016-10-01),nan
stock_CUR6K@718712e8d985,TAL.TO,2012-10-01,75.80903325356105,178343025.0,data_before_corruption (corruption at 2016-10-01),nan
stock_CUR6K@718712e8d985,TAL.TO,2013-01-01,79.29935971449565,196426100.0,data_before_corruption (corruption at 2016-10-01),nan
stock_CUR6K@718712e8d985,TAL.TO,2013-04-01,70.99518443516428,219816000.0,data_before_corruption (corruption at 2016-10-01),nan
stock_CUR6K@718712e8d985,TAL.TO,2013-07-01,71.99511661030743,222912000.0,data_before_corruption (corruption at 2016-10-01),nan
stock_CUR6K@718712e8d985,TAL.TO,2013-10-01,60.00258289264107,181200000.0,data_before_corruption (corruption at 2016-10-01),nan
stock_CUR6K@718712e8d985,TAL.TO,2014-01-01,58.69601868090343,181735200.0,data_before_corruption (corruption at 2016-10-01),nan
stock_CUR6K@718712e8d985,TAL.TO,2014-04-01,54.99626963287374,170280000.0,data_before_corruption (corruption at 2016-10-01),nan
stock_CUR6K@718712e8d985,TAL.TO,2014-07-01,44.98390596795015,162728830.0,data_before_corruption (corruption at 2016-10-01),nan
stock_CUR6K@718712e8d985,TAL.TO,2014-10-01,19.265182090908336,69547500.0,data_before_corruption (corruption at 2016-10-01),nan
stock_CUR6K@718712e8d985,TAL.TO,2015-01-01,13.8,52605600.0,data_before_corruption (corruption at 2016-10-01),nan
stock_CUR6K@718712e8d985,TAL.TO,2015-04-01,15.0,57180000.0,data_before_corruption (corruption at 2016-10-01),nan
stock_CUR6K@718712e8d985,TAL.TO,2015-07-01,5.00039587498268,20210000.0,data_before_corruption (corruption at 2016-10-01),nan
stock_CUR6K@718712e8d985,TAL.TO,2015-10-01,2.1981085116973618,9273600.0,data_before_corruption (corruption at 2016-10-01),nan
stock_CUR6K@718712e8d985,TAL.TO,2016-01-01,2.000122290085671,8832000.0,data_before_corruption (corruption at 2016-10-01),nan
stock_CUR6K@718712e8d985,TAL.TO,2016-04-01,0.9999924939232817,54622000.0,data_before_corruption (corruption at 2016-10-01),nan
stock_CUR6K@718712e8d985,TAL.TO,2016-07-01,0.46,67705560.0,data_before_corruption (corruption at 2016-10-01),nan
stock_CUR6K@718712e8d985,TAL.TO,2016-10-01,132.4674,66233700.0,data_before_corruption (corruption at 2016-10-01),nan
stock_CUR6K@718712e8d985,TECK-A.TO,2006-07-01,34.9125,15040305000.0,data_before_corruption (corruption at 2009-10-01),nan
stock_CUR6K@718712e8d985,TECK-A.TO,2006-10-01,43.870824,18899550979.2,data_before_corruption (corruption at 2009-10-01),nan
stock_CUR6K@718712e8d985,TECK-A.TO,2007-01-01,40.23575999999999,17333565407.999996,data_before_corruption (corruption at 2009-10-01),nan
stock_CUR6K@718712e8d985,TECK-A.TO,2007-04-01,44.84175,19071196275.0,data_before_corruption (corruption at 2009-10-01),nan
stock_CUR6K@718712e8d985,TECK-A.TO,2007-07-01,49.158564000000005,20907314240.030403,data_before_corruption (corruption at 2009-10-01),nan
stock_CUR6K@718712e8d985,TECK-A.TO,2007-10-01,36.69846256932695,15607988245.2,data_before_corruption (corruption at 2009-10-01),nan
stock_CUR6K@718712e8d985,TECK-A.TO,2008-01-01,41.9913728,18552367354.114048,data_before_corruption (corruption at 2009-10-01),nan
stock_CUR6K@718712e8d985,TECK-A.TO,2008-04-01,48.9804455,21698337356.5,data_before_corruption (corruption at 2009-10-01),nan
stock_CUR6K@718712e8d985,TECK-A.TO,2008-07-01,30.988048,13873349089.6,data_before_corruption (corruption at 2009-10-01),nan
stock_CUR6K@718712e8d985,TECK-A.TO,2008-10-01,6.369048999463087,2846964902.7599998,data_before_corruption (corruption at 2009-10-01),nan
stock_CUR6K@718712e8d985,TECK-A.TO,2009-01-01,6.9921120000000005,3404459332.8,data_before_corruption (corruption at 2009-10-01),nan
stock_CUR6K@718712e8d985,TECK-A.TO,2009-04-01,18.520207799999998,9021193219.38,data_before_corruption (corruption at 2009-10-01),nan
stock_CUR6K@718712e8d985,TECK-A.TO,2009-07-01,29.4742599,16859276662.8,data_before_corruption (corruption at 2009-10-01),nan
stock_CUR6K@718712e8d985,TECK-A.TO,2009-10-01,0.0,0.0,data_before_corruption (corruption at 2009-10-01),nan
stock_CUR6K@718712e8d985,TECK-B.TO,2006-07-01,34.9125,15040305000.0,data_before_corruption (corruption at 2009-10-01),nan
stock_CUR6K@718712e8d985,TECK-B.TO,2006-10-01,43.870824,18899550979.2,data_before_corruption (corruption at 2009-10-01),nan
stock_CUR6K@718712e8d985,TECK-B.TO,2007-01-01,40.23575999999999,17333565407.999996,data_before_corruption (corruption at 2009-10-01),nan
stock_CUR6K@718712e8d985,TECK-B.TO,2007-04-01,44.84175,19071196275.0,data_before_corruption (corruption at 2009-10-01),nan
stock_CUR6K@718712e8d985,TECK-B.TO,2007-07-01,49.158564000000005,20907314240.030403,data_before_corruption (corruption at 2009-10-01),nan
stock_CUR6K@718712e8d985,TECK-B.TO,2007-10-01,36.69846256932695,15607988245.2,data_before_corruption (corruption at 2009-10-01),nan
stock_CUR6K@718712e8d985,TECK-B.TO,2008-01-01,41.9913728,18552367354.114048,data_before_corruption (corruption at 2009-10-01),nan
stock_CUR6K@718712e8d985,TECK-B.TO,2008-04-01,48.9804455,21698337356.5,data_before_corruption (corruption at 2009-10-01),nan
stock_CUR6K@718712e8d985,TECK-B.TO,2008-07-01,30.988048,13873349089.6,data_before_corruption (corruption at 2009-10-01),nan
stock_CUR6K@718712e8d985,TECK-B.TO,2008-10-01,6.369048999463087,2846964902.7599998,data_before_corruption (corruption at 2009-10-01),nan
stock_CUR6K@718712e8d985,TECK-B.TO,2009-01-01,6.9921120000000005,3404459332.8,data_before_corruption (corruption at 2009-10-01),nan
stock_CUR6K@718712e8d985,TECK-B.TO,2009-04-01,18.520207799999998,9021193219.38,data_before_corruption (corruption at 2009-10-01),nan
stock_CUR6K@718712e8d985,TECK-B.TO,2009-07-01,29.4742599,16859276662.8,data_before_corruption (corruption at 2009-10-01),nan
stock_CUR6K@718712e8d985,TECK-B.TO,2009-10-01,0.0,0.0,data_before_corruption (corruption at 2009-10-01),nan
stock_CUR6K@718712e8d985,TONX,2013-04-01,,17460000.0,data_before_corruption (corruption at 2016-01-01),nan
stock_CUR6K@718712e8d985,TONX,2013-07-01,,17460000.0,data_before_corruption (corruption at 2016-01-01),nan
stock_CUR6K@718712e8d985,TONX,2013-10-01,,0.0,data_before_corruption (corruption at 2016-01-01),nan
stock_CUR6K@718712e8d985,TONX,2014-01-01,180000.0,17460000.0,data_before_corruption (corruption at 2016-01-01),nan
stock_CUR6K@718712e8d985,TONX,2014-04-01,180000.0,17460000.0,data_before_corruption (corruption at 2016-01-01),nan
stock_CUR6K@718712e8d985,TONX,2014-07-01,180000.0,17460000.0,data_before_corruption (corruption at 2016-01-01),nan
stock_CUR6K@718712e8d985,TONX,2014-10-01,238800.0,51488384400.0,data_before_corruption (corruption at 2016-01-01),nan
stock_CUR6K@718712e8d985,TONX,2015-01-01,156000.0,79404000.0,data_before_corruption (corruption at 2016-01-01),nan
stock_CUR6K@718712e8d985,TONX,2015-04-01,156000.0,79716000.0,data_before_corruption (corruption at 2016-01-01),nan
stock_CUR6K@718712e8d985,TONX,2015-07-01,240000.0,126720000.0,data_before_corruption (corruption at 2016-01-01),nan
stock_CUR6K@718712e8d985,TONX,2015-10-01,6000.0,3421980.0000000005,data_before_corruption (corruption at 2016-01-01),nan
stock_CUR6K@718712e8d985,TONX,2016-01-01,9600.0,5107200.0,data_before_corruption (corruption at 2016-01-01),nan
stock_CUR6K@718712e8d985,TVC,2006-07-01,,,data_before_corruption (corruption at 2026-04-01),bookValuePerShare|earningsYield|marketCap|price
stock_CUR6K@718712e8d985,TVC,2006-10-01,,,data_before_corruption (corruption at 2026-04-01),bookValuePerShare|earningsYield|marketCap|price
stock_CUR6K@718712e8d985,TVC,2007-01-01,,,data_before_corruption (corruption at 2026-04-01),bookValuePerShare|earningsYield|marketCap|price
stock_CUR6K@718712e8d985,TVC,2007-04-01,,,data_before_corruption (corruption at 2026-04-01),bookValuePerShare|earningsYield|marketCap|price
stock_CUR6K@718712e8d985,TVC,2007-07-01,,,data_before_corruption (corruption at 2026-04-01),bookValuePerShare|earningsYield|marketCap|price
stock_CUR6K@718712e8d985,TVC,2007-10-01,,,data_before_corruption (corruption at 2026-04-01),bookValuePerShare|earningsYield|marketCap|price
stock_CUR6K@718712e8d985,TVC,2008-01-01,,,data_before_corruption (corruption at 2026-04-01),bookValuePerShare|earningsYield|marketCap|price
stock_CUR6K@718712e8d985,TVC,2008-04-01,,,data_before_corruption (corruption at 2026-04-01),bookValuePerShare|earningsYield|marketCap|price
stock_CUR6K@718712e8d985,TVC,2008-07-01,,,data_before_corruption (corruption at 2026-04-01),bookValuePerShare|earningsYield|marketCap|price
stock_CUR6K@718712e8d985,TVC,2008-10-01,,,data_before_corruption (corruption at 2026-04-01),bookValuePerShare|earningsYield|marketCap|price
stock_CUR6K@718712e8d985,TVC,2009-01-01,,,data_before_corruption (corruption at 2026-04-01),bookValuePerShare|earningsYield|marketCap|price
stock_CUR6K@718712e8d985,TVC,2009-07-01,,,data_before_corruption (corruption at 2026-04-01),bookValuePerShare|earningsYield|marketCap|price
stock_CUR6K@718712e8d985,TVC,2009-10-01,,,data_before_corruption (corruption at 2026-04-01),bookValuePerShare|earningsYield|marketCap|price
stock_CUR6K@718712e8d985,TVC,2010-01-01,,,data_before_corruption (corruption at 2026-04-01),bookValuePerShare|earningsYield|marketCap|price
stock_CUR6K@718712e8d985,TVC,2010-04-01,,,data_before_corruption (corruption at 2026-04-01),bookValuePerShare|earningsYield|marketCap|price
stock_CUR6K@718712e8d985,TVC,2010-07-01,,,data_before_corruption (corruption at 2026-04-01),bookValuePerShare|earningsYield|marketCap|price
stock_CUR6K@718712e8d985,TVC,2010-10-01,,,data_before_corruption (corruption at 2026-04-01),bookValuePerShare|earningsYield|marketCap|price
stock_CUR6K@718712e8d985,TVC,2011-01-01,,,data_before_corruption (corruption at 2026-04-01),bookValuePerShare|earningsYield|marketCap|price
stock_CUR6K@718712e8d985,TVC,2011-04-01,,,data_before_corruption (corruption at 2026-04-01),bookValuePerShare|earningsYield|marketCap|price
stock_CUR6K@718712e8d985,TVC,2011-07-01,,,data_before_corruption (corruption at 2026-04-01),bookValuePerShare|earningsYield|marketCap|price
stock_CUR6K@718712e8d985,TVC,2011-10-01,,,data_before_corruption (corruption at 2026-04-01),bookValuePerShare|earningsYield|marketCap|price
stock_CUR6K@718712e8d985,TVC,2012-01-01,,,data_before_corruption (corruption at 2026-04-01),bookValuePerShare|earningsYield|marketCap|price
stock_CUR6K@718712e8d985,TVC,2012-04-01,,,data_before_corruption (corruption at 2026-04-01),bookValuePerShare|earningsYield|marketCap|price
stock_CUR6K@718712e8d985,TVC,2012-07-01,,,data_before_corruption (corruption at 2026-04-01),bookValuePerShare|earningsYield|marketCap|price
stock_CUR6K@718712e8d985,TVC,2012-10-01,,0.0,data_before_corruption (corruption at 2026-04-01),
stock_CUR6K@718712e8d985,TVC,2013-01-01,,0.0,data_before_corruption (corruption at 2026-04-01),
stock_CUR6K@718712e8d985,TVC,2013-04-01,,0.0,data_before_corruption (corruption at 2026-04-01),
stock_CUR6K@718712e8d985,TVC,2013-07-01,,0.0,data_before_corruption (corruption at 2026-04-01),
stock_CUR6K@718712e8d985,TVC,2013-10-01,,0.0,data_before_corruption (corruption at 2026-04-01),
stock_CUR6K@718712e8d985,TVC,2014-01-01,,0.0,data_before_corruption (corruption at 2026-04-01),
stock_CUR6K@718712e8d985,TVC,2014-04-01,,0.0,data_before_corruption (corruption at 2026-04-01),
stock_CUR6K@718712e8d985,TVC,2014-07-01,,0.0,data_before_corruption (corruption at 2026-04-01),
stock_CUR6K@718712e8d985,TVC,2014-10-01,,0.0,data_before_corruption (corruption at 2026-04-01),
stock_CUR6K@718712e8d985,TVC,2015-01-01,,0.0,data_before_corruption (corruption at 2026-04-01),
stock_CUR6K@718712e8d985,TVC,2015-04-01,,0.0,data_before_corruption (corruption at 2026-04-01),
stock_CUR6K@718712e8d985,TVC,2015-07-01,,0.0,data_before_corruption (corruption at 2026-04-01),
stock_CUR6K@718712e8d985,TVC,2015-10-01,,0.0,data_before_corruption (corruption at 2026-04-01),
stock_CUR6K@718712e8d985,TVC,2016-01-01,,0.0,data_before_corruption (corruption at 2026-04-01),
stock_CUR6K@718712e8d985,TVC,2016-04-01,,0.0,data_before_corruption (corruption at 2026-04-01),
stock_CUR6K@718712e8d985,TVC,2016-07-01,,0.0,data_before_corruption (corruption at 2026-04-01),
stock_CUR6K@718712e8d985,TVC,2016-10-01,,0.0,data_before_corruption (corruption at 2026-04-01),
stock_CUR6K@718712e8d985,TVC,2017-01-01,,0.0,data_before_corruption (corruption at 2026-04-01),
stock_CUR6K@718712e8d985,TVC,2017-04-01,,0.0,data_before_corruption (corruption at 2026-04-01),
stock_CUR6K@718712e8d985,TVC,2017-07-01,,0.0,data_before_corruption (corruption at 2026-04-01),
stock_CUR6K@718712e8d985,TVC,2017-10-01,,0.0,data_before_corruption (corruption at 2026-04-01),
stock_CUR6K@718712e8d985,TVC,2018-01-01,,0.0,data_before_corruption (corruption at 2026-04-01),
stock_CUR6K@718712e8d985,TVC,2018-04-01,,0.0,data_before_corruption (corruption at 2026-04-01),
stock_CUR6K@718712e8d985,TVC,2018-07-01,,0.0,data_before_corruption (corruption at 2026-04-01),
stock_CUR6K@718712e8d985,TVC,2018-10-01,,0.0,data_before_corruption (corruption at 2026-04-01),
stock_CUR6K@718712e8d985,TVC,2019-01-01,,0.0,data_before_corruption (corruption at 2026-04-01),
stock_CUR6K@718712e8d985,TVC,2019-04-01,,0.0,data_before_corruption (corruption at 2026-04-01),
stock_CUR6K@718712e8d985,TVC,2019-07-01,,,data_before_corruption (corruption at 2026-04-01),bookValuePerShare|earningsYield|marketCap|price
stock_CUR6K@718712e8d985,TVC,2019-10-01,,,data_before_corruption (corruption at 2026-04-01),bookValuePerShare|earningsYield|marketCap|price
stock_CUR6K@718712e8d985,TVC,2020-01-01,,,data_before_corruption (corruption at 2026-04-01),bookValuePerShare|earningsYield|marketCap|price
stock_CUR6K@718712e8d985,TVC,2020-04-01,,,data_before_corruption (corruption at 2026-04-01),bookValuePerShare|earningsYield|marketCap|price
stock_CUR6K@718712e8d985,TVC,2020-07-01,,,data_before_corruption (corruption at 2026-04-01),bookValuePerShare|earningsYield|marketCap|price
stock_CUR6K@718712e8d985,TVC,2020-10-01,,,data_before_corruption (corruption at 2026-04-01),bookValuePerShare|earningsYield|marketCap|price
stock_CUR6K@718712e8d985,TVC,2021-01-01,,,data_before_corruption (corruption at 2026-04-01),bookValuePerShare|earningsYield|marketCap|price
stock_CUR6K@718712e8d985,TVC,2021-04-01,,,data_before_corruption (corruption at 2026-04-01),bookValuePerShare|earningsYield|marketCap|price
stock_CUR6K@718712e8d985,TVC,2021-07-01,,,data_before_corruption (corruption at 2026-04-01),bookValuePerShare|earningsYield|marketCap|price
stock_CUR6K@718712e8d985,TVC,2021-10-01,,,data_before_corruption (corruption at 2026-04-01),bookValuePerShare|earningsYield|marketCap|price
stock_CUR6K@718712e8d985,TVC,2022-01-01,,,data_before_corruption (corruption at 2026-04-01),bookValuePerShare|earningsYield|marketCap|price
stock_CUR6K@718712e8d985,TVC,2022-04-01,,,data_before_corruption (corruption at 2026-04-01),bookValuePerShare|earningsYield|marketCap|price
stock_CUR6K@718712e8d985,TVC,2022-07-01,,,data_before_corruption (corruption at 2026-04-01),bookValuePerShare|earningsYield|marketCap|price
stock_CUR6K@718712e8d985,TVC,2022-10-01,,,data_before_corruption (corruption at 2026-04-01),bookValuePerShare|earningsYield|marketCap|price
stock_CUR6K@718712e8d985,TVC,2023-01-01,,,data_before_corruption (corruption at 2026-04-01),bookValuePerShare|earningsYield|marketCap|price
stock_CUR6K@718712e8d985,TVC,2023-04-01,,,data_before_corruption (corruption at 2026-04-01),bookValuePerShare|earningsYield|marketCap|price
stock_CUR6K@718712e8d985,TVC,2023-07-01,,,data_before_corruption (corruption at 2026-04-01),bookValuePerShare|earningsYield|marketCap|price
stock_CUR6K@718712e8d985,TVC,2023-10-01,,,data_before_corruption (corruption at 2026-04-01),bookValuePerShare|earningsYield|marketCap|price
stock_CUR6K@718712e8d985,TVC,2024-01-01,,,data_before_corruption (corruption at 2026-04-01),bookValuePerShare|earningsYield|marketCap|price
stock_CUR6K@718712e8d985,TVC,2024-04-01,,,data_before_corruption (corruption at 2026-04-01),bookValuePerShare|earningsYield|marketCap|price
stock_CUR6K@718712e8d985,TVC,2024-07-01,,,data_before_corruption (corruption at 2026-04-01),bookValuePerShare|earningsYield|marketCap|price
stock_CUR6K@718712e8d985,TVC,2024-10-01,,,data_before_corruption (corruption at 2026-04-01),bookValuePerShare|earningsYield|marketCap|price
stock_CUR6K@718712e8d985,TVC,2025-01-01,,,data_before_corruption (corruption at 2026-04-01),bookValuePerShare|earningsYield|marketCap|price
stock_CUR6K@718712e8d985,TVC,2025-04-01,,,data_before_corruption (corruption at 2026-04-01),bookValuePerShare|earningsYield|marketCap|price
stock_CUR6K@718712e8d985,TVC,2025-07-01,,,data_before_corruption (corruption at 2026-04-01),bookValuePerShare|earningsYield|marketCap|price
stock_CUR6K@718712e8d985,TVC,2025-10-01,,,data_before_corruption (corruption at 2026-04-01),bookValuePerShare|earningsYield|marketCap|price
stock_CUR6K@718712e8d985,TVC,2026-01-01,,,data_before_corruption (corruption at 2026-04-01),bookValuePerShare|earningsYield|marketCap|price
stock_CUR6K@718712e8d985,TVC,2026-04-01,,,data_before_corruption (corruption at 2026-04-01),bookValuePerShare|earningsYield|marketCap|price
stock_CUR6K@718712e8d985,TXP.L,2006-07-01,0.14753724000000001,4962210.43324812,data_before_corruption (corruption at 2012-01-01),
stock_CUR6K@718712e8d985,TXP.L,2006-10-01,0.15429827999999998,5093165.730557879,data_before_corruption (corruption at 2012-01-01),
stock_CUR6K@718712e8d985,TXP.L,2007-01-01,0.15505475999999999,5593286.171001479,data_before_corruption (corruption at 2012-01-01),
stock_CUR6K@718712e8d985,TXP.L,2007-04-01,,,data_before_corruption (corruption at 2012-01-01),bookValuePerShare|earningsYield|marketCap|price
stock_CUR6K@718712e8d985,TXP.L,2007-07-01,,,data_before_corruption (corruption at 2012-01-01),bookValuePerShare|earningsYield|marketCap|price
stock_CUR6K@718712e8d985,TXP.L,2007-10-01,,,data_before_corruption (corruption at 2012-01-01),bookValuePerShare|earningsYield|marketCap|price
stock_CUR6K@718712e8d985,TXP.L,2008-01-01,,,data_before_corruption (corruption at 2012-01-01),bookValuePerShare|earningsYield|marketCap|price
stock_CUR6K@718712e8d985,TXP.L,2008-04-01,,,data_before_corruption (corruption at 2012-01-01),bookValuePerShare|earningsYield|marketCap|price
stock_CUR6K@718712e8d985,TXP.L,2008-07-01,,,data_before_corruption (corruption at 2012-01-01),bookValuePerShare|earningsYield|marketCap|price
stock_CUR6K@718712e8d985,TXP.L,2008-10-01,,,data_before_corruption (corruption at 2012-01-01),bookValuePerShare|earningsYield|marketCap|price
stock_CUR6K@718712e8d985,TXP.L,2009-01-01,,,data_before_corruption (corruption at 2012-01-01),bookValuePerShare|earningsYield|marketCap|price
stock_CUR6K@718712e8d985,TXP.L,2009-04-01,,,data_before_corruption (corruption at 2012-01-01),bookValuePerShare|earningsYield|marketCap|price
stock_CUR6K@718712e8d985,TXP.L,2009-07-01,,,data_before_corruption (corruption at 2012-01-01),bookValuePerShare|earningsYield|marketCap|price
stock_CUR6K@718712e8d985,TXP.L,2009-10-01,,,data_before_corruption (corruption at 2012-01-01),bookValuePerShare|earningsYield|marketCap|price
stock_CUR6K@718712e8d985,TXP.L,2010-01-01,,,data_before_corruption (corruption at 2012-01-01),bookValuePerShare|earningsYield|marketCap|price
stock_CUR6K@718712e8d985,TXP.L,2010-04-01,,,data_before_corruption (corruption at 2012-01-01),bookValuePerShare|earningsYield|marketCap|price
stock_CUR6K@718712e8d985,TXP.L,2010-07-01,,,data_before_corruption (corruption at 2012-01-01),bookValuePerShare|earningsYield|marketCap|price
stock_CUR6K@718712e8d985,TXP.L,2010-10-01,,,data_before_corruption (corruption at 2012-01-01),bookValuePerShare|earningsYield|marketCap|price
stock_CUR6K@718712e8d985,TXP.L,2011-01-01,,,data_before_corruption (corruption at 2012-01-01),bookValuePerShare|earningsYield|marketCap|price
stock_CUR6K@718712e8d985,TXP.L,2011-04-01,,,data_before_corruption (corruption at 2012-01-01),bookValuePerShare|earningsYield|marketCap|price
stock_CUR6K@718712e8d985,TXP.L,2011-07-01,,,data_before_corruption (corruption at 2012-01-01),bookValuePerShare|earningsYield|marketCap|price
stock_CUR6K@718712e8d985,TXP.L,2011-10-01,,,data_before_corruption (corruption at 2012-01-01),bookValuePerShare|earningsYield|marketCap|price
stock_CUR6K@718712e8d985,TXP.L,2012-01-01,,,data_before_corruption (corruption at 2012-01-01),bookValuePerShare|earningsYield|marketCap|price
stock_CUR6K@718712e8d985,TXP.TO,2006-07-01,0.14753724000000001,4962210.43324812,data_before_corruption (corruption at 2012-01-01),
stock_CUR6K@718712e8d985,TXP.TO,2006-10-01,0.14119062852285225,5093165.730557879,data_before_corruption (corruption at 2012-01-01),
stock_CUR6K@718712e8d985,TXP.TO,2007-01-01,0.15505475999999999,5593286.171001479,data_before_corruption (corruption at 2012-01-01),
stock_CUR6K@718712e8d985,TXP.TO,2007-04-01,,,data_before_corruption (corruption at 2012-01-01),bookValuePerShare|earningsYield|marketCap|price
stock_CUR6K@718712e8d985,TXP.TO,2007-07-01,,,data_before_corruption (corruption at 2012-01-01),bookValuePerShare|earningsYield|marketCap|price
stock_CUR6K@718712e8d985,TXP.TO,2007-10-01,,,data_before_corruption (corruption at 2012-01-01),bookValuePerShare|earningsYield|marketCap|price
stock_CUR6K@718712e8d985,TXP.TO,2008-01-01,,,data_before_corruption (corruption at 2012-01-01),bookValuePerShare|earningsYield|marketCap|price
stock_CUR6K@718712e8d985,TXP.TO,2008-04-01,,,data_before_corruption (corruption at 2012-01-01),bookValuePerShare|earningsYield|marketCap|price
stock_CUR6K@718712e8d985,TXP.TO,2008-07-01,,,data_before_corruption (corruption at 2012-01-01),bookValuePerShare|earningsYield|marketCap|price
stock_CUR6K@718712e8d985,TXP.TO,2008-10-01,,,data_before_corruption (corruption at 2012-01-01),bookValuePerShare|earningsYield|marketCap|price
stock_CUR6K@718712e8d985,TXP.TO,2009-01-01,,,data_before_corruption (corruption at 2012-01-01),bookValuePerShare|earningsYield|marketCap|price
stock_CUR6K@718712e8d985,TXP.TO,2009-04-01,,,data_before_corruption (corruption at 2012-01-01),bookValuePerShare|earningsYield|marketCap|price
stock_CUR6K@718712e8d985,TXP.TO,2009-07-01,,,data_before_corruption (corruption at 2012-01-01),bookValuePerShare|earningsYield|marketCap|price
stock_CUR6K@718712e8d985,TXP.TO,2009-10-01,,,data_before_corruption (corruption at 2012-01-01),bookValuePerShare|earningsYield|marketCap|price
stock_CUR6K@718712e8d985,TXP.TO,2010-01-01,,,data_before_corruption (corruption at 2012-01-01),bookValuePerShare|earningsYield|marketCap|price
stock_CUR6K@718712e8d985,TXP.TO,2010-04-01,,,data_before_corruption (corruption at 2012-01-01),bookValuePerShare|earningsYield|marketCap|price
stock_CUR6K@718712e8d985,TXP.TO,2010-07-01,,,data_before_corruption (corruption at 2012-01-01),bookValuePerShare|earningsYield|marketCap|price
stock_CUR6K@718712e8d985,TXP.TO,2010-10-01,,,data_before_corruption (corruption at 2012-01-01),bookValuePerShare|earningsYield|marketCap|price
stock_CUR6K@718712e8d985,TXP.TO,2011-01-01,,,data_before_corruption (corruption at 2012-01-01),bookValuePerShare|earningsYield|marketCap|price
stock_CUR6K@718712e8d985,TXP.TO,2011-04-01,,,data_before_corruption (corruption at 2012-01-01),bookValuePerShare|earningsYield|marketCap|price
stock_CUR6K@718712e8d985,TXP.TO,2011-07-01,,,data_before_corruption (corruption at 2012-01-01),bookValuePerShare|earningsYield|marketCap|price
stock_CUR6K@718712e8d985,TXP.TO,2011-10-01,,,data_before_corruption (corruption at 2012-01-01),bookValuePerShare|earningsYield|marketCap|price
stock_CUR6K@718712e8d985,TXP.TO,2012-01-01,,,data_before_corruption (corruption at 2012-01-01),bookValuePerShare|earningsYield|marketCap|price
stock_CUR6K@718712e8d985,URU.L,2008-01-01,15.8688,1326568.2048,data_before_corruption (corruption at 2010-01-01),
stock_CUR6K@718712e8d985,URU.L,2008-07-01,,,data_before_corruption (corruption at 2010-01-01),bookValuePerShare|earningsYield|marketCap|price
stock_CUR6K@718712e8d985,URU.L,2009-01-01,13.032838,1424919.277054,data_before_corruption (corruption at 2010-01-01),
stock_CUR6K@718712e8d985,URU.L,2010-01-01,11.841023999999999,1317633.627648,data_before_corruption (corruption at 2010-01-01),
stock_CUR6K@718712e8d985,VALUE.AS,2004-10-01,,0.0,data_before_corruption (corruption at 2012-10-01),nan
stock_CUR6K@718712e8d985,VALUE.AS,2005-10-01,0.0,0.0,data_before_corruption (corruption at 2012-10-01),nan
stock_CUR6K@718712e8d985,VALUE.AS,2006-10-01,0.0,0.0,data_before_corruption (corruption at 2012-10-01),nan
stock_CUR6K@718712e8d985,VALUE.AS,2007-10-01,0.0,0.0,data_before_corruption (corruption at 2012-10-01),nan
stock_CUR6K@718712e8d985,VALUE.AS,2008-10-01,0.0,0.0,data_before_corruption (corruption at 2012-10-01),nan
stock_CUR6K@718712e8d985,VALUE.AS,2009-10-01,0.0,0.0,data_before_corruption (corruption at 2012-10-01),nan
stock_CUR6K@718712e8d985,VALUE.AS,2010-04-01,0.0,0.0,data_before_corruption (corruption at 2012-10-01),nan
stock_CUR6K@718712e8d985,VALUE.AS,2010-10-01,0.0,0.0,data_before_corruption (corruption at 2012-10-01),nan
stock_CUR6K@718712e8d985,VALUE.AS,2011-04-01,0.0,0.0,data_before_corruption (corruption at 2012-10-01),nan
stock_CUR6K@718712e8d985,VALUE.AS,2011-10-01,0.0,0.0,data_before_corruption (corruption at 2012-10-01),nan
stock_CUR6K@718712e8d985,VALUE.AS,2012-04-01,0.0,0.0,data_before_corruption (corruption at 2012-10-01),nan
stock_CUR6K@718712e8d985,VALUE.AS,2012-10-01,0.0,0.0,data_before_corruption (corruption at 2012-10-01),nan
stock_CUR6K@718712e8d985,VIVK,2008-10-01,5804563.97,118993.56138500002,data_before_corruption (corruption at 2010-07-01),nan
stock_CUR6K@718712e8d985,VIVK,2009-01-01,5804563.97,121895.84337,data_before_corruption (corruption at 2010-07-01),nan
stock_CUR6K@718712e8d985,VIVK,2009-04-01,5804563.97,108835.5744375,data_before_corruption (corruption at 2010-07-01),nan
stock_CUR6K@718712e8d985,VIVK,2009-07-01,6385020.42,143662.95945000002,data_before_corruption (corruption at 2010-07-01),nan
stock_CUR6K@718712e8d985,VIVK,2009-10-01,1973551.74,53779.284915000004,data_before_corruption (corruption at 2010-07-01),nan
stock_CUR6K@718712e8d985,VIVK,2010-01-01,1102867.2,30053.131200000003,data_before_corruption (corruption at 2010-07-01),nan
stock_CUR6K@718712e8d985,VIVK,2010-04-01,174136.93,5615.9159925,data_before_corruption (corruption at 2010-07-01),nan
stock_CUR6K@718712e8d985,VIVK,2010-07-01,75459.34,2867.45492,data_before_corruption (corruption at 2010-07-01),nan
stock_CUR6K@718712e8d985,VLK.AS,2009-10-01,,0.0,data_before_corruption (corruption at 2019-04-01),
stock_CUR6K@718712e8d985,VLK.AS,2010-04-01,,0.0,data_before_corruption (corruption at 2019-04-01),
stock_CUR6K@718712e8d985,VLK.AS,2010-10-01,,0.0,data_before_corruption (corruption at 2019-04-01),
stock_CUR6K@718712e8d985,VLK.AS,2011-04-01,,0.0,data_before_corruption (corruption at 2019-04-01),
stock_CUR6K@718712e8d985,VLK.AS,2011-10-01,,0.0,data_before_corruption (corruption at 2019-04-01),
stock_CUR6K@718712e8d985,VLK.AS,2012-04-01,,0.0,data_before_corruption (corruption at 2019-04-01),
stock_CUR6K@718712e8d985,VLK.AS,2012-10-01,,0.0,data_before_corruption (corruption at 2019-04-01),
stock_CUR6K@718712e8d985,VLK.AS,2013-04-01,,0.0,data_before_corruption (corruption at 2019-04-01),
stock_CUR6K@718712e8d985,VLK.AS,2013-10-01,,0.0,data_before_corruption (corruption at 2019-04-01),
stock_CUR6K@718712e8d985,VLK.AS,2014-04-01,,,data_before_corruption (corruption at 2019-04-01),bookValuePerShare|earningsYield|marketCap|price
stock_CUR6K@718712e8d985,VLK.AS,2014-10-01,,,data_before_corruption (corruption at 2019-04-01),bookValuePerShare|earningsYield|marketCap|price
stock_CUR6K@718712e8d985,VLK.AS,2015-04-01,22.34,912060904.74,data_before_corruption (corruption at 2019-04-01),
stock_CUR6K@718712e8d985,VLK.AS,2016-04-01,,,data_before_corruption (corruption at 2019-04-01),bookValuePerShare|earningsYield|marketCap|price
stock_CUR6K@718712e8d985,VLK.AS,2017-04-01,,,data_before_corruption (corruption at 2019-04-01),bookValuePerShare|earningsYield|marketCap|price
stock_CUR6K@718712e8d985,VLK.AS,2017-10-01,,,data_before_corruption (corruption at 2019-04-01),bookValuePerShare|earningsYield|marketCap|price
stock_CUR6K@718712e8d985,VLK.AS,2018-04-01,,,data_before_corruption (corruption at 2019-04-01),bookValuePerShare|earningsYield|marketCap|price
stock_CUR6K@718712e8d985,VLK.AS,2018-10-01,,,data_before_corruption (corruption at 2019-04-01),bookValuePerShare|earningsYield|marketCap|price
stock_CUR6K@718712e8d985,VLK.AS,2019-04-01,,,data_before_corruption (corruption at 2019-04-01),bookValuePerShare|earningsYield|marketCap|price
stock_CUR6K@718712e8d985,XRN,2012-01-01,34.96,19228.0,data_before_corruption (corruption at 2014-04-01),
stock_CUR6K@718712e8d985,XRN,2012-04-01,34.96,19228.0,data_before_corruption (corruption at 2014-04-01),
stock_CUR6K@718712e8d985,XRN,2012-07-01,34.96,27968.0,data_before_corruption (corruption at 2014-04-01),
stock_CUR6K@718712e8d985,XRN,2012-10-01,34.96,27968.0,data_before_corruption (corruption at 2014-04-01),
stock_CUR6K@718712e8d985,XRN,2013-01-01,34.96,26744.4,data_before_corruption (corruption at 2014-04-01),
stock_CUR6K@718712e8d985,XRN,2013-04-01,34.96,27968.0,data_before_corruption (corruption at 2014-04-01),
stock_CUR6K@718712e8d985,XRN,2013-07-01,34.96,27968.0,data_before_corruption (corruption at 2014-04-01),
stock_CUR6K@718712e8d985,XRN,2013-10-01,34.96,27968.0,data_before_corruption (corruption at 2014-04-01),
stock_CUR6K@718712e8d985,XRN,2014-01-01,34.96,27968.0,data_before_corruption (corruption at 2014-04-01),
stock_CUR6K@718712e8d985,XRN,2014-04-01,34.96,27968.0,data_before_corruption (corruption at 2014-04-01),
stock_CUR6K@718712e8d985,XTP.DE,2010-07-01,,0.0,data_before_corruption (corruption at 2021-07-01),
stock_CUR6K@718712e8d985,XTP.DE,2011-01-01,7.3,12797812.5,data_before_corruption (corruption at 2021-07-01),
stock_CUR6K@718712e8d985,XTP.DE,2011-07-01,,0.0,data_before_corruption (corruption at 2021-07-01),totalCurrentLiabilities|totalLiabilities
stock_CUR6K@718712e8d985,XTP.DE,2012-01-01,,0.0,data_before_corruption (corruption at 2021-07-01),
stock_CUR6K@718712e8d985,XTP.DE,2012-07-01,,0.0,data_before_corruption (corruption at 2021-07-01),
stock_CUR6K@718712e8d985,XTP.DE,2013-01-01,2.23,5212625.0,data_before_corruption (corruption at 2021-07-01),
stock_CUR6K@718712e8d985,XTP.DE,2013-07-01,2.23,5212625.0,data_before_corruption (corruption at 2021-07-01),
stock_CUR6K@718712e8d985,XTP.DE,2014-01-01,2.23,5212625.0,data_before_corruption (corruption at 2021-07-01),
stock_CUR6K@718712e8d985,XTP.DE,2014-07-01,2.23,5212625.0,data_before_corruption (corruption at 2021-07-01),
stock_CUR6K@718712e8d985,XTP.DE,2015-01-01,2.23,5212625.0,data_before_corruption (corruption at 2021-07-01),
stock_CUR6K@718712e8d985,XTP.DE,2015-07-01,2.23,5212625.0,data_before_corruption (corruption at 2021-07-01),
stock_CUR6K@718712e8d985,XTP.DE,2016-01-01,2.23,5212625.0,data_before_corruption (corruption at 2021-07-01),
stock_CUR6K@718712e8d985,XTP.DE,2016-07-01,2.23,5212625.0,data_before_corruption (corruption at 2021-07-01),
stock_CUR6K@718712e8d985,XTP.DE,2017-01-01,2.23,5212625.0,data_before_corruption (corruption at 2021-07-01),
stock_CUR6K@718712e8d985,XTP.DE,2017-07-01,2.23,5212625.0,data_before_corruption (corruption at 2021-07-01),
stock_CUR6K@718712e8d985,XTP.DE,2018-01-01,2.23,5212625.0,data_before_corruption (corruption at 2021-07-01),
stock_CUR6K@718712e8d985,XTP.DE,2018-07-01,2.23,5212625.0,data_before_corruption (corruption at 2021-07-01),
stock_CUR6K@718712e8d985,XTP.DE,2019-01-01,2.23,5212625.0,data_before_corruption (corruption at 2021-07-01),
stock_CUR6K@718712e8d985,XTP.DE,2019-07-01,2.23,5212625.0,data_before_corruption (corruption at 2021-07-01),
stock_CUR6K@718712e8d985,XTP.DE,2020-01-01,2.23,5212625.0,data_before_corruption (corruption at 2021-07-01),
stock_CUR6K@718712e8d985,XTP.DE,2020-07-01,2.23,5212625.0,data_before_corruption (corruption at 2021-07-01),
stock_CUR6K@718712e8d985,XTP.DE,2021-01-01,2.23,5212625.0,data_before_corruption (corruption at 2021-07-01),
stock_CUR6K@718712e8d985,XTP.DE,2021-07-01,2.23,5212625.0,data_before_corruption (corruption at 2021-07-01),
stock_CUR6K@718712e8d985,Y.TO,2011-10-01,0.185,94832938.245,data_before_corruption (corruption at 2012-10-01),nan
stock_CUR6K@718712e8d985,Y.TO,2012-07-01,0.06,1677304.6199999999,data_before_corruption (corruption at 2012-10-01),nan
stock_CUR6K@718712e8d985,Y.TO,2012-10-01,6.57,183664855.89000002,data_before_corruption (corruption at 2012-10-01),nan
stock_CUR6K@718712e8d985,ZNB,2018-01-01,,0.0,data_before_corruption (corruption at 2024-10-01),nan
stock_CUR6K@718712e8d985,ZNB,2018-04-01,,0.0,data_before_corruption (corruption at 2024-10-01),nan
stock_CUR6K@718712e8d985,ZNB,2018-10-01,,0.0,data_before_corruption (corruption at 2024-10-01),nan
stock_CUR6K@718712e8d985,ZNB,2019-10-01,,0.0,data_before_corruption (corruption at 2024-10-01),nan
stock_CUR6K@718712e8d985,ZNB,2020-10-01,56000000.0,251091679.99999997,data_before_corruption (corruption at 2024-10-01),nan
stock_CUR6K@718712e8d985,ZNB,2021-04-01,82400000.0,909338384.0,data_before_corruption (corruption at 2024-10-01),nan
stock_CUR6K@718712e8d985,ZNB,2021-10-01,40000000.0,521999200.00000006,data_before_corruption (corruption at 2024-10-01),nan
stock_CUR6K@718712e8d985,ZNB,2022-04-01,10400000.0,161647155.78959998,data_before_corruption (corruption at 2024-10-01),nan
stock_CUR6K@718712e8d985,ZNB,2022-10-01,1820000.0000000002,1093062.8800000001,data_before_corruption (corruption at 2024-10-01),nan
stock_CUR6K@718712e8d985,ZNB,2023-04-01,2800000.0,181339340.0,data_before_corruption (corruption at 2024-10-01),nan
stock_CUR6K@718712e8d985,ZNB,2023-10-01,740000.0,72479277.8,data_before_corruption (corruption at 2024-10-01),nan
stock_CUR6K@718712e8d985,ZNB,2024-04-01,420000.0,88052806.8,data_before_corruption (corruption at 2024-10-01),nan
stock_CUR6K@718712e8d985,ZNB,2024-10-01,47400.0,17562060.24,data_before_corruption (corruption at 2024-10-01),nan
stock_CUR6K@718712e8d985,0MEL.L,2026-04-01,2.19,303327881.58,insufficient_data_after_corruption (<8 periods),nan
stock_CUR6K@718712e8d985,0QK3.L,2025-04-01,44.66103778295671,6346568520.0,insufficient_data_after_corruption (<8 periods),nan
stock_CUR6K@718712e8d985,0QK3.L,2025-10-01,45.07942406437288,6756717620.0,insufficient_data_after_corruption (<8 periods),nan
stock_CUR6K@718712e8d985,0QK3.L,2026-04-01,52.70708571428571,7378992000.0,insufficient_data_after_corruption (<8 periods),nan
stock_CUR6K@718712e8d985,0V46.L,2026-04-01,1.0278399999999999,551099748.99584,insufficient_data_after_corruption (<8 periods),nan
stock_CUR6K@718712e8d985,3ITN.DE,2021-10-01,17.7,87615000.0,insufficient_data_after_corruption (<8 periods),
stock_CUR6K@718712e8d985,3ITN.DE,2022-04-01,14.8,73260000.0,insufficient_data_after_corruption (<8 periods),
stock_CUR6K@718712e8d985,3ITN.DE,2022-10-01,17.4,86130000.0,insufficient_data_after_corruption (<8 periods),
stock_CUR6K@718712e8d985,3ITN.DE,2023-04-01,15.2,75240000.0,insufficient_data_after_corruption (<8 periods),
stock_CUR6K@718712e8d985,3ITN.DE,2023-10-01,12.6,62001109.8,insufficient_data_after_corruption (<8 periods),
stock_CUR6K@718712e8d985,3ITN.DE,2025-10-01,14.1,69382194.3,insufficient_data_after_corruption (<8 periods),
stock_CUR6K@718712e8d985,AKAN,2024-04-01,271.2,2048373.5999999999,insufficient_data_after_corruption (<8 periods),nan
stock_CUR6K@718712e8d985,AKAN,2024-10-01,96.0,3144672.0,insufficient_data_after_corruption (<8 periods),nan
stock_CUR6K@718712e8d985,AKAN,2025-04-01,84.0,2914296.0,insufficient_data_after_corruption (<8 periods),nan
stock_CUR6K@718712e8d985,AKAN,2025-10-01,9.16,625802.04,insufficient_data_after_corruption (<8 periods),nan
stock_CUR6K@718712e8d985,ALKOM.PA,2023-04-01,1.07,12840204.370000001,insufficient_data_after_corruption (<8 periods),nan
stock_CUR6K@718712e8d985,ALKOM.PA,2023-10-01,1.0620650954638973,12744984.0,insufficient_data_after_corruption (<8 periods),nan
stock_CUR6K@718712e8d985,ALKOM.PA,2024-04-01,1.07,12733276.06,insufficient_data_after_corruption (<8 periods),nan
stock_CUR6K@718712e8d985,ALKOM.PA,2024-10-01,1.0049720396568638,12019260.58,insufficient_data_after_corruption (<8 periods),nan
stock_CUR6K@718712e8d985,ALKOM.PA,2025-04-01,1.0,11926106.0,insufficient_data_after_corruption (<8 periods),nan
stock_CUR6K@718712e8d985,ALKOM.PA,2025-10-01,0.88,10474078.56,insufficient_data_after_corruption (<8 periods),nan
stock_CUR6K@718712e8d985,ALSPW.PA,2023-10-01,6.4,457689.60000000003,insufficient_data_after_corruption (<8 periods),nan
stock_CUR6K@718712e8d985,ALSPW.PA,2024-04-01,0.58,161714094.32,insufficient_data_after_corruption (<8 periods),nan
stock_CUR6K@718712e8d985,ALSPW.PA,2024-10-01,0.0815,22723618.426,insufficient_data_after_corruption (<8 periods),nan
stock_CUR6K@718712e8d985,ALSPW.PA,2025-04-01,0.1224,4156113.0527999997,insufficient_data_after_corruption (<8 periods),nan
stock_CUR6K@718712e8d985,ALSPW.PA,2025-10-01,0.152,5408768.0,insufficient_data_after_corruption (<8 periods),nan
stock_CUR6K@718712e8d985,ATO.PA,2025-04-01,32.28,601364650.08,insufficient_data_after_corruption (<8 periods),nan
stock_CUR6K@718712e8d985,ATO.PA,2025-10-01,50.17,1015892330.0,insufficient_data_after_corruption (<8 periods),nan
stock_CUR6K@718712e8d985,ATO.PA,2026-04-01,33.64,660978433.04,insufficient_data_after_corruption (<8 periods),nan
stock_CUR6K@718712e8d985,BGEO.L,2026-01-01,92.8,3956668684.7999997,insufficient_data_after_corruption (<8 periods),
stock_CUR6K@718712e8d985,BGEO.L,2026-04-01,113.3,4879131712.4,insufficient_data_after_corruption (<8 periods),
stock_CUR6K@718712e8d985,BSP.OL,2025-10-01,4.97,22953328.72,insufficient_data_after_corruption (<8 periods),
stock_CUR6K@718712e8d985,CNSY,2025-04-01,,,insufficient_data_after_corruption (<8 periods),bookValuePerShare|earningsYield|marketCap|price
stock_CUR6K@718712e8d985,CNSY,2025-07-01,,,insufficient_data_after_corruption (<8 periods),bookValuePerShare|earningsYield|marketCap|price
stock_CUR6K@718712e8d985,CNSY,2025-10-01,4.05,12604345.2,insufficient_data_after_corruption (<8 periods),
stock_CUR6K@718712e8d985,CNSY,2026-01-01,4.05,26916498.45,insufficient_data_after_corruption (<8 periods),
stock_CUR6K@718712e8d985,CNSY,2026-04-01,4.05,27431156.25,insufficient_data_after_corruption (<8 periods),
stock_CUR6K@718712e8d985,DKG.DE,2026-04-01,1.26,138506860.8,insufficient_data_after_corruption (<8 periods),
stock_CUR6K@718712e8d985,FMONC.PA,2024-07-01,,,insufficient_data_after_corruption (<8 periods),bookValuePerShare|earningsYield|marketCap|price
stock_CUR6K@718712e8d985,FMONC.PA,2024-10-01,138.82,2546930540.0,insufficient_data_after_corruption (<8 periods),
stock_CUR6K@718712e8d985,FMONC.PA,2025-01-01,,,insufficient_data_after_corruption (<8 periods),bookValuePerShare|earningsYield|marketCap|price
stock_CUR6K@718712e8d985,FMONC.PA,2025-04-01,,,insufficient_data_after_corruption (<8 periods),bookValuePerShare|earningsYield|marketCap|price
stock_CUR6K@718712e8d985,FMONC.PA,2025-07-01,,,insufficient_data_after_corruption (<8 periods),bookValuePerShare|earningsYield|marketCap|price
stock_CUR6K@718712e8d985,FMONC.PA,2025-10-01,115.0,2143933500.0,insufficient_data_after_corruption (<8 periods),
stock_CUR6K@718712e8d985,FMV.DE,2025-04-01,8.27,4011663312.31,insufficient_data_after_corruption (<8 periods),nan
stock_CUR6K@718712e8d985,FMV.DE,2025-07-01,12.29,6006401270.179999,insufficient_data_after_corruption (<8 periods),nan
stock_CUR6K@718712e8d985,FMV.DE,2025-10-01,16.66,8185429584.64,insufficient_data_after_corruption (<8 periods),nan
stock_CUR6K@718712e8d985,FMV.DE,2026-01-01,21.48,10586968360.56,insufficient_data_after_corruption (<8 periods),nan
stock_CUR6K@718712e8d985,FMV.DE,2026-04-01,17.10051252045175,8436289449.92,insufficient_data_after_corruption (<8 periods),nan
stock_CUR6K@718712e8d985,KMCP.OL,2024-10-01,28.8,20001600.0,insufficient_data_after_corruption (<8 periods),propertyPlantEquipmentNet|totalAssets|totalCurrentAssets|totalCurrentLiabilities|totalLiabilities
stock_CUR6K@718712e8d985,KMCP.OL,2025-01-01,42.0,29102472.0,insufficient_data_after_corruption (<8 periods),propertyPlantEquipmentNet|totalAssets|totalCurrentAssets
stock_CUR6K@718712e8d985,KMCP.OL,2025-04-01,105.0,72756180.0,insufficient_data_after_corruption (<8 periods),propertyPlantEquipmentNet|totalAssets|totalCurrentAssets|totalCurrentLiabilities|totalLiabilities
stock_CUR6K@718712e8d985,KMCP.OL,2025-07-01,,,insufficient_data_after_corruption (<8 periods),bookValuePerShare|earningsYield|marketCap|price
stock_CUR6K@718712e8d985,KMCP.OL,2025-10-01,,,insufficient_data_after_corruption (<8 periods),bookValuePerShare|earningsYield|marketCap|price
stock_CUR6K@718712e8d985,KMCP.OL,2026-01-01,25.5,2600912509.5,insufficient_data_after_corruption (<8 periods),
stock_CUR6K@718712e8d985,LGCL,2025-10-01,1896.7427500000001,42340988.408250004,insufficient_data_after_corruption (<8 periods),nan
stock_CUR6K@718712e8d985,MERC.L,2024-01-01,0.335,147775144.39000002,insufficient_data_after_corruption (<8 periods),nan
stock_CUR6K@718712e8d985,MERC.L,2024-07-01,0.32,142080000.0,insufficient_data_after_corruption (<8 periods),nan
stock_CUR6K@718712e8d985,MERC.L,2025-01-01,0.255,111637215.0,insufficient_data_after_corruption (<8 periods),nan
stock_CUR6K@718712e8d985,MERC.L,2025-07-01,0.33,142389060.0,insufficient_data_after_corruption (<8 periods),nan
stock_CUR6K@718712e8d985,MERC.L,2026-01-01,0.275,116931925.00000001,insufficient_data_after_corruption (<8 periods),nan
stock_CUR6K@718712e8d985,PRHI,2024-10-01,8.19,14300771.94,insufficient_data_after_corruption (<8 periods),nan
stock_CUR6K@718712e8d985,PRHI,2025-01-01,3.58,6251131.08,insufficient_data_after_corruption (<8 periods),nan
stock_CUR6K@718712e8d985,PRHI,2025-04-01,5.08,8870320.08,insufficient_data_after_corruption (<8 periods),nan
stock_CUR6K@718712e8d985,PRHI,2025-07-01,8.54,14911916.04,insufficient_data_after_corruption (<8 periods),nan
stock_CUR6K@718712e8d985,PRHI,2025-10-01,4.99,8713168.74,insufficient_data_after_corruption (<8 periods),nan
stock_CUR6K@718712e8d985,PRHI,2026-01-01,3.57,6233669.819999999,insufficient_data_after_corruption (<8 periods),nan
stock_CUR6K@718712e8d985,PRHI,2026-04-01,4.91,60014345.71,insufficient_data_after_corruption (<8 periods),nan
stock_CUR6K@718712e8d985,SCNI,2026-04-01,2.53,144215611.54,insufficient_data_after_corruption (<8 periods),
stock_CUR6K@718712e8d985,ZNB,2025-04-01,17200.0,188563600.0,insufficient_data_after_corruption (<8 periods),nan
stock_CUR6K@718712e8d985,ZNB,2025-10-01,464.0,132285240.0,insufficient_data_after_corruption (<8 periods),nan
stock_CUR6K@718712e8d985,0DOL.L,2012-07-01,,,primary_input_absent [netCashProvidedByOperatingActivities NaN (value=NaN)],nan
stock_CUR6K@718712e8d985,0DOL.L,2012-10-01,,,primary_input_absent [netCashProvidedByOperatingActivities NaN (value=NaN)],nan
stock_CUR6K@718712e8d985,0DOL.L,2013-01-01,,,primary_input_absent [netCashProvidedByOperatingActivities NaN (value=NaN)],nan
stock_CUR6K@718712e8d985,0DOL.L,2013-04-01,,,primary_input_absent [netCashProvidedByOperatingActivities NaN (value=NaN)],nan
stock_CUR6K@718712e8d985,0DOL.L,2013-10-01,,,primary_input_absent [netCashProvidedByOperatingActivities NaN (value=NaN)],nan
stock_CUR6K@718712e8d985,0DOL.L,2014-01-01,,,primary_input_absent [netCashProvidedByOperatingActivities NaN (value=NaN)],nan
stock_CUR6K@718712e8d985,0DOL.L,2014-04-01,,,primary_input_absent [netCashProvidedByOperatingActivities NaN (value=NaN)],nan
stock_CUR6K@718712e8d985,0DOL.L,2014-07-01,,,primary_input_absent [netCashProvidedByOperatingActivities NaN (value=NaN)],nan
stock_CUR6K@718712e8d985,0DOL.L,2014-10-01,,,primary_input_absent [netCashProvidedByOperatingActivities NaN (value=NaN)],nan
stock_CUR6K@718712e8d985,0DOL.L,2015-01-01,,,primary_input_absent [netCashProvidedByOperatingActivities NaN (value=NaN)],nan
stock_CUR6K@718712e8d985,0DOL.L,2015-04-01,,,primary_input_absent [netCashProvidedByOperatingActivities NaN (value=NaN)],nan
stock_CUR6K@718712e8d985,0DOL.L,2015-07-01,,,primary_input_absent [netCashProvidedByOperatingActivities NaN (value=NaN)],nan
stock_CUR6K@718712e8d985,0DOL.L,2015-10-01,,,primary_input_absent [netCashProvidedByOperatingActivities NaN (value=NaN)],nan
stock_CUR6K@718712e8d985,0DOL.L,2016-01-01,,,primary_input_absent [netCashProvidedByOperatingActivities NaN (value=NaN)],nan
stock_CUR6K@718712e8d985,0DOL.L,2016-04-01,,,primary_input_absent [netCashProvidedByOperatingActivities NaN (value=NaN)],nan
stock_CUR6K@718712e8d985,0DOL.L,2016-07-01,,,primary_input_absent [netCashProvidedByOperatingActivities NaN (value=NaN)],nan
stock_CUR6K@718712e8d985,0DOL.L,2016-10-01,,,primary_input_absent [netCashProvidedByOperatingActivities NaN (value=NaN)],nan
stock_CUR6K@718712e8d985,0DOL.L,2017-01-01,,,primary_input_absent [netCashProvidedByOperatingActivities NaN (value=NaN)],nan
stock_CUR6K@718712e8d985,0DOL.L,2017-04-01,,,primary_input_absent [netCashProvidedByOperatingActivities NaN (value=NaN)],nan
stock_CUR6K@718712e8d985,0DOL.L,2017-07-01,,,primary_input_absent [netCashProvidedByOperatingActivities NaN (value=NaN)],nan
stock_CUR6K@718712e8d985,0DOL.L,2017-10-01,,,primary_input_absent [netCashProvidedByOperatingActivities NaN (value=NaN)],nan
stock_CUR6K@718712e8d985,0DOL.L,2018-01-01,,,primary_input_absent [netCashProvidedByOperatingActivities NaN (value=NaN)],nan
stock_CUR6K@718712e8d985,0DOL.L,2018-04-01,,,primary_input_absent [netCashProvidedByOperatingActivities NaN (value=NaN)],nan
stock_CUR6K@718712e8d985,0DOL.L,2018-07-01,,,primary_input_absent [netCashProvidedByOperatingActivities NaN (value=NaN)],nan
stock_CUR6K@718712e8d985,0DOL.L,2018-10-01,,,primary_input_absent [netCashProvidedByOperatingActivities NaN (value=NaN)],nan
stock_CUR6K@718712e8d985,0DOL.L,2019-01-01,,,primary_input_absent [netCashProvidedByOperatingActivities NaN (value=NaN)],nan
stock_CUR6K@718712e8d985,0DOL.L,2019-04-01,,,primary_input_absent [netCashProvidedByOperatingActivities NaN (value=NaN)],nan
stock_CUR6K@718712e8d985,0DOL.L,2019-07-01,,,primary_input_absent [netCashProvidedByOperatingActivities NaN (value=NaN)],nan
stock_CUR6K@718712e8d985,0DOL.L,2019-10-01,,,primary_input_absent [netCashProvidedByOperatingActivities NaN (value=NaN)],nan
stock_CUR6K@718712e8d985,0DOL.L,2020-01-01,1.347860898503665,52942050.0,primary_input_absent [netCashProvidedByOperatingActivities NaN (value=NaN)],nan
stock_CUR6K@718712e8d985,0DOL.L,2020-04-01,0.9768345002747345,52346700.0,primary_input_absent [netCashProvidedByOperatingActivities NaN (value=NaN)],nan
stock_CUR6K@718712e8d985,0DOL.L,2020-07-01,1.0208231479171863,51156000.0,primary_input_absent [netCashProvidedByOperatingActivities NaN (value=NaN)],nan
stock_CUR6K@718712e8d985,0DOL.L,2020-10-01,0.5314754590302923,35280000.0,primary_input_absent [netCashProvidedByOperatingActivities NaN (value=NaN)],nan
stock_CUR6K@718712e8d985,0DOL.L,2021-01-01,0.6510543600747076,35279911.800000004,primary_input_absent [netCashProvidedByOperatingActivities NaN (value=NaN)],nan
stock_CUR6K@718712e8d985,0DOL.L,2021-04-01,0.618887155660076,35097778.800000004,primary_input_absent [netCashProvidedByOperatingActivities NaN (value=NaN)],nan
stock_CUR6K@718712e8d985,0DOL.L,2021-07-01,0.6220658938814477,35280000.0,primary_input_absent [netCashProvidedByOperatingActivities NaN (value=NaN)],nan
stock_CUR6K@718712e8d985,0DOL.L,2021-10-01,1.4850828542253844,84230016.0,primary_input_absent [netCashProvidedByOperatingActivities NaN (value=NaN)],nan
stock_CUR6K@718712e8d985,0DOL.L,2022-01-01,1.0135014982206405,56958784.199999996,primary_input_absent [netCashProvidedByOperatingActivities NaN (value=NaN)],nan
stock_CUR6K@718712e8d985,0DOL.L,2022-04-01,12.930448810278275,35011672.800000004,primary_input_absent [netCashProvidedByOperatingActivities NaN (value=NaN)],nan
stock_CUR6K@718712e8d985,0DOL.L,2022-07-01,8.837818888888888,23862111.0,primary_input_absent [netCashProvidedByOperatingActivities NaN (value=NaN)],nan
stock_CUR6K@718712e8d985,0DOL.L,2022-10-01,8.863433235128225,24482983.0,primary_input_absent [netCashProvidedByOperatingActivities NaN (value=NaN)],nan
stock_CUR6K@718712e8d985,0DOL.L,2023-01-01,4.921068685729031,16286389.999999998,primary_input_absent [netCashProvidedByOperatingActivities NaN (value=NaN)],nan
stock_CUR6K@718712e8d985,0DOL.L,2023-04-01,5.27860264614859,14151685.6,primary_input_absent [netCashProvidedByOperatingActivities NaN (value=NaN)],nan
stock_CUR6K@718712e8d985,0DOL.L,2023-07-01,4.007184642251126,11987204.34,primary_input_absent [netCashProvidedByOperatingActivities NaN (value=NaN)],nan
stock_CUR6K@718712e8d985,0DOL.L,2023-10-01,1.8647683833034434,5928908.0,primary_input_absent [netCashProvidedByOperatingActivities NaN (value=NaN)],nan
stock_CUR6K@718712e8d985,0DOL.L,2024-01-01,2.1580988700012935,6957298.56,primary_input_absent [netCashProvidedByOperatingActivities NaN (value=NaN)],nan
stock_CUR6K@718712e8d985,0DOL.L,2024-04-01,1.8679891083354552,4541486.876,primary_input_absent [netCashProvidedByOperatingActivities NaN (value=NaN)],nan
stock_CUR6K@718712e8d985,0DOL.L,2024-07-01,1.2372843471841404,7679410.69,primary_input_absent [netCashProvidedByOperatingActivities NaN (value=NaN)],nan
stock_CUR6K@718712e8d985,0DOL.L,2024-10-01,0.9894587140534046,6012804.0600000005,primary_input_absent [netCashProvidedByOperatingActivities NaN (value=NaN)],nan
stock_CUR6K@718712e8d985,0DOL.L,2025-01-01,0.7159843962232683,4413067.2,primary_input_absent [netCashProvidedByOperatingActivities NaN (value=NaN)],nan
stock_CUR6K@718712e8d985,0DOL.L,2025-07-01,1.7468041754115857,10615087.915,primary_input_absent [netCashProvidedByOperatingActivities NaN (value=NaN)],nan
stock_CUR6K@718712e8d985,0DOL.L,2026-01-01,1.5553764931637415,9451808.307,primary_input_absent [netCashProvidedByOperatingActivities NaN (value=NaN)],nan
stock_CUR6K@718712e8d985,0HV8.L,2005-10-01,89.0,2261312000.0,primary_input_absent [revenue impossible: < 0 (value=-6.7926e+07)],nan
stock_CUR6K@718712e8d985,0HV8.L,2006-10-01,95.25,2415934620.75,primary_input_absent [revenue impossible: < 0 (value=-6.7926e+07)],nan
stock_CUR6K@718712e8d985,0HV8.L,2007-10-01,88.0,2235904000.0,primary_input_absent [revenue impossible: < 0 (value=-6.7926e+07)],nan
stock_CUR6K@718712e8d985,0HV8.L,2008-10-01,23.2,589465600.0,primary_input_absent [revenue impossible: < 0 (value=-6.7926e+07)],nan
stock_CUR6K@718712e8d985,0HV8.L,2009-10-01,44.76,1126120107.48,primary_input_absent [revenue impossible: < 0 (value=-6.7926e+07)],nan
stock_CUR6K@718712e8d985,0HV8.L,2010-04-01,37.15,934659561.9499999,primary_input_absent [revenue impossible: < 0 (value=-6.7926e+07)],nan
stock_CUR6K@718712e8d985,0HV8.L,2010-10-01,51.3,1290660444.8999999,primary_input_absent [revenue impossible: < 0 (value=-6.7926e+07)],nan
stock_CUR6K@718712e8d985,0HV8.L,2011-04-01,55.0,1383650015.0,primary_input_absent [revenue impossible: < 0 (value=-6.7926e+07)],nan
stock_CUR6K@718712e8d985,0HV8.L,2011-10-01,30.63,770567271.99,primary_input_absent [revenue impossible: < 0 (value=-6.7926e+07)],nan
stock_CUR6K@718712e8d985,0HV8.L,2012-04-01,25.3,635914994.0,primary_input_absent [revenue impossible: < 0 (value=-6.7926e+07)],nan
stock_CUR6K@718712e8d985,0HV8.L,2012-10-01,29.0,730335710.0,primary_input_absent [revenue impossible: < 0 (value=-6.7926e+07)],nan
stock_CUR6K@718712e8d985,0HV8.L,2013-04-01,34.61,871249055.13,primary_input_absent [revenue impossible: < 0 (value=-6.7926e+07)],nan
stock_CUR6K@718712e8d985,0HV8.L,2013-10-01,42.22,1061756792.9,primary_input_absent [revenue impossible: < 0 (value=-6.7926e+07)],nan
stock_CUR6K@718712e8d985,0HV8.L,2014-04-01,46.550000000000004,1167874283.45,primary_input_absent [revenue impossible: < 0 (value=-6.7926e+07)],nan
stock_CUR6K@718712e8d985,0HV8.L,2014-10-01,49.99,1255645070.75,primary_input_absent [revenue impossible: < 0 (value=-6.7926e+07)],nan
stock_CUR6K@718712e8d985,0HV8.L,2015-04-01,73.0,1830998994.0,primary_input_absent [revenue impossible: < 0 (value=-6.7926e+07)],nan
stock_CUR6K@718712e8d985,0HV8.L,2015-10-01,68.0,1703407072.0,primary_input_absent [revenue impossible: < 0 (value=-6.7926e+07)],nan
stock_CUR6K@718712e8d985,0HV8.L,2016-04-01,62.9,1606237232.7,primary_input_absent [revenue impossible: < 0 (value=-6.7926e+07)],nan
stock_CUR6K@718712e8d985,0HV8.L,2016-10-01,72.25,1780471272.25,primary_input_absent [revenue impossible: < 0 (value=-6.7926e+07)],nan
stock_CUR6K@718712e8d985,0HV8.L,2017-04-01,89.11999999999999,2205170486.08,primary_input_absent [revenue impossible: < 0 (value=-6.7926e+07)],nan
stock_CUR6K@718712e8d985,0HV8.L,2017-10-01,100.4,2485832716.0,primary_input_absent [revenue impossible: < 0 (value=-6.7926e+07)],nan
stock_CUR6K@718712e8d985,0HV8.L,2018-04-01,105.8,2620565913.2,primary_input_absent [revenue impossible: < 0 (value=-6.7926e+07)],nan
stock_CUR6K@718712e8d985,0HV8.L,2018-10-01,80.2,1984527987.6000001,primary_input_absent [revenue impossible: < 0 (value=-6.7926e+07)],nan
stock_CUR6K@718712e8d985,0HV8.L,2019-04-01,95.60000000000001,2365270096.4,primary_input_absent [revenue impossible: < 0 (value=-6.7926e+07)],nan
stock_CUR6K@718712e8d985,0HV8.L,2019-10-01,104.0,2573613016.0,primary_input_absent [revenue impossible: < 0 (value=-6.7926e+07)],nan
stock_CUR6K@718712e8d985,0HV8.L,2020-04-01,67.0,1657889205.0,primary_input_absent [revenue impossible: < 0 (value=-6.7926e+07)],nan
stock_CUR6K@718712e8d985,0HV8.L,2020-10-01,94.6,2347717242.2,primary_input_absent [revenue impossible: < 0 (value=-6.7926e+07)],nan
stock_CUR6K@718712e8d985,0HV8.L,2021-04-01,113.4,2806467085.8,primary_input_absent [revenue impossible: < 0 (value=-6.7926e+07)],nan
stock_CUR6K@718712e8d985,0HV8.L,2021-10-01,124.0,3080091180.0,primary_input_absent [revenue impossible: < 0 (value=-6.7926e+07)],nan
stock_CUR6K@718712e8d985,0HV8.L,2022-04-01,86.5,2148023533.0,primary_input_absent [revenue impossible: < 0 (value=-6.7926e+07)],nan
stock_CUR6K@718712e8d985,0HV8.L,2022-10-01,89.0,2209303426.0,primary_input_absent [revenue impossible: < 0 (value=-6.7926e+07)],nan
stock_CUR6K@718712e8d985,0HV8.L,2023-04-01,102.2,2539191704.0,primary_input_absent [revenue impossible: < 0 (value=-6.7926e+07)],nan
stock_CUR6K@718712e8d985,0HV8.L,2023-10-01,101.39999999999999,2518789587.6,primary_input_absent [revenue impossible: < 0 (value=-6.7926e+07)],nan
stock_CUR6K@718712e8d985,0HV8.L,2024-04-01,90.7,2252383303.1,primary_input_absent [revenue impossible: < 0 (value=-6.7926e+07)],nan
stock_CUR6K@718712e8d985,0HV8.L,2024-10-01,72.75682352664083,1813288409.6999998,primary_input_absent [revenue impossible: < 0 (value=-6.7926e+07)],nan
stock_CUR6K@718712e8d985,0HV8.L,2025-04-01,73.6,1824934521.6,primary_input_absent [revenue impossible: < 0 (value=-6.7926e+07)],nan
stock_CUR6K@718712e8d985,0HV8.L,2025-10-01,75.8,1894242000.0,primary_input_absent [revenue impossible: < 0 (value=-6.7926e+07)],nan
stock_CUR6K@718712e8d985,0NDP.L,2012-10-01,5.230024539589443,557324490.0,primary_input_absent [netCashProvidedByOperatingActivities NaN (value=NaN)],nan
stock_CUR6K@718712e8d985,0NDP.L,2013-01-01,5.4,567540000.0,primary_input_absent [netCashProvidedByOperatingActivities NaN (value=NaN)],nan
stock_CUR6K@718712e8d985,0NDP.L,2013-04-01,4.500042724899122,473967000.0,primary_input_absent [netCashProvidedByOperatingActivities NaN (value=NaN)],nan
stock_CUR6K@718712e8d985,0NDP.L,2013-07-01,4.73,498731200.00000006,primary_input_absent [netCashProvidedByOperatingActivities NaN (value=NaN)],nan
stock_CUR6K@718712e8d985,0NDP.L,2013-10-01,5.209986991293405,600942240.0,primary_input_absent [netCashProvidedByOperatingActivities NaN (value=NaN)],nan
stock_CUR6K@718712e8d985,0NDP.L,2014-01-01,4.82,641060000.0,primary_input_absent [netCashProvidedByOperatingActivities NaN (value=NaN)],nan
stock_CUR6K@718712e8d985,0NDP.L,2014-04-01,5.9096923481462005,561864000.0,primary_input_absent [netCashProvidedByOperatingActivities NaN (value=NaN)],nan
stock_CUR6K@718712e8d985,0NDP.L,2014-07-01,4.419986967001142,499163860.0,primary_input_absent [netCashProvidedByOperatingActivities NaN (value=NaN)],nan
stock_CUR6K@718712e8d985,0NDP.L,2014-10-01,3.710009010385442,400227380.0,primary_input_absent [netCashProvidedByOperatingActivities NaN (value=NaN)],nan
stock_CUR6K@718712e8d985,0NDP.L,2015-01-01,3.88,405770400.0,primary_input_absent [netCashProvidedByOperatingActivities NaN (value=NaN)],nan
stock_CUR6K@718712e8d985,0NDP.L,2015-04-01,4.562928601089297,498576000.0,primary_input_absent [netCashProvidedByOperatingActivities NaN (value=NaN)],nan
stock_CUR6K@718712e8d985,0NDP.L,2015-07-01,3.97,384296000.0,primary_input_absent [netCashProvidedByOperatingActivities NaN (value=NaN)],nan
stock_CUR6K@718712e8d985,0NDP.L,2015-10-01,3.6699886138819524,393912110.0,primary_input_absent [netCashProvidedByOperatingActivities NaN (value=NaN)],nan
stock_CUR6K@718712e8d985,0NDP.L,2016-01-01,2.84,291526000.0,primary_input_absent [netCashProvidedByOperatingActivities NaN (value=NaN)],nan
stock_CUR6K@718712e8d985,0NDP.L,2016-04-01,3.0041973036593195,350965350.0,primary_input_absent [netCashProvidedByOperatingActivities NaN (value=NaN)],nan
stock_CUR6K@718712e8d985,0NDP.L,2016-07-01,3.75,370968750.0,primary_input_absent [netCashProvidedByOperatingActivities NaN (value=NaN)],nan
stock_CUR6K@718712e8d985,0NDP.L,2016-10-01,4.874166862745097,497165019.99999994,primary_input_absent [netCashProvidedByOperatingActivities NaN (value=NaN)],nan
stock_CUR6K@718712e8d985,0NDP.L,2017-01-01,5.420025312317572,580281460.0,primary_input_absent [netCashProvidedByOperatingActivities NaN (value=NaN)],nan
stock_CUR6K@718712e8d985,0NDP.L,2017-04-01,5.84,576408000.0,primary_input_absent [netCashProvidedByOperatingActivities NaN (value=NaN)],nan
stock_CUR6K@718712e8d985,0NDP.L,2017-07-01,6.127933781196468,637411390.0,primary_input_absent [netCashProvidedByOperatingActivities NaN (value=NaN)],nan
stock_CUR6K@718712e8d985,0NDP.L,2017-10-01,5.5291994177520944,615584200.0,primary_input_absent [netCashProvidedByOperatingActivities NaN (value=NaN)],nan
stock_CUR6K@718712e8d985,0NDP.L,2018-01-01,4.687909080207991,510200770.0,primary_input_absent [netCashProvidedByOperatingActivities NaN (value=NaN)],nan
stock_CUR6K@718712e8d985,0NDP.L,2018-04-01,5.330522405300222,580138520.0,primary_input_absent [netCashProvidedByOperatingActivities NaN (value=NaN)],nan
stock_CUR6K@718712e8d985,0NDP.L,2018-07-01,5.5000216411164375,599659500.0,primary_input_absent [netCashProvidedByOperatingActivities NaN (value=NaN)],nan
stock_CUR6K@718712e8d985,0NDP.L,2018-10-01,4.31843183513886,475611599.99999994,primary_input_absent [netCashProvidedByOperatingActivities NaN (value=NaN)],nan
stock_CUR6K@718712e8d985,0NDP.L,2019-01-01,4.44,507492000.00000006,primary_input_absent [netCashProvidedByOperatingActivities NaN (value=NaN)],nan
stock_CUR6K@718712e8d985,0NDP.L,2019-04-01,4.065990481460985,459202800.0,primary_input_absent [netCashProvidedByOperatingActivities NaN (value=NaN)],nan
stock_CUR6K@718712e8d985,0NDP.L,2019-07-01,4.9441501505585395,518723750.0,primary_input_absent [netCashProvidedByOperatingActivities NaN (value=NaN)],nan
stock_CUR6K@718712e8d985,0NDP.L,2019-10-01,5.593806451612903,606928000.0,primary_input_absent [netCashProvidedByOperatingActivities NaN (value=NaN)],nan
stock_CUR6K@718712e8d985,0NDP.L,2020-01-01,4.650028003125619,515796600.00000006,primary_input_absent [netCashProvidedByOperatingActivities NaN (value=NaN)],nan
stock_CUR6K@718712e8d985,0NDP.L,2020-04-01,5.398640774515869,634779600.0,primary_input_absent [netCashProvidedByOperatingActivities NaN (value=NaN)],nan
stock_CUR6K@718712e8d985,0NDP.L,2020-07-01,5.75,588570000.0,primary_input_absent [netCashProvidedByOperatingActivities NaN (value=NaN)],nan
stock_CUR6K@718712e8d985,0NDP.L,2020-10-01,5.285333521570014,572194800.0,primary_input_absent [netCashProvidedByOperatingActivities NaN (value=NaN)],nan
stock_CUR6K@718712e8d985,0NDP.L,2021-01-01,6.815816755047304,744617600.0,primary_input_absent [netCashProvidedByOperatingActivities NaN (value=NaN)],nan
stock_CUR6K@718712e8d985,0NDP.L,2021-04-01,6.874735121057773,751505400.0,primary_input_absent [netCashProvidedByOperatingActivities NaN (value=NaN)],nan
stock_CUR6K@718712e8d985,0NDP.L,2021-07-01,7.338086926179177,802156280.0,primary_input_absent [netCashProvidedByOperatingActivities NaN (value=NaN)],nan
stock_CUR6K@718712e8d985,0NDP.L,2021-10-01,8.827603178794348,964322110.0,primary_input_absent [netCashProvidedByOperatingActivities NaN (value=NaN)],nan
stock_CUR6K@718712e8d985,0NDP.L,2022-01-01,7.1388289611280475,779752000.0,primary_input_absent [netCashProvidedByOperatingActivities NaN (value=NaN)],nan
stock_CUR6K@718712e8d985,0NDP.L,2022-04-01,5.589052255431674,610438400.0,primary_input_absent [netCashProvidedByOperatingActivities NaN (value=NaN)],nan
stock_CUR6K@718712e8d985,0NDP.L,2022-07-01,5.293278629320854,578630000.0,primary_input_absent [netCashProvidedByOperatingActivities NaN (value=NaN)],nan
stock_CUR6K@718712e8d985,0NDP.L,2022-10-01,5.139982208894348,561323980.0,primary_input_absent [netCashProvidedByOperatingActivities NaN (value=NaN)],nan
stock_CUR6K@718712e8d985,0NDP.L,2023-01-01,4.775876024170565,521403600.0,primary_input_absent [netCashProvidedByOperatingActivities NaN (value=NaN)],nan
stock_CUR6K@718712e8d985,0NDP.L,2023-04-01,5.700012517527283,622935900.0,primary_input_absent [netCashProvidedByOperatingActivities NaN (value=NaN)],nan
stock_CUR6K@718712e8d985,0NDP.L,2023-07-01,4.81999550143162,526768160.00000006,primary_input_absent [netCashProvidedByOperatingActivities NaN (value=NaN)],nan
stock_CUR6K@718712e8d985,0NDP.L,2023-10-01,5.5399984798599275,605699280.0,primary_input_absent [netCashProvidedByOperatingActivities NaN (value=NaN)],nan
stock_CUR6K@718712e8d985,0NDP.L,2024-01-01,5.590023083617883,610517440.0,primary_input_absent [netCashProvidedByOperatingActivities NaN (value=NaN)],nan
stock_CUR6K@718712e8d985,0NDP.L,2024-04-01,5.847132197617655,638860950.0,primary_input_absent [netCashProvidedByOperatingActivities NaN (value=NaN)],nan
stock_CUR6K@718712e8d985,0NDP.L,2024-07-01,5.796678951733746,633348400.0,primary_input_absent [netCashProvidedByOperatingActivities NaN (value=NaN)],nan
stock_CUR6K@718712e8d985,0NDP.L,2024-10-01,6.1262094734603325,669353090.0,primary_input_absent [netCashProvidedByOperatingActivities NaN (value=NaN)],nan
stock_CUR6K@718712e8d985,0NDP.L,2025-01-01,7.572811614422161,827970980.0,primary_input_absent [netCashProvidedByOperatingActivities NaN (value=NaN)],nan
stock_CUR6K@718712e8d985,0NDP.L,2025-04-01,8.42107173811246,920715234.27,primary_input_absent [netCashProvidedByOperatingActivities NaN (value=NaN)],nan
stock_CUR6K@718712e8d985,0NDP.L,2025-07-01,7.442800615920945,812500459.44,primary_input_absent [netCashProvidedByOperatingActivities NaN (value=NaN)],nan
stock_CUR6K@718712e8d985,0NDP.L,2025-10-01,6.90559233669455,752757600.0,primary_input_absent [netCashProvidedByOperatingActivities NaN (value=NaN)],nan
stock_CUR6K@718712e8d985,0NDP.L,2026-01-01,6.98,761607504.5400001,primary_input_absent [netCashProvidedByOperatingActivities NaN (value=NaN)],nan
stock_CUR6K@718712e8d985,0NDP.L,2026-04-01,7.3100000000000005,797411576.61,primary_input_absent [netCashProvidedByOperatingActivities NaN (value=NaN)],nan
stock_CUR6K@718712e8d985,0QF7.L,2009-10-01,14.64,197625360.0,primary_input_absent [revenue impossible: < 0 (value=-4.988e+06)],nan
stock_CUR6K@718712e8d985,0QF7.L,2010-01-01,16.94,246375360.00000003,primary_input_absent [revenue impossible: < 0 (value=-4.988e+06)],nan
stock_CUR6K@718712e8d985,0QF7.L,2010-04-01,16.34,234985540.0,primary_input_absent [revenue impossible: < 0 (value=-4.988e+06)],nan
stock_CUR6K@718712e8d985,0QF7.L,2010-07-01,16.36,238496080.0,primary_input_absent [revenue impossible: < 0 (value=-4.988e+06)],nan
stock_CUR6K@718712e8d985,0QF7.L,2010-10-01,19.81,284986660.0,primary_input_absent [revenue impossible: < 0 (value=-4.988e+06)],nan
stock_CUR6K@718712e8d985,0QF7.L,2011-01-01,19.58,285280600.0,primary_input_absent [revenue impossible: < 0 (value=-4.988e+06)],nan
stock_CUR6K@718712e8d985,0QF7.L,2011-04-01,18.67,272171260.0,primary_input_absent [revenue impossible: < 0 (value=-4.988e+06)],nan
stock_CUR6K@718712e8d985,0QF7.L,2011-07-01,17.96,260958800.0,primary_input_absent [revenue impossible: < 0 (value=-4.988e+06)],nan
stock_CUR6K@718712e8d985,0QF7.L,2011-10-01,14.59,211613360.0,primary_input_absent [revenue impossible: < 0 (value=-4.988e+06)],nan
stock_CUR6K@718712e8d985,0QF7.L,2012-01-01,15.53,227033070.0,primary_input_absent [revenue impossible: < 0 (value=-4.988e+06)],nan
stock_CUR6K@718712e8d985,0QF7.L,2012-04-01,15.79,228797100.0,primary_input_absent [revenue impossible: < 0 (value=-4.988e+06)],nan
stock_CUR6K@718712e8d985,0QF7.L,2012-07-01,15.55,226128100.0,primary_input_absent [revenue impossible: < 0 (value=-4.988e+06)],nan
stock_CUR6K@718712e8d985,0QF7.L,2012-10-01,18.35,266735600.00000003,primary_input_absent [revenue impossible: < 0 (value=-4.988e+06)],nan
stock_CUR6K@718712e8d985,0QF7.L,2013-01-01,19.2,278419200.0,primary_input_absent [revenue impossible: < 0 (value=-4.988e+06)],nan
stock_CUR6K@718712e8d985,0QF7.L,2013-04-01,17.35,251019800.00000003,primary_input_absent [revenue impossible: < 0 (value=-4.988e+06)],nan
stock_CUR6K@718712e8d985,0QF7.L,2013-07-01,17.09,248317700.0,primary_input_absent [revenue impossible: < 0 (value=-4.988e+06)],nan
stock_CUR6K@718712e8d985,0QF7.L,2013-10-01,18.23,264772520.0,primary_input_absent [revenue impossible: < 0 (value=-4.988e+06)],nan
stock_CUR6K@718712e8d985,0QF7.L,2014-01-01,20.87,303387190.0,primary_input_absent [revenue impossible: < 0 (value=-4.988e+06)],nan
stock_CUR6K@718712e8d985,0QF7.L,2014-04-01,18.26,265555180.00000003,primary_input_absent [revenue impossible: < 0 (value=-4.988e+06)],nan
stock_CUR6K@718712e8d985,0QF7.L,2014-07-01,20.66,299673300.0,primary_input_absent [revenue impossible: < 0 (value=-4.988e+06)],nan
stock_CUR6K@718712e8d985,0QF7.L,2014-10-01,20.55,299208000.0,primary_input_absent [revenue impossible: < 0 (value=-4.988e+06)],nan
stock_CUR6K@718712e8d985,0QF7.L,2015-01-01,25.89,378071670.0,primary_input_absent [revenue impossible: < 0 (value=-4.988e+06)],nan
stock_CUR6K@718712e8d985,0QF7.L,2015-04-01,28.02,406149900.0,primary_input_absent [revenue impossible: < 0 (value=-4.988e+06)],nan
stock_CUR6K@718712e8d985,0QF7.L,2015-07-01,27.64,398402960.0,primary_input_absent [revenue impossible: < 0 (value=-4.988e+06)],nan
stock_CUR6K@718712e8d985,0QF7.L,2015-10-01,28.02,407606940.0,primary_input_absent [revenue impossible: < 0 (value=-4.988e+06)],nan
stock_CUR6K@718712e8d985,0QF7.L,2016-01-01,25.37,347366040.0,primary_input_absent [revenue impossible: < 0 (value=-4.988e+06)],nan
stock_CUR6K@718712e8d985,0QF7.L,2016-04-01,24.79,363917200.0,primary_input_absent [revenue impossible: < 0 (value=-4.988e+06)],nan
stock_CUR6K@718712e8d985,0QF7.L,2016-07-01,27.84,412477440.0,primary_input_absent [revenue impossible: < 0 (value=-4.988e+06)],nan
stock_CUR6K@718712e8d985,0QF7.L,2016-10-01,28.94,461593000.0,primary_input_absent [revenue impossible: < 0 (value=-4.988e+06)],nan
stock_CUR6K@718712e8d985,0QF7.L,2017-01-01,29.98,479680000.0,primary_input_absent [revenue impossible: < 0 (value=-4.988e+06)],nan
stock_CUR6K@718712e8d985,0QF7.L,2017-04-01,36.75,588918750.0,primary_input_absent [revenue impossible: < 0 (value=-4.988e+06)],nan
stock_CUR6K@718712e8d985,0QF7.L,2017-07-01,42.84,642514320.0,primary_input_absent [revenue impossible: < 0 (value=-4.988e+06)],nan
stock_CUR6K@718712e8d985,0QF7.L,2017-10-01,44.39,711838040.0,primary_input_absent [revenue impossible: < 0 (value=-4.988e+06)],nan
stock_CUR6K@718712e8d985,0QF7.L,2018-01-01,37.04,592010320.0,primary_input_absent [revenue impossible: < 0 (value=-4.988e+06)],nan
stock_CUR6K@718712e8d985,0QF7.L,2018-04-01,32.01,510815579.99999994,primary_input_absent [revenue impossible: < 0 (value=-4.988e+06)],nan
stock_CUR6K@718712e8d985,0QF7.L,2018-07-01,33.37,502085019.99999994,primary_input_absent [revenue impossible: < 0 (value=-4.988e+06)],nan
stock_CUR6K@718712e8d985,0QF7.L,2018-10-01,32.24,516742720.00000006,primary_input_absent [revenue impossible: < 0 (value=-4.988e+06)],nan
stock_CUR6K@718712e8d985,0QF7.L,2019-01-01,32.34,516890220.00000006,primary_input_absent [revenue impossible: < 0 (value=-4.988e+06)],nan
stock_CUR6K@718712e8d985,0QF7.L,2019-04-01,32.76,529467119.99999994,primary_input_absent [revenue impossible: < 0 (value=-4.988e+06)],nan
stock_CUR6K@718712e8d985,0QF7.L,2019-07-01,32.67,491552820.0,primary_input_absent [revenue impossible: < 0 (value=-4.988e+06)],nan
stock_CUR6K@718712e8d985,0QF7.L,2019-10-01,37.14,593608620.0,primary_input_absent [revenue impossible: < 0 (value=-4.988e+06)],nan
stock_CUR6K@718712e8d985,0QF7.L,2020-01-01,24.38,389324220.0,primary_input_absent [revenue impossible: < 0 (value=-4.988e+06)],nan
stock_CUR6K@718712e8d985,0QF7.L,2020-04-01,28.48,456192640.0,primary_input_absent [revenue impossible: < 0 (value=-4.988e+06)],nan
stock_CUR6K@718712e8d985,0QF7.L,2020-07-01,29.18,439042280.0,primary_input_absent [revenue impossible: < 0 (value=-4.988e+06)],nan
stock_CUR6K@718712e8d985,0QF7.L,2020-10-01,31.16,500367280.0,primary_input_absent [revenue impossible: < 0 (value=-4.988e+06)],nan
stock_CUR6K@718712e8d985,0QF7.L,2021-01-01,36.24,579223920.0,primary_input_absent [revenue impossible: < 0 (value=-4.988e+06)],nan
stock_CUR6K@718712e8d985,0QF7.L,2021-04-01,34.1,585394700.0,primary_input_absent [revenue impossible: < 0 (value=-4.988e+06)],nan
stock_CUR6K@718712e8d985,0QF7.L,2021-07-01,35.85,596042100.0,primary_input_absent [revenue impossible: < 0 (value=-4.988e+06)],nan
stock_CUR6K@718712e8d985,0QF7.L,2021-10-01,39.85,741130300.0,primary_input_absent [revenue impossible: < 0 (value=-4.988e+06)],nan
stock_CUR6K@718712e8d985,0QF7.L,2022-01-01,28.7,539703500.0,primary_input_absent [revenue impossible: < 0 (value=-4.988e+06)],nan
stock_CUR6K@718712e8d985,0QF7.L,2022-04-01,25.3,475766500.0,primary_input_absent [revenue impossible: < 0 (value=-4.988e+06)],nan
stock_CUR6K@718712e8d985,0QF7.L,2022-07-01,21.55,404622800.0,primary_input_absent [revenue impossible: < 0 (value=-4.988e+06)],nan
stock_CUR6K@718712e8d985,0QF7.L,2022-10-01,27.9,524659500.0,primary_input_absent [revenue impossible: < 0 (value=-4.988e+06)],nan
stock_CUR6K@718712e8d985,0QF7.L,2023-01-01,27.9,524659500.0,primary_input_absent [revenue impossible: < 0 (value=-4.988e+06)],nan
stock_CUR6K@718712e8d985,0QF7.L,2023-04-01,28.9,543464500.0,primary_input_absent [revenue impossible: < 0 (value=-4.988e+06)],nan
stock_CUR6K@718712e8d985,0QF7.L,2023-07-01,31.5,592294500.0,primary_input_absent [revenue impossible: < 0 (value=-4.988e+06)],nan
stock_CUR6K@718712e8d985,0QF7.L,2023-10-01,29.35,551868050.0,primary_input_absent [revenue impossible: < 0 (value=-4.988e+06)],nan
stock_CUR6K@718712e8d985,0QF7.L,2024-01-01,25.25,472806250.0,primary_input_absent [revenue impossible: < 0 (value=-4.988e+06)],nan
stock_CUR6K@718712e8d985,0QF7.L,2024-04-01,25.4,477901000.0,primary_input_absent [revenue impossible: < 0 (value=-4.988e+06)],nan
stock_CUR6K@718712e8d985,0QF7.L,2024-07-01,25.2,467913600.0,primary_input_absent [revenue impossible: < 0 (value=-4.988e+06)],nan
stock_CUR6K@718712e8d985,0QF7.L,2025-01-01,23.6,445355600.0,primary_input_absent [revenue impossible: < 0 (value=-4.988e+06)],nan
stock_CUR6K@718712e8d985,0QF7.L,2025-04-01,25.8,459285175.8,primary_input_absent [revenue impossible: < 0 (value=-4.988e+06)],nan
stock_CUR6K@718712e8d985,0QF7.L,2025-07-01,22.49984883231645,398520000.0,primary_input_absent [revenue impossible: < 0 (value=-4.988e+06)],nan
stock_CUR6K@718712e8d985,0QF7.L,2025-10-01,18.31889335026564,448811256.7,primary_input_absent [revenue impossible: < 0 (value=-4.988e+06)],nan
stock_CUR6K@718712e8d985,0QF7.L,2026-01-01,25.287767656162814,442276557.34999996,primary_input_absent [revenue impossible: < 0 (value=-4.988e+06)],nan
stock_CUR6K@718712e8d985,0QI9.L,2012-10-01,11.982898102342197,2938170666.0,primary_input_absent [netCashProvidedByOperatingActivities NaN (value=NaN)],nan
stock_CUR6K@718712e8d985,0QI9.L,2013-01-01,12.699974746043095,3001753331.0,primary_input_absent [netCashProvidedByOperatingActivities NaN (value=NaN)],nan
stock_CUR6K@718712e8d985,0QI9.L,2013-04-01,12.500024119197072,2073041500.0,primary_input_absent [netCashProvidedByOperatingActivities NaN (value=NaN)],nan
stock_CUR6K@718712e8d985,0QI9.L,2013-07-01,13.999983674070618,2281031340.0,primary_input_absent [netCashProvidedByOperatingActivities NaN (value=NaN)],nan
stock_CUR6K@718712e8d985,0QI9.L,2013-10-01,16.710469008657128,2549867176.5,primary_input_absent [netCashProvidedByOperatingActivities NaN (value=NaN)],nan
stock_CUR6K@718712e8d985,0QI9.L,2014-01-01,17.252895580623235,2639831047.0,primary_input_absent [netCashProvidedByOperatingActivities NaN (value=NaN)],nan
stock_CUR6K@718712e8d985,0QI9.L,2014-04-01,17.99997461427806,2552612400.0,primary_input_absent [netCashProvidedByOperatingActivities NaN (value=NaN)],nan
stock_CUR6K@718712e8d985,0QI9.L,2014-07-01,17.04997595408005,2417891190.0,primary_input_absent [netCashProvidedByOperatingActivities NaN (value=NaN)],nan
stock_CUR6K@718712e8d985,0QI9.L,2014-10-01,17.096296921276057,2424460059.0,primary_input_absent [netCashProvidedByOperatingActivities NaN (value=NaN)],nan
stock_CUR6K@718712e8d985,0QI9.L,2015-01-01,19.49997249880123,2765330100.0,primary_input_absent [netCashProvidedByOperatingActivities NaN (value=NaN)],nan
stock_CUR6K@718712e8d985,0QI9.L,2015-04-01,18.901093228479326,2620995696.8999996,primary_input_absent [netCashProvidedByOperatingActivities NaN (value=NaN)],nan
stock_CUR6K@718712e8d985,0QI9.L,2015-07-01,19.00004211475698,2485832510.0,primary_input_absent [netCashProvidedByOperatingActivities NaN (value=NaN)],nan
stock_CUR6K@718712e8d985,0QI9.L,2015-10-01,20.74187020858652,2713721105.0,primary_input_absent [netCashProvidedByOperatingActivities NaN (value=NaN)],nan
stock_CUR6K@718712e8d985,0QI9.L,2016-01-01,20.65004577209114,2701707438.5,primary_input_absent [netCashProvidedByOperatingActivities NaN (value=NaN)],nan
stock_CUR6K@718712e8d985,0QI9.L,2016-04-01,19.0500372722577,2434137562.5,primary_input_absent [netCashProvidedByOperatingActivities NaN (value=NaN)],nan
stock_CUR6K@718712e8d985,0QI9.L,2016-07-01,21.350047957898454,2661304828.0,primary_input_absent [netCashProvidedByOperatingActivities NaN (value=NaN)],nan
stock_CUR6K@718712e8d985,0QI9.L,2016-10-01,23.446871477164244,2922675976.5,primary_input_absent [netCashProvidedByOperatingActivities NaN (value=NaN)],nan
stock_CUR6K@718712e8d985,0QI9.L,2017-01-01,29.600066489639072,3689677888.0,primary_input_absent [netCashProvidedByOperatingActivities NaN (value=NaN)],nan
stock_CUR6K@718712e8d985,0QI9.L,2017-04-01,26.6000597508243,3315724048.0,primary_input_absent [netCashProvidedByOperatingActivities NaN (value=NaN)],nan
stock_CUR6K@718712e8d985,0QI9.L,2017-07-01,27.650062109409472,3446607892.0,primary_input_absent [netCashProvidedByOperatingActivities NaN (value=NaN)],nan
stock_CUR6K@718712e8d985,0QI9.L,2017-10-01,29.85006705120697,3720840708.0,primary_input_absent [netCashProvidedByOperatingActivities NaN (value=NaN)],nan
stock_CUR6K@718712e8d985,0QI9.L,2018-01-01,32.10007210531805,4001306088.0,primary_input_absent [netCashProvidedByOperatingActivities NaN (value=NaN)],nan
stock_CUR6K@718712e8d985,0QI9.L,2018-04-01,27.70006222172305,3452840456.0,primary_input_absent [netCashProvidedByOperatingActivities NaN (value=NaN)],nan
stock_CUR6K@718712e8d985,0QI9.L,2018-07-01,26.250058964629243,3272096100.0,primary_input_absent [netCashProvidedByOperatingActivities NaN (value=NaN)],nan
stock_CUR6K@718712e8d985,0QI9.L,2018-10-01,25.350056942984814,3159909948.0,primary_input_absent [netCashProvidedByOperatingActivities NaN (value=NaN)],nan
stock_CUR6K@718712e8d985,0QI9.L,2019-01-01,35.10007884413282,4375259928.0,primary_input_absent [netCashProvidedByOperatingActivities NaN (value=NaN)],nan
stock_CUR6K@718712e8d985,0QI9.L,2019-04-01,34.4000772717427,4288004032.0,primary_input_absent [netCashProvidedByOperatingActivities NaN (value=NaN)],nan
stock_CUR6K@718712e8d985,0QI9.L,2019-07-01,34.25007693480197,4269306340.0,primary_input_absent [netCashProvidedByOperatingActivities NaN (value=NaN)],nan
stock_CUR6K@718712e8d985,0QI9.L,2019-10-01,47.850107484095595,5964563748.0,primary_input_absent [netCashProvidedByOperatingActivities NaN (value=NaN)],nan
stock_CUR6K@718712e8d985,0QI9.L,2020-01-01,43.400097488187015,5409865552.0,primary_input_absent [netCashProvidedByOperatingActivities NaN (value=NaN)],nan
stock_CUR6K@718712e8d985,0QI9.L,2020-04-01,64.00014376138178,7977681920.0,primary_input_absent [netCashProvidedByOperatingActivities NaN (value=NaN)],nan
stock_CUR6K@718712e8d985,0QI9.L,2020-07-01,82.80018599128768,10321125984.0,primary_input_absent [netCashProvidedByOperatingActivities NaN (value=NaN)],nan
stock_CUR6K@718712e8d985,0QI9.L,2020-10-01,94.30021182341096,11754615704.0,primary_input_absent [netCashProvidedByOperatingActivities NaN (value=NaN)],nan
stock_CUR6K@718712e8d985,0QI9.L,2021-01-01,82.80018599128768,10321125984.0,primary_input_absent [netCashProvidedByOperatingActivities NaN (value=NaN)],nan
stock_CUR6K@718712e8d985,0QI9.L,2021-04-01,142.40761034751765,13690925251.199999,primary_input_absent [netCashProvidedByOperatingActivities NaN (value=NaN)],nan
stock_CUR6K@718712e8d985,0QI9.L,2021-07-01,103.05029678812922,13990314392.55,primary_input_absent [netCashProvidedByOperatingActivities NaN (value=NaN)],nan
stock_CUR6K@718712e8d985,0QI9.L,2021-10-01,147.15042379789634,19977435835.65,primary_input_absent [netCashProvidedByOperatingActivities NaN (value=NaN)],nan
stock_CUR6K@718712e8d985,0QI9.L,2022-01-01,111.00031968444779,15069625401.0,primary_input_absent [netCashProvidedByOperatingActivities NaN (value=NaN)],nan
stock_CUR6K@718712e8d985,0QI9.L,2022-04-01,77.3915634330667,10506833434.800001,primary_input_absent [netCashProvidedByOperatingActivities NaN (value=NaN)],nan
stock_CUR6K@718712e8d985,0QI9.L,2022-07-01,68.95019857876284,9360816859.45,primary_input_absent [netCashProvidedByOperatingActivities NaN (value=NaN)],nan
stock_CUR6K@718712e8d985,0QI9.L,2022-10-01,78.00022464312546,10589466498.0,primary_input_absent [netCashProvidedByOperatingActivities NaN (value=NaN)],nan
stock_CUR6K@718712e8d985,0QI9.L,2023-01-01,80.35023141121962,10908508116.849998,primary_input_absent [netCashProvidedByOperatingActivities NaN (value=NaN)],nan
stock_CUR6K@718712e8d985,0QI9.L,2023-04-01,76.40022003506137,10372246672.400002,primary_input_absent [netCashProvidedByOperatingActivities NaN (value=NaN)],nan
stock_CUR6K@718712e8d985,0QI9.L,2023-07-01,62.250179282494365,8451208839.75,primary_input_absent [netCashProvidedByOperatingActivities NaN (value=NaN)],nan
stock_CUR6K@718712e8d985,0QI9.L,2023-10-01,71.90020707488105,9761315912.900002,primary_input_absent [netCashProvidedByOperatingActivities NaN (value=NaN)],nan
stock_CUR6K@718712e8d985,0QI9.L,2024-01-01,70.1002018908089,9516943609.099998,primary_input_absent [netCashProvidedByOperatingActivities NaN (value=NaN)],nan
stock_CUR6K@718712e8d985,0QI9.L,2024-04-01,76.60022061106936,10399399150.599998,primary_input_absent [netCashProvidedByOperatingActivities NaN (value=NaN)],nan
stock_CUR6K@718712e8d985,0QI9.L,2024-07-01,83.15023947533184,11288642811.650002,primary_input_absent [netCashProvidedByOperatingActivities NaN (value=NaN)],nan
stock_CUR6K@718712e8d985,0QI9.L,2024-10-01,72.15020779489107,9795256510.650002,primary_input_absent [netCashProvidedByOperatingActivities NaN (value=NaN)],nan
stock_CUR6K@718712e8d985,0QI9.L,2025-01-01,76.25021960305534,10351882313.75,primary_input_absent [netCashProvidedByOperatingActivities NaN (value=NaN)],nan
stock_CUR6K@718712e8d985,0QI9.L,2025-04-01,75.0,10182179325.0,primary_input_absent [netCashProvidedByOperatingActivities NaN (value=NaN)],nan
stock_CUR6K@718712e8d985,0QI9.L,2025-07-01,75.2,10209331803.2,primary_input_absent [netCashProvidedByOperatingActivities NaN (value=NaN)],nan
stock_CUR6K@718712e8d985,0QI9.L,2025-10-01,74.75,10148238727.25,primary_input_absent [netCashProvidedByOperatingActivities NaN (value=NaN)],nan
stock_CUR6K@718712e8d985,0QI9.L,2026-01-01,67.5,9163961392.5,primary_input_absent [netCashProvidedByOperatingActivities NaN (value=NaN)],nan
stock_CUR6K@718712e8d985,0QI9.L,2026-04-01,79.85,10840626921.349998,primary_input_absent [netCashProvidedByOperatingActivities NaN (value=NaN)],nan
stock_CUR6K@718712e8d985,0QQ4.L,2012-10-01,287.0658064516129,622932800.0,primary_input_absent [netCashProvidedByOperatingActivities NaN (value=NaN)],nan
stock_CUR6K@718712e8d985,0QQ4.L,2013-04-01,248.74673042680027,539782395.0,primary_input_absent [netCashProvidedByOperatingActivities NaN (value=NaN)],nan
stock_CUR6K@718712e8d985,0QQ4.L,2013-10-01,238.98108285837523,518592773.5,primary_input_absent [netCashProvidedByOperatingActivities NaN (value=NaN)],nan
stock_CUR6K@718712e8d985,0QQ4.L,2014-04-01,571.8538720029788,1240916040.0,primary_input_absent [netCashProvidedByOperatingActivities NaN (value=NaN)],nan
stock_CUR6K@718712e8d985,0QQ4.L,2014-10-01,1423.4217906579654,1943202762.0,primary_input_absent [netCashProvidedByOperatingActivities NaN (value=NaN)],nan
stock_CUR6K@718712e8d985,0QQ4.L,2015-04-01,1422.6270269557554,1942117780.0,primary_input_absent [netCashProvidedByOperatingActivities NaN (value=NaN)],nan
stock_CUR6K@718712e8d985,0QQ4.L,2015-10-01,3442.604172280567,1929114887.0,primary_input_absent [netCashProvidedByOperatingActivities NaN (value=NaN)],nan
stock_CUR6K@718712e8d985,0QQ4.L,2016-04-01,3560.5722214691846,1996384360.0,primary_input_absent [netCashProvidedByOperatingActivities NaN (value=NaN)],nan
stock_CUR6K@718712e8d985,0QQ4.L,2016-10-01,3472.3513995960516,1953017100.0,primary_input_absent [netCashProvidedByOperatingActivities NaN (value=NaN)],nan
stock_CUR6K@718712e8d985,0QQ4.L,2017-04-01,3484.148910407317,1959527157.0,primary_input_absent [netCashProvidedByOperatingActivities NaN (value=NaN)],nan
stock_CUR6K@718712e8d985,0QQ4.L,2017-10-01,3486.1120572830173,1962782185.5,primary_input_absent [netCashProvidedByOperatingActivities NaN (value=NaN)],nan
stock_CUR6K@718712e8d985,0QQ4.L,2018-10-01,2208.9026495854027,1243515000.0,primary_input_absent [netCashProvidedByOperatingActivities NaN (value=NaN)],nan
stock_CUR6K@718712e8d985,0QQ4.L,2019-04-01,912.0,513415872.0,primary_input_absent [netCashProvidedByOperatingActivities NaN (value=NaN)],nan
stock_CUR6K@718712e8d985,0QQ4.L,2019-10-01,920.0,520538760.0,primary_input_absent [netCashProvidedByOperatingActivities NaN (value=NaN)],nan
stock_CUR6K@718712e8d985,0QQ4.L,2020-04-01,872.0,493380216.0,primary_input_absent [netCashProvidedByOperatingActivities NaN (value=NaN)],nan
stock_CUR6K@718712e8d985,0QQ4.L,2020-10-01,940.0,532308840.0,primary_input_absent [netCashProvidedByOperatingActivities NaN (value=NaN)],nan
stock_CUR6K@718712e8d985,0QQ4.L,2021-04-01,922.0,522115692.0,primary_input_absent [netCashProvidedByOperatingActivities NaN (value=NaN)],nan
stock_CUR6K@718712e8d985,0QQ4.L,2021-10-01,910.0,513632210.0,primary_input_absent [netCashProvidedByOperatingActivities NaN (value=NaN)],nan
stock_CUR6K@718712e8d985,0QQ4.L,2022-04-01,898.0,506859038.0,primary_input_absent [netCashProvidedByOperatingActivities NaN (value=NaN)],nan
stock_CUR6K@718712e8d985,0QQ4.L,2022-10-01,910.0,513527560.0,primary_input_absent [netCashProvidedByOperatingActivities NaN (value=NaN)],nan
stock_CUR6K@718712e8d985,0QQ4.L,2023-04-01,892.0,503369872.0,primary_input_absent [netCashProvidedByOperatingActivities NaN (value=NaN)],nan
stock_CUR6K@718712e8d985,0QQ4.L,2023-10-01,856.0,480283624.0,primary_input_absent [netCashProvidedByOperatingActivities NaN (value=NaN)],nan
stock_CUR6K@718712e8d985,0QQ4.L,2024-04-01,842.0,472428518.0,primary_input_absent [netCashProvidedByOperatingActivities NaN (value=NaN)],nan
stock_CUR6K@718712e8d985,0QQ4.L,2024-10-01,860.0,484404460.0,primary_input_absent [netCashProvidedByOperatingActivities NaN (value=NaN)],nan
stock_CUR6K@718712e8d985,0QQ4.L,2025-04-01,914.0,514820554.0,primary_input_absent [netCashProvidedByOperatingActivities NaN (value=NaN)],nan
stock_CUR6K@718712e8d985,0QQ4.L,2025-10-01,984.0,556671432.0,primary_input_absent [netCashProvidedByOperatingActivities NaN (value=NaN)],nan
stock_CUR6K@718712e8d985,0QQ4.L,2026-04-01,1090.0,616638070.0,primary_input_absent [netCashProvidedByOperatingActivities NaN (value=NaN)],nan
stock_CUR6K@718712e8d985,0R1E.L,2012-10-01,907.0,1159844390000.0,primary_input_absent [netCashProvidedByOperatingActivities NaN (value=NaN)],nan
stock_CUR6K@718712e8d985,0R1E.L,2013-01-01,988.9922660056147,1264693640000.0,primary_input_absent [netCashProvidedByOperatingActivities NaN (value=NaN)],nan
stock_CUR6K@718712e8d985,0R1E.L,2013-04-01,1167.0,1492312920000.0,primary_input_absent [netCashProvidedByOperatingActivities NaN (value=NaN)],nan
stock_CUR6K@718712e8d985,0R1E.L,2013-07-01,1113.0,1423259880000.0,primary_input_absent [netCashProvidedByOperatingActivities NaN (value=NaN)],nan
stock_CUR6K@718712e8d985,0R1E.L,2013-10-01,1401.0,1791500730000.0,primary_input_absent [netCashProvidedByOperatingActivities NaN (value=NaN)],nan
stock_CUR6K@718712e8d985,0R1E.L,2014-01-01,1186.0715108819131,1451265240000.0,primary_input_absent [netCashProvidedByOperatingActivities NaN (value=NaN)],nan
stock_CUR6K@718712e8d985,0R1E.L,2014-04-01,1212.5,1435284750000.0,primary_input_absent [netCashProvidedByOperatingActivities NaN (value=NaN)],nan
stock_CUR6K@718712e8d985,0R1E.L,2014-07-01,1192.9824436909328,1412177960000.0,primary_input_absent [netCashProvidedByOperatingActivities NaN (value=NaN)],nan
stock_CUR6K@718712e8d985,0R1E.L,2014-10-01,1260.5106485431645,1492104270000.0,primary_input_absent [netCashProvidedByOperatingActivities NaN (value=NaN)],nan
stock_CUR6K@718712e8d985,0R1E.L,2015-01-01,1767.5,2092242775000.0,primary_input_absent [netCashProvidedByOperatingActivities NaN (value=NaN)],nan
stock_CUR6K@718712e8d985,0R1E.L,2015-04-01,2047.0,2458672170000.0,primary_input_absent [netCashProvidedByOperatingActivities NaN (value=NaN)],nan
stock_CUR6K@718712e8d985,0R1E.L,2015-07-01,2005.8295618510524,2409426660000.0,primary_input_absent [netCashProvidedByOperatingActivities NaN (value=NaN)],nan
stock_CUR6K@718712e8d985,0R1E.L,2015-10-01,1675.2349995837842,2012459805000.0,primary_input_absent [netCashProvidedByOperatingActivities NaN (value=NaN)],nan
stock_CUR6K@718712e8d985,0R1E.L,2016-01-01,1600.0,1922048000000.0,primary_input_absent [netCashProvidedByOperatingActivities NaN (value=NaN)],nan
stock_CUR6K@718712e8d985,0R1E.L,2016-04-01,1458.5,1752081465000.0,primary_input_absent [netCashProvidedByOperatingActivities NaN (value=NaN)],nan
stock_CUR6K@718712e8d985,0R1E.L,2016-07-01,2660.4562596159667,3195978835000.0,primary_input_absent [netCashProvidedByOperatingActivities NaN (value=NaN)],nan
stock_CUR6K@718712e8d985,0R1E.L,2016-10-01,2453.9856002393312,2947941120000.0,primary_input_absent [netCashProvidedByOperatingActivities NaN (value=NaN)],nan
stock_CUR6K@718712e8d985,0R1E.L,2017-01-01,2581.940976999861,3101646760000.0,primary_input_absent [netCashProvidedByOperatingActivities NaN (value=NaN)],nan
stock_CUR6K@718712e8d985,0R1E.L,2017-04-01,3768.0,4523710080000.0,primary_input_absent [netCashProvidedByOperatingActivities NaN (value=NaN)],nan
stock_CUR6K@718712e8d985,0R1E.L,2017-07-01,4155.460907379619,4989527360000.0,primary_input_absent [netCashProvidedByOperatingActivities NaN (value=NaN)],nan
stock_CUR6K@718712e8d985,0R1E.L,2017-10-01,4117.835779137642,4945106640000.0,primary_input_absent [netCashProvidedByOperatingActivities NaN (value=NaN)],nan
stock_CUR6K@718712e8d985,0R1E.L,2018-01-01,4686.001147125361,5627831989164.0,primary_input_absent [netCashProvidedByOperatingActivities NaN (value=NaN)],nan
stock_CUR6K@718712e8d985,0R1E.L,2018-04-01,3620.0,4348525000000.0,primary_input_absent [netCashProvidedByOperatingActivities NaN (value=NaN)],nan
stock_CUR6K@718712e8d985,0R1E.L,2018-07-01,4203.97816206141,5050055000000.0,primary_input_absent [netCashProvidedByOperatingActivities NaN (value=NaN)],nan
stock_CUR6K@718712e8d985,0R1E.L,2018-10-01,2928.5,3517860625000.0,primary_input_absent [netCashProvidedByOperatingActivities NaN (value=NaN)],nan
stock_CUR6K@718712e8d985,0R1E.L,2019-01-01,3191.999975883953,3802438080000.0,primary_input_absent [netCashProvidedByOperatingActivities NaN (value=NaN)],nan
stock_CUR6K@718712e8d985,0R1E.L,2019-04-01,4005.0,4770916200000.0,primary_input_absent [netCashProvidedByOperatingActivities NaN (value=NaN)],nan
stock_CUR6K@718712e8d985,0R1E.L,2019-07-01,4002.0,4767342480000.0,primary_input_absent [netCashProvidedByOperatingActivities NaN (value=NaN)],nan
stock_CUR6K@718712e8d985,0R1E.L,2019-10-01,4396.963088882173,5237838310000.0,primary_input_absent [netCashProvidedByOperatingActivities NaN (value=NaN)],nan
stock_CUR6K@718712e8d985,0R1E.L,2020-01-01,4160.965070011081,4956708030000.0,primary_input_absent [netCashProvidedByOperatingActivities NaN (value=NaN)],nan
stock_CUR6K@718712e8d985,0R1E.L,2020-04-01,4801.0,5719095230000.0,primary_input_absent [netCashProvidedByOperatingActivities NaN (value=NaN)],nan
stock_CUR6K@718712e8d985,0R1E.L,2020-07-01,5966.0,7106878180000.0,primary_input_absent [netCashProvidedByOperatingActivities NaN (value=NaN)],nan
stock_CUR6K@718712e8d985,0R1E.L,2020-10-01,6582.957613803581,7841801260000.0,primary_input_absent [netCashProvidedByOperatingActivities NaN (value=NaN)],nan
stock_CUR6K@718712e8d985,0R1E.L,2021-01-01,6180.96020217529,7362930820000.0,primary_input_absent [netCashProvidedByOperatingActivities NaN (value=NaN)],nan
stock_CUR6K@718712e8d985,0R1E.L,2021-04-01,6462.0,7697663640000.0,primary_input_absent [netCashProvidedByOperatingActivities NaN (value=NaN)],nan
stock_CUR6K@718712e8d985,0R1E.L,2021-07-01,5430.740135938514,6430521250862.0,primary_input_absent [netCashProvidedByOperatingActivities NaN (value=NaN)],nan
stock_CUR6K@718712e8d985,0R1E.L,2021-10-01,5364.760792862863,6294057050000.0,primary_input_absent [netCashProvidedByOperatingActivities NaN (value=NaN)],nan
stock_CUR6K@718712e8d985,0R1E.L,2022-01-01,6167.0,7235260986716.0,primary_input_absent [netCashProvidedByOperatingActivities NaN (value=NaN)],nan
stock_CUR6K@718712e8d985,0R1E.L,2022-04-01,5868.0,6854821560000.0,primary_input_absent [netCashProvidedByOperatingActivities NaN (value=NaN)],nan
stock_CUR6K@718712e8d985,0R1E.L,2022-07-01,5853.8763059483235,6815261924000.0,primary_input_absent [netCashProvidedByOperatingActivities NaN (value=NaN)],nan
stock_CUR6K@718712e8d985,0R1E.L,2022-10-01,5532.0,6440517206760.0,primary_input_absent [netCashProvidedByOperatingActivities NaN (value=NaN)],nan
stock_CUR6K@718712e8d985,0R1E.L,2023-01-01,5131.0,5973660846160.0,primary_input_absent [netCashProvidedByOperatingActivities NaN (value=NaN)],nan
stock_CUR6K@718712e8d985,0R1E.L,2023-04-01,6542.0,7616386118000.0,primary_input_absent [netCashProvidedByOperatingActivities NaN (value=NaN)],nan
stock_CUR6K@718712e8d985,0R1E.L,2023-07-01,6230.001797981861,7253208970000.0,primary_input_absent [netCashProvidedByOperatingActivities NaN (value=NaN)],nan
stock_CUR6K@718712e8d985,0R1E.L,2023-10-01,7359.0,8567634801000.0,primary_input_absent [netCashProvidedByOperatingActivities NaN (value=NaN)],nan
stock_CUR6K@718712e8d985,0R1E.L,2024-01-01,8210.0,9558393980000.0,primary_input_absent [netCashProvidedByOperatingActivities NaN (value=NaN)],nan
stock_CUR6K@718712e8d985,0R1E.L,2024-04-01,8749.0,10185918262000.0,primary_input_absent [netCashProvidedByOperatingActivities NaN (value=NaN)],nan
stock_CUR6K@718712e8d985,0R1E.L,2024-07-01,7635.9868825198755,8890182456000.0,primary_input_absent [netCashProvidedByOperatingActivities NaN (value=NaN)],nan
stock_CUR6K@718712e8d985,0R1E.L,2024-10-01,9264.0,10785593472000.0,primary_input_absent [netCashProvidedByOperatingActivities NaN (value=NaN)],nan
stock_CUR6K@718712e8d985,0R1E.L,2025-01-01,10110.0,11770547280000.0,primary_input_absent [netCashProvidedByOperatingActivities NaN (value=NaN)],nan
stock_CUR6K@718712e8d985,0R1E.L,2025-04-01,13880.0,16159762240000.0,primary_input_absent [netCashProvidedByOperatingActivities NaN (value=NaN)],nan
stock_CUR6K@718712e8d985,0R1E.L,2025-07-01,12805.0,14908298080000.0,primary_input_absent [netCashProvidedByOperatingActivities NaN (value=NaN)],nan
stock_CUR6K@718712e8d985,0R1E.L,2025-10-01,10595.0,12335324105000.0,primary_input_absent [netCashProvidedByOperatingActivities NaN (value=NaN)],nan
stock_CUR6K@718712e8d985,0R1E.L,2026-01-01,8775.0,10164775725000.0,primary_input_absent [netCashProvidedByOperatingActivities NaN (value=NaN)],nan
stock_CUR6K@718712e8d985,0R1E.L,2026-04-01,6815.0,7856529635000.0,primary_input_absent [netCashProvidedByOperatingActivities NaN (value=NaN)],nan
stock_CUR6K@718712e8d985,0RA9.L,2015-04-01,20.299999,195373057.07571098,primary_input_absent [revenue impossible: < 0 (value=-2.017e+06)],nan
stock_CUR6K@718712e8d985,0RA9.L,2015-10-01,14.15,139137332.05,primary_input_absent [revenue impossible: < 0 (value=-2.017e+06)],nan
stock_CUR6K@718712e8d985,0RA9.L,2016-04-01,4.59,44293449.51,primary_input_absent [revenue impossible: < 0 (value=-2.017e+06)],nan
stock_CUR6K@718712e8d985,0RA9.L,2016-10-01,6.3,61845065.1,primary_input_absent [revenue impossible: < 0 (value=-2.017e+06)],nan
stock_CUR6K@718712e8d985,0RA9.L,2017-04-01,13.02,126398016.78,primary_input_absent [revenue impossible: < 0 (value=-2.017e+06)],nan
stock_CUR6K@718712e8d985,0RA9.L,2017-10-01,8.63,87628648.91000001,primary_input_absent [revenue impossible: < 0 (value=-2.017e+06)],nan
stock_CUR6K@718712e8d985,0RA9.L,2018-04-01,6.84,68268548.88,primary_input_absent [revenue impossible: < 0 (value=-2.017e+06)],nan
stock_CUR6K@718712e8d985,0RA9.L,2018-10-01,11.84,123562145.28,primary_input_absent [revenue impossible: < 0 (value=-2.017e+06)],nan
stock_CUR6K@718712e8d985,0RA9.L,2019-04-01,7.659999999999999,78450188.74,primary_input_absent [revenue impossible: < 0 (value=-2.017e+06)],nan
stock_CUR6K@718712e8d985,0RA9.L,2019-10-01,22.549998999999996,274682191.76897097,primary_input_absent [revenue impossible: < 0 (value=-2.017e+06)],nan
stock_CUR6K@718712e8d985,0RA9.L,2020-04-01,20.799999,253992302.98883098,primary_input_absent [revenue impossible: < 0 (value=-2.017e+06)],nan
stock_CUR6K@718712e8d985,0RA9.L,2020-10-01,34.400002,492177031.014942,primary_input_absent [revenue impossible: < 0 (value=-2.017e+06)],nan
stock_CUR6K@718712e8d985,0RA9.L,2021-04-01,29.549999,433272043.687663,primary_input_absent [revenue impossible: < 0 (value=-2.017e+06)],nan
stock_CUR6K@718712e8d985,0RA9.L,2021-10-01,28.549999,478368109.294549,primary_input_absent [revenue impossible: < 0 (value=-2.017e+06)],nan
stock_CUR6K@718712e8d985,0RA9.L,2022-04-01,10.46,175451699.10000002,primary_input_absent [revenue impossible: < 0 (value=-2.017e+06)],nan
stock_CUR6K@718712e8d985,0RA9.L,2022-10-01,5.937381104187961,132410634.41999999,primary_input_absent [revenue impossible: < 0 (value=-2.017e+06)],nan
stock_CUR6K@718712e8d985,0RA9.L,2023-04-01,15.599999999999998,560099311.1999999,primary_input_absent [revenue impossible: < 0 (value=-2.017e+06)],nan
stock_CUR6K@718712e8d985,0RA9.L,2023-10-01,9.82,493241140.04,primary_input_absent [revenue impossible: < 0 (value=-2.017e+06)],nan
stock_CUR6K@718712e8d985,0RA9.L,2024-04-01,12.82,806615541.78,primary_input_absent [revenue impossible: < 0 (value=-2.017e+06)],nan
stock_CUR6K@718712e8d985,0RA9.L,2024-10-01,6.759992507568828,426941320.0,primary_input_absent [revenue impossible: < 0 (value=-2.017e+06)],nan
stock_CUR6K@718712e8d985,0RA9.L,2025-04-01,6.64,421040328.32,primary_input_absent [revenue impossible: < 0 (value=-2.017e+06)],nan
stock_CUR6K@718712e8d985,0RA9.L,2025-10-01,120.4,8371088726.0,primary_input_absent [revenue impossible: < 0 (value=-2.017e+06)],nan
stock_CUR6K@718712e8d985,0RQI.L,2014-01-01,1.13,34578000.0,primary_input_absent [netCashProvidedByOperatingActivities NaN (value=NaN)],nan
stock_CUR6K@718712e8d985,0RQI.L,2014-07-01,0.043120966577158276,21515345.77,primary_input_absent [netCashProvidedByOperatingActivities NaN (value=NaN)],nan
stock_CUR6K@718712e8d985,0RQI.L,2014-10-01,0.043120966577158276,21515345.77,primary_input_absent [netCashProvidedByOperatingActivities NaN (value=NaN)],nan
stock_CUR6K@718712e8d985,0RQI.L,2015-01-01,1.13,36229702.919999994,primary_input_absent [netCashProvidedByOperatingActivities NaN (value=NaN)],nan
stock_CUR6K@718712e8d985,0RQI.L,2015-04-01,1.07,34306001.88,primary_input_absent [netCashProvidedByOperatingActivities NaN (value=NaN)],nan
stock_CUR6K@718712e8d985,0RQI.L,2015-07-01,1.02,41763589.92,primary_input_absent [netCashProvidedByOperatingActivities NaN (value=NaN)],nan
stock_CUR6K@718712e8d985,0RQI.L,2015-10-01,0.8766599999999999,35894577.19536,primary_input_absent [netCashProvidedByOperatingActivities NaN (value=NaN)],nan
stock_CUR6K@718712e8d985,0RQI.L,2016-01-01,0.8694135367233028,35763241.5,primary_input_absent [netCashProvidedByOperatingActivities NaN (value=NaN)],nan
stock_CUR6K@718712e8d985,0RQI.L,2016-07-01,1.08,43793024.760000005,primary_input_absent [netCashProvidedByOperatingActivities NaN (value=NaN)],nan
stock_CUR6K@718712e8d985,0RQI.L,2016-10-01,1.2,48658916.4,primary_input_absent [netCashProvidedByOperatingActivities NaN (value=NaN)],nan
stock_CUR6K@718712e8d985,0RQI.L,2017-01-01,1.5126752627478968,62534582.28,primary_input_absent [netCashProvidedByOperatingActivities NaN (value=NaN)],nan
stock_CUR6K@718712e8d985,0RQI.L,2017-04-01,1.8982591532522628,78474769.92,primary_input_absent [netCashProvidedByOperatingActivities NaN (value=NaN)],nan
stock_CUR6K@718712e8d985,0RQI.L,2017-07-01,2.02,84402896.24,primary_input_absent [netCashProvidedByOperatingActivities NaN (value=NaN)],nan
stock_CUR6K@718712e8d985,0RQI.L,2017-10-01,2.22,92759618.64000002,primary_input_absent [netCashProvidedByOperatingActivities NaN (value=NaN)],nan
stock_CUR6K@718712e8d985,0RQI.L,2018-01-01,2.06,85587578.08,primary_input_absent [netCashProvidedByOperatingActivities NaN (value=NaN)],nan
stock_CUR6K@718712e8d985,0RQI.L,2018-04-01,2.53,105114841.03999999,primary_input_absent [netCashProvidedByOperatingActivities NaN (value=NaN)],nan
stock_CUR6K@718712e8d985,0RQI.L,2018-07-01,3.25,137181590.0,primary_input_absent [netCashProvidedByOperatingActivities NaN (value=NaN)],nan
stock_CUR6K@718712e8d985,0RQI.L,2018-10-01,3.17,133804812.39999999,primary_input_absent [netCashProvidedByOperatingActivities NaN (value=NaN)],nan
stock_CUR6K@718712e8d985,0RQI.L,2019-01-01,4.58,188795898.96,primary_input_absent [netCashProvidedByOperatingActivities NaN (value=NaN)],nan
stock_CUR6K@718712e8d985,0RQI.L,2019-04-01,5.42,225582914.88,primary_input_absent [netCashProvidedByOperatingActivities NaN (value=NaN)],nan
stock_CUR6K@718712e8d985,0RQI.L,2019-10-01,7.480115553930049,311812140.0,primary_input_absent [netCashProvidedByOperatingActivities NaN (value=NaN)],nan
stock_CUR6K@718712e8d985,0RQI.L,2020-01-01,5.88,246206125.2,primary_input_absent [netCashProvidedByOperatingActivities NaN (value=NaN)],nan
stock_CUR6K@718712e8d985,0RQI.L,2020-04-01,8.4,358977645.6,primary_input_absent [netCashProvidedByOperatingActivities NaN (value=NaN)],nan
stock_CUR6K@718712e8d985,0RQI.L,2020-07-01,9.82,421728148.8,primary_input_absent [netCashProvidedByOperatingActivities NaN (value=NaN)],nan
stock_CUR6K@718712e8d985,0RQI.L,2020-10-01,14.195140286778374,641945920.7,primary_input_absent [netCashProvidedByOperatingActivities NaN (value=NaN)],nan
stock_CUR6K@718712e8d985,0RQI.L,2021-01-01,10.7,462193305.2,primary_input_absent [netCashProvidedByOperatingActivities NaN (value=NaN)],nan
stock_CUR6K@718712e8d985,0RQI.L,2021-04-01,14.28,619994303.04,primary_input_absent [netCashProvidedByOperatingActivities NaN (value=NaN)],nan
stock_CUR6K@718712e8d985,0RQI.L,2021-07-01,13.98,609501102.48,primary_input_absent [netCashProvidedByOperatingActivities NaN (value=NaN)],nan
stock_CUR6K@718712e8d985,0RQI.L,2021-10-01,11.652526951864784,508512221.09999996,primary_input_absent [netCashProvidedByOperatingActivities NaN (value=NaN)],nan
stock_CUR6K@718712e8d985,0RQI.L,2022-01-01,9.83,429882994.37,primary_input_absent [netCashProvidedByOperatingActivities NaN (value=NaN)],nan
stock_CUR6K@718712e8d985,0RQI.L,2022-04-01,9.55222747827561,424197868.29999995,primary_input_absent [netCashProvidedByOperatingActivities NaN (value=NaN)],nan
stock_CUR6K@718712e8d985,0RQI.L,2022-07-01,8.698331428997133,384839303.20000005,primary_input_absent [netCashProvidedByOperatingActivities NaN (value=NaN)],nan
stock_CUR6K@718712e8d985,0RQI.L,2022-10-01,8.88844631683974,397958824.9,primary_input_absent [netCashProvidedByOperatingActivities NaN (value=NaN)],nan
stock_CUR6K@718712e8d985,0RQI.L,2023-01-01,8.24,369921517.12,primary_input_absent [netCashProvidedByOperatingActivities NaN (value=NaN)],nan
stock_CUR6K@718712e8d985,0RQI.L,2023-04-01,7.27,327986777.0,primary_input_absent [netCashProvidedByOperatingActivities NaN (value=NaN)],nan
stock_CUR6K@718712e8d985,0RQI.L,2023-07-01,5.46,247226970.9,primary_input_absent [netCashProvidedByOperatingActivities NaN (value=NaN)],nan
stock_CUR6K@718712e8d985,0RQI.L,2023-10-01,6.068407939141948,275571574.8,primary_input_absent [netCashProvidedByOperatingActivities NaN (value=NaN)],nan
stock_CUR6K@718712e8d985,0RQI.L,2024-01-01,6.049999999999999,274879100.09999996,primary_input_absent [netCashProvidedByOperatingActivities NaN (value=NaN)],nan
stock_CUR6K@718712e8d985,0RQI.L,2024-04-01,4.556681507561196,220568164.2,primary_input_absent [netCashProvidedByOperatingActivities NaN (value=NaN)],nan
stock_CUR6K@718712e8d985,0RQI.L,2024-07-01,5.02,228299419.43999997,primary_input_absent [netCashProvidedByOperatingActivities NaN (value=NaN)],nan
stock_CUR6K@718712e8d985,0RQI.L,2024-10-01,4.06,184640566.32,primary_input_absent [netCashProvidedByOperatingActivities NaN (value=NaN)],nan
stock_CUR6K@718712e8d985,0RQI.L,2025-01-01,3.1200000000000006,141891272.64000002,primary_input_absent [netCashProvidedByOperatingActivities NaN (value=NaN)],nan
stock_CUR6K@718712e8d985,0RQI.L,2025-04-01,3.93,178728429.96,primary_input_absent [netCashProvidedByOperatingActivities NaN (value=NaN)],nan
stock_CUR6K@718712e8d985,0RQI.L,2025-07-01,3.49,158718122.28,primary_input_absent [netCashProvidedByOperatingActivities NaN (value=NaN)],nan
stock_CUR6K@718712e8d985,0RQI.L,2025-10-01,3.03,137798255.16,primary_input_absent [netCashProvidedByOperatingActivities NaN (value=NaN)],nan
stock_CUR6K@718712e8d985,0RQI.L,2026-01-01,1.27,57889475.28,primary_input_absent [netCashProvidedByOperatingActivities NaN (value=NaN)],nan
stock_CUR6K@718712e8d985,0RQI.L,2026-04-01,1.1400091402520014,52039857.72,primary_input_absent [netCashProvidedByOperatingActivities NaN (value=NaN)],nan
stock_CUR6K@718712e8d985,0RS1.L,2006-10-01,,0.0,primary_input_absent [netCashProvidedByOperatingActivities NaN (value=NaN)],nan
stock_CUR6K@718712e8d985,0RS1.L,2007-10-01,,0.0,primary_input_absent [netCashProvidedByOperatingActivities NaN (value=NaN)],nan
stock_CUR6K@718712e8d985,0RS1.L,2008-10-01,,0.0,primary_input_absent [netCashProvidedByOperatingActivities NaN (value=NaN)],nan
stock_CUR6K@718712e8d985,0RS1.L,2009-10-01,,0.0,primary_input_absent [netCashProvidedByOperatingActivities NaN (value=NaN)],nan
stock_CUR6K@718712e8d985,0RS1.L,2010-10-01,,0.0,primary_input_absent [netCashProvidedByOperatingActivities NaN (value=NaN)],nan
stock_CUR6K@718712e8d985,0RS1.L,2011-10-01,,0.0,primary_input_absent [netCashProvidedByOperatingActivities NaN (value=NaN)],nan
stock_CUR6K@718712e8d985,0RS1.L,2012-10-01,1.85,17308124.55,primary_input_absent [netCashProvidedByOperatingActivities NaN (value=NaN)],nan
stock_CUR6K@718712e8d985,0RS1.L,2013-04-01,1.57,14753089.040000001,primary_input_absent [netCashProvidedByOperatingActivities NaN (value=NaN)],nan
stock_CUR6K@718712e8d985,0RS1.L,2013-10-01,2.72,25671360.0,primary_input_absent [netCashProvidedByOperatingActivities NaN (value=NaN)],nan
stock_CUR6K@718712e8d985,0RS1.L,2014-04-01,3.49,32938620.000000004,primary_input_absent [netCashProvidedByOperatingActivities NaN (value=NaN)],nan
stock_CUR6K@718712e8d985,0RS1.L,2014-10-01,4.97,46906860.0,primary_input_absent [netCashProvidedByOperatingActivities NaN (value=NaN)],nan
stock_CUR6K@718712e8d985,0RS1.L,2015-04-01,5.26,48407196.14,primary_input_absent [netCashProvidedByOperatingActivities NaN (value=NaN)],nan
stock_CUR6K@718712e8d985,0RS1.L,2015-10-01,5.61,51628207.29000001,primary_input_absent [netCashProvidedByOperatingActivities NaN (value=NaN)],nan
stock_CUR6K@718712e8d985,0RS1.L,2016-04-01,6.97,64144136.33,primary_input_absent [netCashProvidedByOperatingActivities NaN (value=NaN)],nan
stock_CUR6K@718712e8d985,0RS1.L,2016-10-01,5.38,50776440.0,primary_input_absent [netCashProvidedByOperatingActivities NaN (value=NaN)],nan
stock_CUR6K@718712e8d985,0RS1.L,2017-04-01,6.99,65971620.0,primary_input_absent [netCashProvidedByOperatingActivities NaN (value=NaN)],nan
stock_CUR6K@718712e8d985,0RS1.L,2017-10-01,8.3,78335400.0,primary_input_absent [netCashProvidedByOperatingActivities NaN (value=NaN)],nan
stock_CUR6K@718712e8d985,0RS1.L,2018-04-01,11.17,105422460.0,primary_input_absent [netCashProvidedByOperatingActivities NaN (value=NaN)],nan
stock_CUR6K@718712e8d985,0RS1.L,2018-10-01,5.85,55212300.0,primary_input_absent [netCashProvidedByOperatingActivities NaN (value=NaN)],nan
stock_CUR6K@718712e8d985,0RS1.L,2019-04-01,5.72,53985411.48,primary_input_absent [netCashProvidedByOperatingActivities NaN (value=NaN)],nan
stock_CUR6K@718712e8d985,0RS1.L,2019-10-01,4.49,42376620.0,primary_input_absent [netCashProvidedByOperatingActivities NaN (value=NaN)],nan
stock_CUR6K@718712e8d985,0RS1.L,2020-04-01,9.5,89661000.0,primary_input_absent [netCashProvidedByOperatingActivities NaN (value=NaN)],nan
stock_CUR6K@718712e8d985,0RS1.L,2020-10-01,20.27,191308260.0,primary_input_absent [netCashProvidedByOperatingActivities NaN (value=NaN)],nan
stock_CUR6K@718712e8d985,0RS1.L,2021-04-01,40.6,383182800.0,primary_input_absent [netCashProvidedByOperatingActivities NaN (value=NaN)],nan
stock_CUR6K@718712e8d985,0RS1.L,2021-10-01,27.3,257657400.0,primary_input_absent [netCashProvidedByOperatingActivities NaN (value=NaN)],nan
stock_CUR6K@718712e8d985,0RS1.L,2022-04-01,13.9,131188200.0,primary_input_absent [netCashProvidedByOperatingActivities NaN (value=NaN)],nan
stock_CUR6K@718712e8d985,0RS1.L,2022-10-01,8.7,82110600.0,primary_input_absent [netCashProvidedByOperatingActivities NaN (value=NaN)],nan
stock_CUR6K@718712e8d985,0RS1.L,2023-04-01,9.2,86829600.0,primary_input_absent [netCashProvidedByOperatingActivities NaN (value=NaN)],nan
stock_CUR6K@718712e8d985,0RS1.L,2023-10-01,8.56,80789280.0,primary_input_absent [netCashProvidedByOperatingActivities NaN (value=NaN)],nan
stock_CUR6K@718712e8d985,0RS1.L,2024-04-01,19.05,179793900.0,primary_input_absent [netCashProvidedByOperatingActivities NaN (value=NaN)],nan
stock_CUR6K@718712e8d985,0RS1.L,2024-10-01,19.2,181209600.0,primary_input_absent [netCashProvidedByOperatingActivities NaN (value=NaN)],nan
stock_CUR6K@718712e8d985,0RS1.L,2025-04-01,22.8,215186400.0,primary_input_absent [netCashProvidedByOperatingActivities NaN (value=NaN)],nan
stock_CUR6K@718712e8d985,0RS1.L,2025-10-01,22.2,209523600.0,primary_input_absent [netCashProvidedByOperatingActivities NaN (value=NaN)],nan
stock_CUR6K@718712e8d985,0RS1.L,2026-04-01,27.8,262376400.0,primary_input_absent [netCashProvidedByOperatingActivities NaN (value=NaN)],nan
stock_CUR6K@718712e8d985,AASB.OL,2015-10-01,112.16,44864000.0,primary_input_absent [netCashProvidedByOperatingActivities NaN (value=NaN)],nan
stock_CUR6K@718712e8d985,AASB.OL,2016-01-01,103.28,86755200.0,primary_input_absent [netCashProvidedByOperatingActivities NaN (value=NaN)],nan
stock_CUR6K@718712e8d985,AASB.OL,2016-04-01,116.83,98137200.0,primary_input_absent [netCashProvidedByOperatingActivities NaN (value=NaN)],nan
stock_CUR6K@718712e8d985,AASB.OL,2016-07-01,117.3,101977218.3,primary_input_absent [netCashProvidedByOperatingActivities NaN (value=NaN)],nan
stock_CUR6K@718712e8d985,AASB.OL,2016-10-01,102.81,92399562.21000001,primary_input_absent [netCashProvidedByOperatingActivities NaN (value=NaN)],nan
stock_CUR6K@718712e8d985,AASB.OL,2017-01-01,116.83,104999911.03,primary_input_absent [netCashProvidedByOperatingActivities NaN (value=NaN)],nan
stock_CUR6K@718712e8d985,AASB.OL,2017-04-01,109.35,118624629.6,primary_input_absent [netCashProvidedByOperatingActivities NaN (value=NaN)],nan
stock_CUR6K@718712e8d985,AASB.OL,2017-07-01,110.29,119644356.64,primary_input_absent [netCashProvidedByOperatingActivities NaN (value=NaN)],nan
stock_CUR6K@718712e8d985,AASB.OL,2017-10-01,110.29,119644356.64,primary_input_absent [netCashProvidedByOperatingActivities NaN (value=NaN)],nan
stock_CUR6K@718712e8d985,AASB.OL,2018-01-01,100.01,108492448.16000001,primary_input_absent [netCashProvidedByOperatingActivities NaN (value=NaN)],nan
stock_CUR6K@718712e8d985,AASB.OL,2018-04-01,97.2,105444115.2,primary_input_absent [netCashProvidedByOperatingActivities NaN (value=NaN)],nan
stock_CUR6K@718712e8d985,AASB.OL,2018-07-01,100.94,109501327.03999999,primary_input_absent [netCashProvidedByOperatingActivities NaN (value=NaN)],nan
stock_CUR6K@718712e8d985,AASB.OL,2018-10-01,104.68,113558538.88000001,primary_input_absent [netCashProvidedByOperatingActivities NaN (value=NaN)],nan
stock_CUR6K@718712e8d985,AASB.OL,2019-01-01,118.7,128767659.2,primary_input_absent [netCashProvidedByOperatingActivities NaN (value=NaN)],nan
stock_CUR6K@718712e8d985,AASB.OL,2019-04-01,112.16,121672962.56,primary_input_absent [netCashProvidedByOperatingActivities NaN (value=NaN)],nan
stock_CUR6K@718712e8d985,AASB.OL,2019-07-01,108.42,117615750.72,primary_input_absent [netCashProvidedByOperatingActivities NaN (value=NaN)],nan
stock_CUR6K@718712e8d985,AASB.OL,2019-10-01,120.57,130796265.11999999,primary_input_absent [netCashProvidedByOperatingActivities NaN (value=NaN)],nan
stock_CUR6K@718712e8d985,AASB.OL,2020-01-01,106.55,115587144.8,primary_input_absent [netCashProvidedByOperatingActivities NaN (value=NaN)],nan
stock_CUR6K@718712e8d985,AASB.OL,2020-04-01,105.61,114567417.76,primary_input_absent [netCashProvidedByOperatingActivities NaN (value=NaN)],nan
stock_CUR6K@718712e8d985,AASB.OL,2020-07-01,119.63,129776538.08,primary_input_absent [netCashProvidedByOperatingActivities NaN (value=NaN)],nan
stock_CUR6K@718712e8d985,AASB.OL,2020-10-01,136.46,148033991.36,primary_input_absent [netCashProvidedByOperatingActivities NaN (value=NaN)],nan
stock_CUR6K@718712e8d985,AASB.OL,2021-01-01,130.85,141948173.6,primary_input_absent [netCashProvidedByOperatingActivities NaN (value=NaN)],nan
stock_CUR6K@718712e8d985,AASB.OL,2021-04-01,126.17999999999999,136882082.88,primary_input_absent [netCashProvidedByOperatingActivities NaN (value=NaN)],nan
stock_CUR6K@718712e8d985,AASB.OL,2021-07-01,123.37,133833749.92,primary_input_absent [netCashProvidedByOperatingActivities NaN (value=NaN)],nan
stock_CUR6K@718712e8d985,AASB.OL,2021-10-01,133.65,144985658.4,primary_input_absent [netCashProvidedByOperatingActivities NaN (value=NaN)],nan
stock_CUR6K@718712e8d985,AASB.OL,2022-01-01,152.35,165271717.6,primary_input_absent [netCashProvidedByOperatingActivities NaN (value=NaN)],nan
stock_CUR6K@718712e8d985,AASB.OL,2022-04-01,129.92,140939294.72,primary_input_absent [netCashProvidedByOperatingActivities NaN (value=NaN)],nan
stock_CUR6K@718712e8d985,AASB.OL,2022-07-01,133.0,134850429.0,primary_input_absent [netCashProvidedByOperatingActivities NaN (value=NaN)],nan
stock_CUR6K@718712e8d985,AASB.OL,2022-10-01,116.0,200652624.0,primary_input_absent [netCashProvidedByOperatingActivities NaN (value=NaN)],nan
stock_CUR6K@718712e8d985,AASB.OL,2023-01-01,115.0,198922860.0,primary_input_absent [netCashProvidedByOperatingActivities NaN (value=NaN)],nan
stock_CUR6K@718712e8d985,AASB.OL,2023-04-01,114.0,197193096.0,primary_input_absent [netCashProvidedByOperatingActivities NaN (value=NaN)],nan
stock_CUR6K@718712e8d985,AASB.OL,2023-07-01,117.0,202382388.0,primary_input_absent [netCashProvidedByOperatingActivities NaN (value=NaN)],nan
stock_CUR6K@718712e8d985,AASB.OL,2023-10-01,132.0,228328848.0,primary_input_absent [netCashProvidedByOperatingActivities NaN (value=NaN)],nan
stock_CUR6K@718712e8d985,AASB.OL,2024-01-01,120.0,207571680.0,primary_input_absent [netCashProvidedByOperatingActivities NaN (value=NaN)],nan
stock_CUR6K@718712e8d985,AASB.OL,2024-04-01,110.02,190308635.28,primary_input_absent [netCashProvidedByOperatingActivities NaN (value=NaN)],nan
stock_CUR6K@718712e8d985,AASB.OL,2024-07-01,112.90000000000002,195290355.60000002,primary_input_absent [netCashProvidedByOperatingActivities NaN (value=NaN)],nan
stock_CUR6K@718712e8d985,AASB.OL,2024-10-01,124.42,215217236.88,primary_input_absent [netCashProvidedByOperatingActivities NaN (value=NaN)],nan
stock_CUR6K@718712e8d985,AASB.OL,2025-01-01,118.09999999999998,204285128.39999998,primary_input_absent [netCashProvidedByOperatingActivities NaN (value=NaN)],nan
stock_CUR6K@718712e8d985,AASB.OL,2025-04-01,121.0,209301444.0,primary_input_absent [netCashProvidedByOperatingActivities NaN (value=NaN)],nan
stock_CUR6K@718712e8d985,AASB.OL,2025-07-01,123.04,212830162.56,primary_input_absent [netCashProvidedByOperatingActivities NaN (value=NaN)],nan
stock_CUR6K@718712e8d985,AASB.OL,2025-10-01,139.98,242132364.71999997,primary_input_absent [netCashProvidedByOperatingActivities NaN (value=NaN)],nan
stock_CUR6K@718712e8d985,AASB.OL,2026-01-01,139.98,242132364.71999997,primary_input_absent [netCashProvidedByOperatingActivities NaN (value=NaN)],nan
stock_CUR6K@718712e8d985,AASB.OL,2026-04-01,134.5,232653258.0,primary_input_absent [netCashProvidedByOperatingActivities NaN (value=NaN)],nan
stock_CUR6K@718712e8d985,ABG.OL,2009-10-01,7.98,3401538840.0,primary_input_absent [netCashProvidedByOperatingActivities NaN (value=NaN)],nan
stock_CUR6K@718712e8d985,ABG.OL,2010-01-01,8.5,3704920500.0,primary_input_absent [netCashProvidedByOperatingActivities NaN (value=NaN)],nan
stock_CUR6K@718712e8d985,ABG.OL,2010-04-01,6.19,2802095390.0,primary_input_absent [netCashProvidedByOperatingActivities NaN (value=NaN)],nan
stock_CUR6K@718712e8d985,ABG.OL,2010-07-01,6.63,3022868940.0,primary_input_absent [netCashProvidedByOperatingActivities NaN (value=NaN)],nan
stock_CUR6K@718712e8d985,ABG.OL,2010-10-01,8.6,3921066800.0,primary_input_absent [netCashProvidedByOperatingActivities NaN (value=NaN)],nan
stock_CUR6K@718712e8d985,ABG.OL,2011-01-01,7.6,3482935600.0,primary_input_absent [netCashProvidedByOperatingActivities NaN (value=NaN)],nan
stock_CUR6K@718712e8d985,ABG.OL,2011-04-01,5.88,2319333330.72,primary_input_absent [netCashProvidedByOperatingActivities NaN (value=NaN)],nan
stock_CUR6K@718712e8d985,ABG.OL,2011-07-01,4.07,1699929110.0,primary_input_absent [netCashProvidedByOperatingActivities NaN (value=NaN)],nan
stock_CUR6K@718712e8d985,ABG.OL,2011-10-01,3.69,1725141420.0,primary_input_absent [netCashProvidedByOperatingActivities NaN (value=NaN)],nan
stock_CUR6K@718712e8d985,ABG.OL,2012-01-01,4.94,2311821200.0,primary_input_absent [netCashProvidedByOperatingActivities NaN (value=NaN)],nan
stock_CUR6K@718712e8d985,ABG.OL,2012-04-01,3.69,1561364460.0,primary_input_absent [netCashProvidedByOperatingActivities NaN (value=NaN)],nan
stock_CUR6K@718712e8d985,ABG.OL,2012-07-01,4.05,1736931600.0,primary_input_absent [netCashProvidedByOperatingActivities NaN (value=NaN)],nan
stock_CUR6K@718712e8d985,ABG.OL,2012-10-01,4.5,1920100216.5,primary_input_absent [netCashProvidedByOperatingActivities NaN (value=NaN)],nan
stock_CUR6K@718712e8d985,ABG.OL,2013-01-01,4.8,2058585600.0,primary_input_absent [netCashProvidedByOperatingActivities NaN (value=NaN)],nan
stock_CUR6K@718712e8d985,ABG.OL,2013-04-01,4.0,1739728000.0,primary_input_absent [netCashProvidedByOperatingActivities NaN (value=NaN)],nan
stock_CUR6K@718712e8d985,ABG.OL,2013-07-01,4.46,1969009720.0,primary_input_absent [netCashProvidedByOperatingActivities NaN (value=NaN)],nan
stock_CUR6K@718712e8d985,ABG.OL,2013-10-01,5.37,2359452186.27,primary_input_absent [netCashProvidedByOperatingActivities NaN (value=NaN)],nan
stock_CUR6K@718712e8d985,ABG.OL,2014-01-01,5.7,2541242400.0,primary_input_absent [netCashProvidedByOperatingActivities NaN (value=NaN)],nan
stock_CUR6K@718712e8d985,ABG.OL,2014-04-01,5.5,2487446500.0,primary_input_absent [netCashProvidedByOperatingActivities NaN (value=NaN)],nan
stock_CUR6K@718712e8d985,ABG.OL,2014-07-01,5.35,2449823850.0,primary_input_absent [netCashProvidedByOperatingActivities NaN (value=NaN)],nan
stock_CUR6K@718712e8d985,ABG.OL,2014-10-01,4.85,2220868350.0,primary_input_absent [netCashProvidedByOperatingActivities NaN (value=NaN)],nan
stock_CUR6K@718712e8d985,ABG.OL,2015-01-01,6.37,2929856020.0,primary_input_absent [netCashProvidedByOperatingActivities NaN (value=NaN)],nan
stock_CUR6K@718712e8d985,ABG.OL,2015-04-01,6.68,3101210040.0,primary_input_absent [netCashProvidedByOperatingActivities NaN (value=NaN)],nan
stock_CUR6K@718712e8d985,ABG.OL,2015-07-01,6.78,3160619040.0,primary_input_absent [netCashProvidedByOperatingActivities NaN (value=NaN)],nan
stock_CUR6K@718712e8d985,ABG.OL,2015-10-01,6.62,3086032160.0,primary_input_absent [netCashProvidedByOperatingActivities NaN (value=NaN)],nan
stock_CUR6K@718712e8d985,ABG.OL,2016-01-01,6.28,2908971360.0,primary_input_absent [netCashProvidedByOperatingActivities NaN (value=NaN)],nan
stock_CUR6K@718712e8d985,ABG.OL,2016-04-01,5.4,2511032400.0,primary_input_absent [netCashProvidedByOperatingActivities NaN (value=NaN)],nan
stock_CUR6K@718712e8d985,ABG.OL,2016-07-01,5.09,2366850000.0,primary_input_absent [netCashProvidedByOperatingActivities NaN (value=NaN)],nan
stock_CUR6K@718712e8d985,ABG.OL,2016-10-01,4.94,2325490180.0,primary_input_absent [netCashProvidedByOperatingActivities NaN (value=NaN)],nan
stock_CUR6K@718712e8d985,ABG.OL,2017-01-01,5.45,2565571150.0,primary_input_absent [netCashProvidedByOperatingActivities NaN (value=NaN)],nan
stock_CUR6K@718712e8d985,ABG.OL,2017-04-01,5.37,2420974998.21,primary_input_absent [netCashProvidedByOperatingActivities NaN (value=NaN)],nan
stock_CUR6K@718712e8d985,ABG.OL,2017-07-01,5.6,2694222221.6,primary_input_absent [netCashProvidedByOperatingActivities NaN (value=NaN)],nan
stock_CUR6K@718712e8d985,ABG.OL,2017-10-01,5.93,2852988888.23,primary_input_absent [netCashProvidedByOperatingActivities NaN (value=NaN)],nan
stock_CUR6K@718712e8d985,ABG.OL,2018-01-01,6.37,2998658390.0,primary_input_absent [netCashProvidedByOperatingActivities NaN (value=NaN)],nan
stock_CUR6K@718712e8d985,ABG.OL,2018-04-01,5.97,2693962500.0,primary_input_absent [netCashProvidedByOperatingActivities NaN (value=NaN)],nan
stock_CUR6K@718712e8d985,ABG.OL,2018-07-01,5.75,2863500000.0,primary_input_absent [netCashProvidedByOperatingActivities NaN (value=NaN)],nan
stock_CUR6K@718712e8d985,ABG.OL,2018-10-01,4.7,2340600000.0,primary_input_absent [netCashProvidedByOperatingActivities NaN (value=NaN)],nan
stock_CUR6K@718712e8d985,ABG.OL,2019-01-01,4.09,1848680000.0,primary_input_absent [netCashProvidedByOperatingActivities NaN (value=NaN)],nan
stock_CUR6K@718712e8d985,ABG.OL,2019-04-01,3.87,1700035713.18,primary_input_absent [netCashProvidedByOperatingActivities NaN (value=NaN)],nan
stock_CUR6K@718712e8d985,ABG.OL,2019-07-01,3.4,1600539800.0,primary_input_absent [netCashProvidedByOperatingActivities NaN (value=NaN)],nan
stock_CUR6K@718712e8d985,ABG.OL,2019-10-01,3.99,1800487500.0,primary_input_absent [netCashProvidedByOperatingActivities NaN (value=NaN)],nan
stock_CUR6K@718712e8d985,ABG.OL,2020-01-01,3.0800000000000005,1298733334.3600001,primary_input_absent [netCashProvidedByOperatingActivities NaN (value=NaN)],nan
stock_CUR6K@718712e8d985,ABG.OL,2020-04-01,4.2,1977137400.0,primary_input_absent [netCashProvidedByOperatingActivities NaN (value=NaN)],nan
stock_CUR6K@718712e8d985,ABG.OL,2020-07-01,5.32,2504374040.0,primary_input_absent [netCashProvidedByOperatingActivities NaN (value=NaN)],nan
stock_CUR6K@718712e8d985,ABG.OL,2020-10-01,6.38,3003365860.0,primary_input_absent [netCashProvidedByOperatingActivities NaN (value=NaN)],nan
stock_CUR6K@718712e8d985,ABG.OL,2021-01-01,8.9,4189648300.0,primary_input_absent [netCashProvidedByOperatingActivities NaN (value=NaN)],nan
stock_CUR6K@718712e8d985,ABG.OL,2021-04-01,9.84,4632150480.0,primary_input_absent [netCashProvidedByOperatingActivities NaN (value=NaN)],nan
stock_CUR6K@718712e8d985,ABG.OL,2021-07-01,9.2,4330872400.0,primary_input_absent [netCashProvidedByOperatingActivities NaN (value=NaN)],nan
stock_CUR6K@718712e8d985,ABG.OL,2021-10-01,9.23,4166201615.29,primary_input_absent [netCashProvidedByOperatingActivities NaN (value=NaN)],nan
stock_CUR6K@718712e8d985,ABG.OL,2022-01-01,8.52,4729400880.0,primary_input_absent [netCashProvidedByOperatingActivities NaN (value=NaN)],nan
stock_CUR6K@718712e8d985,ABG.OL,2022-04-01,5.89,3288987780.0,primary_input_absent [netCashProvidedByOperatingActivities NaN (value=NaN)],nan
stock_CUR6K@718712e8d985,ABG.OL,2022-07-01,5.52,3077847120.0,primary_input_absent [netCashProvidedByOperatingActivities NaN (value=NaN)],nan
stock_CUR6K@718712e8d985,ABG.OL,2022-10-01,5.63,2686641630.0,primary_input_absent [netCashProvidedByOperatingActivities NaN (value=NaN)],nan
stock_CUR6K@718712e8d985,ABG.OL,2023-01-01,6.1,2950307700.0,primary_input_absent [netCashProvidedByOperatingActivities NaN (value=NaN)],nan
stock_CUR6K@718712e8d985,ABG.OL,2023-04-01,5.21,2535519440.0,primary_input_absent [netCashProvidedByOperatingActivities NaN (value=NaN)],nan
stock_CUR6K@718712e8d985,ABG.OL,2023-07-01,5.15,2520451200.0,primary_input_absent [netCashProvidedByOperatingActivities NaN (value=NaN)],nan
stock_CUR6K@718712e8d985,ABG.OL,2023-10-01,6.8,3321684400.0,primary_input_absent [netCashProvidedByOperatingActivities NaN (value=NaN)],nan
stock_CUR6K@718712e8d985,ABG.OL,2024-01-01,6.11,3014020230.0,primary_input_absent [netCashProvidedByOperatingActivities NaN (value=NaN)],nan
stock_CUR6K@718712e8d985,ABG.OL,2024-04-01,6.15,3201739193.8500004,primary_input_absent [netCashProvidedByOperatingActivities NaN (value=NaN)],nan
stock_CUR6K@718712e8d985,ABG.OL,2024-07-01,6.6,3436026000.0,primary_input_absent [netCashProvidedByOperatingActivities NaN (value=NaN)],nan
stock_CUR6K@718712e8d985,ABG.OL,2024-10-01,7.08,3736363800.0,primary_input_absent [netCashProvidedByOperatingActivities NaN (value=NaN)],nan
stock_CUR6K@718712e8d985,ABG.OL,2025-01-01,7.28,3841910800.0,primary_input_absent [netCashProvidedByOperatingActivities NaN (value=NaN)],nan
stock_CUR6K@718712e8d985,ABG.OL,2025-04-01,7.03,3709977050.0,primary_input_absent [netCashProvidedByOperatingActivities NaN (value=NaN)],nan
stock_CUR6K@718712e8d985,ABG.OL,2025-07-01,6.91,3540283220.0,primary_input_absent [netCashProvidedByOperatingActivities NaN (value=NaN)],nan
stock_CUR6K@718712e8d985,ABG.OL,2025-10-01,8.23,4343259050.0,primary_input_absent [netCashProvidedByOperatingActivities NaN (value=NaN)],nan
stock_CUR6K@718712e8d985,ABG.OL,2026-01-01,8.02,4121935140.0,primary_input_absent [netCashProvidedByOperatingActivities NaN (value=NaN)],nan
stock_CUR6K@718712e8d985,ABG.OL,2026-04-01,7.11,3752195850.0,primary_input_absent [netCashProvidedByOperatingActivities NaN (value=NaN)],nan
stock_CUR6K@718712e8d985,ABO.DE,2010-10-01,,0.0,primary_input_absent [netCashProvidedByOperatingActivities NaN (value=NaN)],nan
stock_CUR6K@718712e8d985,ABO.DE,2011-04-01,2.65,27449881.9,primary_input_absent [netCashProvidedByOperatingActivities NaN (value=NaN)],nan
stock_CUR6K@718712e8d985,ABO.DE,2011-10-01,2.65,27449881.9,primary_input_absent [netCashProvidedByOperatingActivities NaN (value=NaN)],nan
stock_CUR6K@718712e8d985,ABO.DE,2012-04-01,2.6499999999999995,33599940.949999996,primary_input_absent [netCashProvidedByOperatingActivities NaN (value=NaN)],nan
stock_CUR6K@718712e8d985,ABO.DE,2012-10-01,2.65,39750000.0,primary_input_absent [netCashProvidedByOperatingActivities NaN (value=NaN)],nan
stock_CUR6K@718712e8d985,ABO.DE,2013-04-01,2.65,54911166.75,primary_input_absent [netCashProvidedByOperatingActivities NaN (value=NaN)],nan
stock_CUR6K@718712e8d985,ABO.DE,2013-10-01,2.65,68900000.0,primary_input_absent [netCashProvidedByOperatingActivities NaN (value=NaN)],nan
stock_CUR6K@718712e8d985,ABO.DE,2014-04-01,2.65,84137500.0,primary_input_absent [netCashProvidedByOperatingActivities NaN (value=NaN)],nan
stock_CUR6K@718712e8d985,ABO.DE,2014-10-01,2.65,84137500.0,primary_input_absent [netCashProvidedByOperatingActivities NaN (value=NaN)],nan
stock_CUR6K@718712e8d985,ABO.DE,2015-04-01,2.65,106993750.0,primary_input_absent [netCashProvidedByOperatingActivities NaN (value=NaN)],nan
stock_CUR6K@718712e8d985,ABO.DE,2015-10-01,2.65,115440625.0,primary_input_absent [netCashProvidedByOperatingActivities NaN (value=NaN)],nan
stock_CUR6K@718712e8d985,ABO.DE,2016-04-01,2.29,100473750.0,primary_input_absent [netCashProvidedByOperatingActivities NaN (value=NaN)],nan
stock_CUR6K@718712e8d985,ABO.DE,2016-10-01,2.29,107057500.0,primary_input_absent [netCashProvidedByOperatingActivities NaN (value=NaN)],nan
stock_CUR6K@718712e8d985,ABO.DE,2017-04-01,2.29,107057500.0,primary_input_absent [netCashProvidedByOperatingActivities NaN (value=NaN)],nan
stock_CUR6K@718712e8d985,ABO.DE,2017-10-01,2.29,112210000.0,primary_input_absent [netCashProvidedByOperatingActivities NaN (value=NaN)],nan
stock_CUR6K@718712e8d985,ABO.DE,2018-04-01,2.29,113194438.94,primary_input_absent [netCashProvidedByOperatingActivities NaN (value=NaN)],nan
stock_CUR6K@718712e8d985,ABO.DE,2018-10-01,2.29,114178875.59,primary_input_absent [netCashProvidedByOperatingActivities NaN (value=NaN)],nan
stock_CUR6K@718712e8d985,ABO.DE,2019-04-01,2.29,116147751.18,primary_input_absent [netCashProvidedByOperatingActivities NaN (value=NaN)],nan
stock_CUR6K@718712e8d985,ABO.DE,2019-10-01,2.29,116147751.18,primary_input_absent [netCashProvidedByOperatingActivities NaN (value=NaN)],nan
stock_CUR6K@718712e8d985,ABO.DE,2020-04-01,2.29,116147751.18,primary_input_absent [netCashProvidedByOperatingActivities NaN (value=NaN)],nan
stock_CUR6K@718712e8d985,ABO.DE,2020-10-01,2.29,116147751.18,primary_input_absent [netCashProvidedByOperatingActivities NaN (value=NaN)],nan
stock_CUR6K@718712e8d985,ABO.DE,2021-04-01,2.29,134704983.73,primary_input_absent [netCashProvidedByOperatingActivities NaN (value=NaN)],nan
stock_CUR6K@718712e8d985,ABO.DE,2021-10-01,2.11,124116819.07,primary_input_absent [netCashProvidedByOperatingActivities NaN (value=NaN)],nan
stock_CUR6K@718712e8d985,ABO.DE,2022-04-01,2.08,134587336.0,primary_input_absent [netCashProvidedByOperatingActivities NaN (value=NaN)],nan
stock_CUR6K@718712e8d985,ABO.DE,2022-10-01,2.42,182360380.18,primary_input_absent [netCashProvidedByOperatingActivities NaN (value=NaN)],nan
stock_CUR6K@718712e8d985,ABO.DE,2023-04-01,2.38,179346159.01999998,primary_input_absent [netCashProvidedByOperatingActivities NaN (value=NaN)],nan
stock_CUR6K@718712e8d985,ABO.DE,2023-10-01,2.14,161270400.0,primary_input_absent [netCashProvidedByOperatingActivities NaN (value=NaN)],nan
stock_CUR6K@718712e8d985,ABO.DE,2024-04-01,2.02,152218168.58,primary_input_absent [netCashProvidedByOperatingActivities NaN (value=NaN)],nan
stock_CUR6K@718712e8d985,ABO.DE,2024-10-01,1.66,125090178.14,primary_input_absent [netCashProvidedByOperatingActivities NaN (value=NaN)],nan
stock_CUR6K@718712e8d985,ABO.DE,2025-04-01,1.56,117555360.0,primary_input_absent [netCashProvidedByOperatingActivities NaN (value=NaN)],nan
stock_CUR6K@718712e8d985,ABO.DE,2025-07-01,1.56,117555360.0,primary_input_absent [netCashProvidedByOperatingActivities NaN (value=NaN)],nan
stock_CUR6K@718712e8d985,ABO.DE,2026-04-01,1.21,91180190.09,primary_input_absent [netCashProvidedByOperatingActivities NaN (value=NaN)],nan
stock_CUR6K@718712e8d985,ABVX.PA,2013-10-01,,,primary_input_absent [revenue impossible: < 0 (value=-2.017e+06)],bookValuePerShare|earningsYield|marketCap|price
stock_CUR6K@718712e8d985,ABVX.PA,2014-10-01,21.0,173656098.0,primary_input_absent [revenue impossible: < 0 (value=-2.017e+06)],
stock_CUR6K@718712e8d985,ABVX.PA,2015-04-01,20.299999,195373057.07571098,primary_input_absent [revenue impossible: < 0 (value=-2.017e+06)],
stock_CUR6K@718712e8d985,ABVX.PA,2015-10-01,14.15,139137332.05,primary_input_absent [revenue impossible: < 0 (value=-2.017e+06)],
stock_CUR6K@718712e8d985,ABVX.PA,2016-04-01,4.59,44293449.51,primary_input_absent [revenue impossible: < 0 (value=-2.017e+06)],
stock_CUR6K@718712e8d985,ABVX.PA,2016-10-01,6.3,61845065.1,primary_input_absent [revenue impossible: < 0 (value=-2.017e+06)],
stock_CUR6K@718712e8d985,ABVX.PA,2017-04-01,13.02,126398016.78,primary_input_absent [revenue impossible: < 0 (value=-2.017e+06)],
stock_CUR6K@718712e8d985,ABVX.PA,2017-10-01,8.63,87628648.91000001,primary_input_absent [revenue impossible: < 0 (value=-2.017e+06)],
stock_CUR6K@718712e8d985,ABVX.PA,2018-04-01,6.84,68268548.88,primary_input_absent [revenue impossible: < 0 (value=-2.017e+06)],
stock_CUR6K@718712e8d985,ABVX.PA,2018-10-01,11.84,123562145.28,primary_input_absent [revenue impossible: < 0 (value=-2.017e+06)],
stock_CUR6K@718712e8d985,ABVX.PA,2019-04-01,7.659999999999999,78450188.74,primary_input_absent [revenue impossible: < 0 (value=-2.017e+06)],
stock_CUR6K@718712e8d985,ABVX.PA,2019-10-01,22.549998999999996,274682191.76897097,primary_input_absent [revenue impossible: < 0 (value=-2.017e+06)],
stock_CUR6K@718712e8d985,ABVX.PA,2020-04-01,20.799999,253992302.98883098,primary_input_absent [revenue impossible: < 0 (value=-2.017e+06)],
stock_CUR6K@718712e8d985,ABVX.PA,2020-10-01,34.400002,492177031.014942,primary_input_absent [revenue impossible: < 0 (value=-2.017e+06)],
stock_CUR6K@718712e8d985,ABVX.PA,2021-04-01,29.549999,433272043.687663,primary_input_absent [revenue impossible: < 0 (value=-2.017e+06)],
stock_CUR6K@718712e8d985,ABVX.PA,2021-10-01,28.549999,478368109.294549,primary_input_absent [revenue impossible: < 0 (value=-2.017e+06)],
stock_CUR6K@718712e8d985,ABVX.PA,2022-04-01,10.46,175451699.10000002,primary_input_absent [revenue impossible: < 0 (value=-2.017e+06)],
stock_CUR6K@718712e8d985,ABVX.PA,2022-10-01,6.18,132410634.41999999,primary_input_absent [revenue impossible: < 0 (value=-2.017e+06)],
stock_CUR6K@718712e8d985,ABVX.PA,2023-04-01,15.599999999999998,560099311.1999999,primary_input_absent [revenue impossible: < 0 (value=-2.017e+06)],
stock_CUR6K@718712e8d985,ABVX.PA,2023-10-01,9.82,493241140.04,primary_input_absent [revenue impossible: < 0 (value=-2.017e+06)],
stock_CUR6K@718712e8d985,ABVX.PA,2024-04-01,12.82,806615541.78,primary_input_absent [revenue impossible: < 0 (value=-2.017e+06)],
stock_CUR6K@718712e8d985,ABVX.PA,2024-10-01,6.76,426941320.0,primary_input_absent [revenue impossible: < 0 (value=-2.017e+06)],
stock_CUR6K@718712e8d985,ABVX.PA,2025-04-01,6.64,421040328.32,primary_input_absent [revenue impossible: < 0 (value=-2.017e+06)],
stock_CUR6K@718712e8d985,ABVX.PA,2025-10-01,120.4,8371088726.0,primary_input_absent [revenue impossible: < 0 (value=-2.017e+06)],
stock_CUR6K@718712e8d985,ACM,2006-07-01,21.1,607680000.0,primary_input_absent [netCashProvidedByOperatingActivities NaN (value=NaN)],nan
stock_CUR6K@718712e8d985,ACM,2006-10-01,21.1,1215360000.0,primary_input_absent [netCashProvidedByOperatingActivities NaN (value=NaN)],nan
stock_CUR6K@718712e8d985,ACM,2007-01-01,21.1,1188584100.0,primary_input_absent [netCashProvidedByOperatingActivities NaN (value=NaN)],nan
stock_CUR6K@718712e8d985,ACM,2007-04-01,24.81,2007501150.0,primary_input_absent [netCashProvidedByOperatingActivities NaN (value=NaN)],nan
stock_CUR6K@718712e8d985,ACM,2007-07-01,36.04,3591169760.0,primary_input_absent [netCashProvidedByOperatingActivities NaN (value=NaN)],nan
stock_CUR6K@718712e8d985,ACM,2007-10-01,28.57,2846829080.0,primary_input_absent [netCashProvidedByOperatingActivities NaN (value=NaN)],nan
stock_CUR6K@718712e8d985,ACM,2008-01-01,26.01,2615851710.0,primary_input_absent [netCashProvidedByOperatingActivities NaN (value=NaN)],nan
stock_CUR6K@718712e8d985,ACM,2008-04-01,32.53,3318710600.0,primary_input_absent [netCashProvidedByOperatingActivities NaN (value=NaN)],nan
stock_CUR6K@718712e8d985,ACM,2008-07-01,24.44,2554688760.0,primary_input_absent [netCashProvidedByOperatingActivities NaN (value=NaN)],nan
stock_CUR6K@718712e8d985,ACM,2008-10-01,30.73,3212176170.0,primary_input_absent [netCashProvidedByOperatingActivities NaN (value=NaN)],nan
stock_CUR6K@718712e8d985,ACM,2009-01-01,26.08,2776607200.0,primary_input_absent [netCashProvidedByOperatingActivities NaN (value=NaN)],nan
stock_CUR6K@718712e8d985,ACM,2009-04-01,32.0,3515904000.0,primary_input_absent [netCashProvidedByOperatingActivities NaN (value=NaN)],nan
stock_CUR6K@718712e8d985,ACM,2009-07-01,27.14,3070972420.0,primary_input_absent [netCashProvidedByOperatingActivities NaN (value=NaN)],nan
stock_CUR6K@718712e8d985,ACM,2009-10-01,27.5,3111707500.0,primary_input_absent [netCashProvidedByOperatingActivities NaN (value=NaN)],nan
stock_CUR6K@718712e8d985,ACM,2010-01-01,28.37,3228534370.0,primary_input_absent [netCashProvidedByOperatingActivities NaN (value=NaN)],nan
stock_CUR6K@718712e8d985,ACM,2010-04-01,23.06,2641269340.0,primary_input_absent [netCashProvidedByOperatingActivities NaN (value=NaN)],nan
stock_CUR6K@718712e8d985,ACM,2010-07-01,24.26,2862704260.0,primary_input_absent [netCashProvidedByOperatingActivities NaN (value=NaN)],nan
stock_CUR6K@718712e8d985,ACM,2010-10-01,27.97,3300487970.0,primary_input_absent [netCashProvidedByOperatingActivities NaN (value=NaN)],nan
stock_CUR6K@718712e8d985,ACM,2011-01-01,27.73,3252257590.0,primary_input_absent [netCashProvidedByOperatingActivities NaN (value=NaN)],nan
stock_CUR6K@718712e8d985,ACM,2011-04-01,27.34,3224260880.0,primary_input_absent [netCashProvidedByOperatingActivities NaN (value=NaN)],nan
stock_CUR6K@718712e8d985,ACM,2011-07-01,17.67,2013761550.0000002,primary_input_absent [netCashProvidedByOperatingActivities NaN (value=NaN)],nan
stock_CUR6K@718712e8d985,ACM,2011-10-01,20.57,2344260050.0,primary_input_absent [netCashProvidedByOperatingActivities NaN (value=NaN)],nan
stock_CUR6K@718712e8d985,ACM,2012-01-01,22.37,2535684240.0,primary_input_absent [netCashProvidedByOperatingActivities NaN (value=NaN)],nan
stock_CUR6K@718712e8d985,ACM,2012-04-01,16.45,1813135450.0,primary_input_absent [netCashProvidedByOperatingActivities NaN (value=NaN)],nan
stock_CUR6K@718712e8d985,ACM,2012-07-01,21.1,2320198200.0,primary_input_absent [netCashProvidedByOperatingActivities NaN (value=NaN)],nan
stock_CUR6K@718712e8d985,ACM,2012-10-01,23.8,2493264200.0,primary_input_absent [netCashProvidedByOperatingActivities NaN (value=NaN)],nan
stock_CUR6K@718712e8d985,ACM,2013-01-01,31.98,3211751400.0,primary_input_absent [netCashProvidedByOperatingActivities NaN (value=NaN)],nan
stock_CUR6K@718712e8d985,ACM,2013-04-01,31.69,3145454330.0,primary_input_absent [netCashProvidedByOperatingActivities NaN (value=NaN)],nan
stock_CUR6K@718712e8d985,ACM,2013-07-01,31.27,3065335560.0,primary_input_absent [netCashProvidedByOperatingActivities NaN (value=NaN)],nan
stock_CUR6K@718712e8d985,ACM,2013-10-01,29.43,2834167860.0,primary_input_absent [netCashProvidedByOperatingActivities NaN (value=NaN)],nan
stock_CUR6K@718712e8d985,ACM,2014-01-01,32.17,3120876040.0,primary_input_absent [netCashProvidedByOperatingActivities NaN (value=NaN)],nan
stock_CUR6K@718712e8d985,ACM,2014-04-01,32.2,3138952600.0000005,primary_input_absent [netCashProvidedByOperatingActivities NaN (value=NaN)],nan
stock_CUR6K@718712e8d985,ACM,2014-07-01,33.75,3311111250.0,primary_input_absent [netCashProvidedByOperatingActivities NaN (value=NaN)],nan
stock_CUR6K@718712e8d985,ACM,2015-01-01,30.350000000000005,4303970648.400001,primary_input_absent [netCashProvidedByOperatingActivities NaN (value=NaN)],nan
stock_CUR6K@718712e8d985,ACM,2015-04-01,33.08,5018136760.0,primary_input_absent [netCashProvidedByOperatingActivities NaN (value=NaN)],nan
stock_CUR6K@718712e8d985,ACM,2015-04-01,31.08,4694727240.0,primary_input_absent [netCashProvidedByOperatingActivities NaN (value=NaN)],nan
stock_CUR6K@718712e8d985,ACM,2015-10-01,,4291971890.0,primary_input_absent [netCashProvidedByOperatingActivities NaN (value=NaN)],nan
stock_CUR6K@718712e8d985,ACM,2016-01-01,30.03,4613178570.0,primary_input_absent [netCashProvidedByOperatingActivities NaN (value=NaN)],nan
stock_CUR6K@718712e8d985,ACM,2016-04-01,30.81,4753828950.0,primary_input_absent [netCashProvidedByOperatingActivities NaN (value=NaN)],nan
stock_CUR6K@718712e8d985,ACM,2016-07-01,29.73,4647393600.0,primary_input_absent [netCashProvidedByOperatingActivities NaN (value=NaN)],nan
stock_CUR6K@718712e8d985,ACM,2016-07-01,31.61,4894871720.0,primary_input_absent [netCashProvidedByOperatingActivities NaN (value=NaN)],nan
stock_CUR6K@718712e8d985,ACM,2016-10-01,36.36,5608711800.0,primary_input_absent [netCashProvidedByOperatingActivities NaN (value=NaN)],nan
stock_CUR6K@718712e8d985,ACM,2017-01-01,35.59,5529475940.000001,primary_input_absent [netCashProvidedByOperatingActivities NaN (value=NaN)],nan
stock_CUR6K@718712e8d985,ACM,2017-04-01,32.33,5035817790.0,primary_input_absent [netCashProvidedByOperatingActivities NaN (value=NaN)],nan
stock_CUR6K@718712e8d985,ACM,2017-07-01,,5798642490.0,primary_input_absent [netCashProvidedByOperatingActivities NaN (value=NaN)],nan
stock_CUR6K@718712e8d985,ACM,2017-10-01,37.15,5866319350.0,primary_input_absent [netCashProvidedByOperatingActivities NaN (value=NaN)],nan
stock_CUR6K@718712e8d985,ACM,2018-01-01,35.63,5682806850.0,primary_input_absent [netCashProvidedByOperatingActivities NaN (value=NaN)],nan
stock_CUR6K@718712e8d985,ACM,2018-04-01,33.03,5297846850.0,primary_input_absent [netCashProvidedByOperatingActivities NaN (value=NaN)],nan
stock_CUR6K@718712e8d985,ACM,2018-07-01,,5180039299.999999,primary_input_absent [netCashProvidedByOperatingActivities NaN (value=NaN)],nan
stock_CUR6K@718712e8d985,ACM,2018-10-01,26.25,4105920000.0,primary_input_absent [netCashProvidedByOperatingActivities NaN (value=NaN)],nan
stock_CUR6K@718712e8d985,ACM,2019-01-01,29.67,4646945070.0,primary_input_absent [netCashProvidedByOperatingActivities NaN (value=NaN)],nan
stock_CUR6K@718712e8d985,ACM,2019-04-01,37.85,5958687650.0,primary_input_absent [netCashProvidedByOperatingActivities NaN (value=NaN)],nan
stock_CUR6K@718712e8d985,ACM,2019-07-01,37.56,5923550040.0,primary_input_absent [netCashProvidedByOperatingActivities NaN (value=NaN)],nan
stock_CUR6K@718712e8d985,ACM,2019-10-01,43.13,6785729160.0,primary_input_absent [netCashProvidedByOperatingActivities NaN (value=NaN)],nan
stock_CUR6K@718712e8d985,ACM,2020-01-01,29.85,4732717500.0,primary_input_absent [netCashProvidedByOperatingActivities NaN (value=NaN)],nan
stock_CUR6K@718712e8d985,ACM,2020-04-01,37.58,6017272020.0,primary_input_absent [netCashProvidedByOperatingActivities NaN (value=NaN)],nan
stock_CUR6K@718712e8d985,ACM,2020-07-01,41.84,6695236800.000001,primary_input_absent [netCashProvidedByOperatingActivities NaN (value=NaN)],nan
stock_CUR6K@718712e8d985,ACM,2020-10-01,49.78,7537886720.0,primary_input_absent [netCashProvidedByOperatingActivities NaN (value=NaN)],nan
stock_CUR6K@718712e8d985,ACM,2021-01-01,64.11,9473534700.0,primary_input_absent [netCashProvidedByOperatingActivities NaN (value=NaN)],nan
stock_CUR6K@718712e8d985,ACM,2021-04-01,63.32,9251621880.0,primary_input_absent [netCashProvidedByOperatingActivities NaN (value=NaN)],nan
stock_CUR6K@718712e8d985,ACM,2021-07-01,63.15,9081727800.0,primary_input_absent [netCashProvidedByOperatingActivities NaN (value=NaN)],nan
stock_CUR6K@718712e8d985,ACM,2021-10-01,77.35,10966528300.0,primary_input_absent [netCashProvidedByOperatingActivities NaN (value=NaN)],nan
stock_CUR6K@718712e8d985,ACM,2022-01-01,76.81,10834818600.0,primary_input_absent [netCashProvidedByOperatingActivities NaN (value=NaN)],nan
stock_CUR6K@718712e8d985,ACM,2022-04-01,65.22,9170453760.0,primary_input_absent [netCashProvidedByOperatingActivities NaN (value=NaN)],nan
stock_CUR6K@718712e8d985,ACM,2022-07-01,68.37,9546229620.0,primary_input_absent [netCashProvidedByOperatingActivities NaN (value=NaN)],nan
stock_CUR6K@718712e8d985,ACM,2022-10-01,84.93,11778686910.0,primary_input_absent [netCashProvidedByOperatingActivities NaN (value=NaN)],nan
stock_CUR6K@718712e8d985,ACM,2023-01-01,84.32,11714324640.0,primary_input_absent [netCashProvidedByOperatingActivities NaN (value=NaN)],nan
stock_CUR6K@718712e8d985,ACM,2023-04-01,84.69,11749975290.0,primary_input_absent [netCashProvidedByOperatingActivities NaN (value=NaN)],nan
stock_CUR6K@718712e8d985,ACM,2023-07-01,83.04,11468073120.0,primary_input_absent [netCashProvidedByOperatingActivities NaN (value=NaN)],nan
stock_CUR6K@718712e8d985,ACM,2023-10-01,92.43,12560959710.0,primary_input_absent [netCashProvidedByOperatingActivities NaN (value=NaN)],nan
stock_CUR6K@718712e8d985,ACM,2024-01-01,97.74,13293226440.0,primary_input_absent [netCashProvidedByOperatingActivities NaN (value=NaN)],nan
stock_CUR6K@718712e8d985,ACM,2024-04-01,85.68,11654622000.0,primary_input_absent [netCashProvidedByOperatingActivities NaN (value=NaN)],nan
stock_CUR6K@718712e8d985,ACM,2024-07-01,103.27,13863687690.0,primary_input_absent [netCashProvidedByOperatingActivities NaN (value=NaN)],nan
stock_CUR6K@718712e8d985,ACM,2024-10-01,106.82,14153650000.0,primary_input_absent [netCashProvidedByOperatingActivities NaN (value=NaN)],nan
stock_CUR6K@718712e8d985,ACM,2025-01-01,92.73,12283572180.0,primary_input_absent [netCashProvidedByOperatingActivities NaN (value=NaN)],nan
stock_CUR6K@718712e8d985,ACM,2025-04-01,112.86,14931490860.0,primary_input_absent [netCashProvidedByOperatingActivities NaN (value=NaN)],nan
stock_CUR6K@718712e8d985,ACM,2025-07-01,130.47,17255962200.0,primary_input_absent [netCashProvidedByOperatingActivities NaN (value=NaN)],nan
stock_CUR6K@718712e8d985,ACM,2026-01-01,84.82,10918708960.0,primary_input_absent [netCashProvidedByOperatingActivities NaN (value=NaN)],nan
stock_CUR6K@718712e8d985,ACM,2026-01-01,96.4,12617603200.0,primary_input_absent [netCashProvidedByOperatingActivities NaN (value=NaN)],nan
stock_CUR6K@718712e8d985,ACM,2026-04-01,69.8,8973767200.0,primary_input_absent [netCashProvidedByOperatingActivities NaN (value=NaN)],nan
stock_CUR6K@718712e8d985,ACR.OL,2009-10-01,151.3512798,27777046.327854596,primary_input_absent [revenue impossible: < 0 (value=-2.51745e+08)],nan
stock_CUR6K@718712e8d985,ACR.OL,2010-01-01,236.49358069999997,70398699.6220339,primary_input_absent [revenue impossible: < 0 (value=-2.51745e+08)],nan
stock_CUR6K@718712e8d985,ACR.OL,2010-04-01,117.51694769999999,34982092.4404929,primary_input_absent [revenue impossible: < 0 (value=-2.51745e+08)],nan
stock_CUR6K@718712e8d985,ACR.OL,2010-07-01,76.690152,39206153.026656,primary_input_absent [revenue impossible: < 0 (value=-2.51745e+08)],nan
stock_CUR6K@718712e8d985,ACR.OL,2010-10-01,65.186398,33074600.54923,primary_input_absent [revenue impossible: < 0 (value=-2.51745e+08)],nan
stock_CUR6K@718712e8d985,ACR.OL,2011-01-01,30.6811674,20729086.4492946,primary_input_absent [revenue impossible: < 0 (value=-2.51745e+08)],nan
stock_CUR6K@718712e8d985,ACR.OL,2011-04-01,20.527036199999998,21266009.5032,primary_input_absent [revenue impossible: < 0 (value=-2.51745e+08)],nan
stock_CUR6K@718712e8d985,ACR.OL,2011-07-01,10.2033756,5623876.156456799,primary_input_absent [revenue impossible: < 0 (value=-2.51745e+08)],nan
stock_CUR6K@718712e8d985,ACR.OL,2011-10-01,10.743616,469664264.22656,primary_input_absent [revenue impossible: < 0 (value=-2.51745e+08)],nan
stock_CUR6K@718712e8d985,ACR.OL,2012-01-01,8.3828778,6492597.536244599,primary_input_absent [revenue impossible: < 0 (value=-2.51745e+08)],nan
stock_CUR6K@718712e8d985,ACR.OL,2012-04-01,4.707014399999999,6950273.908723199,primary_input_absent [revenue impossible: < 0 (value=-2.51745e+08)],nan
stock_CUR6K@718712e8d985,ACR.OL,2012-07-01,3.8117376000000003,7220178.114969601,primary_input_absent [revenue impossible: < 0 (value=-2.51745e+08)],nan
stock_CUR6K@718712e8d985,ACR.OL,2012-10-01,4.1967072000000005,8813085.120000001,primary_input_absent [revenue impossible: < 0 (value=-2.51745e+08)],nan
stock_CUR6K@718712e8d985,ACR.OL,2013-01-01,3.4878869999999997,8388368.234999999,primary_input_absent [revenue impossible: < 0 (value=-2.51745e+08)],nan
stock_CUR6K@718712e8d985,ACR.OL,2013-04-01,2.3503794,6369528.174,primary_input_absent [revenue impossible: < 0 (value=-2.51745e+08)],nan
stock_CUR6K@718712e8d985,ACR.OL,2013-07-01,2.39112,6480035.62704,primary_input_absent [revenue impossible: < 0 (value=-2.51745e+08)],nan
stock_CUR6K@718712e8d985,ACR.OL,2013-10-01,2.4087758,5452314.607591799,primary_input_absent [revenue impossible: < 0 (value=-2.51745e+08)],nan
stock_CUR6K@718712e8d985,ACR.OL,2014-01-01,1.9834863999999999,8229098.293752,primary_input_absent [revenue impossible: < 0 (value=-2.51745e+08)],nan
stock_CUR6K@718712e8d985,ACR.OL,2014-04-01,1.660329,5653420.245,primary_input_absent [revenue impossible: < 0 (value=-2.51745e+08)],nan
stock_CUR6K@718712e8d985,ACR.OL,2014-07-01,1.6506369,9255050.1209133,primary_input_absent [revenue impossible: < 0 (value=-2.51745e+08)],nan
stock_CUR6K@718712e8d985,ACR.OL,2014-10-01,1.3551980000000001,5818514.153842,primary_input_absent [revenue impossible: < 0 (value=-2.51745e+08)],nan
stock_CUR6K@718712e8d985,ACR.OL,2015-01-01,0.9042867,8211769.6483512,primary_input_absent [revenue impossible: < 0 (value=-2.51745e+08)],nan
stock_CUR6K@718712e8d985,ACR.OL,2015-04-01,0.8645697000000001,9125533.183500001,primary_input_absent [revenue impossible: < 0 (value=-2.51745e+08)],nan
stock_CUR6K@718712e8d985,ACR.OL,2015-07-01,0.5795418,5773395.4116,primary_input_absent [revenue impossible: < 0 (value=-2.51745e+08)],nan
stock_CUR6K@718712e8d985,ACR.OL,2015-10-01,2.0147952,23503593.4056,primary_input_absent [revenue impossible: < 0 (value=-2.51745e+08)],nan
stock_CUR6K@718712e8d985,ACR.OL,2016-01-01,1.91232,167194137.6,primary_input_absent [revenue impossible: < 0 (value=-2.51745e+08)],nan
stock_CUR6K@718712e8d985,ACR.OL,2016-04-01,1.8020609999999997,176227149.31199998,primary_input_absent [revenue impossible: < 0 (value=-2.51745e+08)],nan
stock_CUR6K@718712e8d985,ACR.OL,2016-07-01,2.6852220000000004,291153251.01600003,primary_input_absent [revenue impossible: < 0 (value=-2.51745e+08)],nan
stock_CUR6K@718712e8d985,ACR.OL,2016-10-01,2.830113,259119486.054,primary_input_absent [revenue impossible: < 0 (value=-2.51745e+08)],nan
stock_CUR6K@718712e8d985,ACR.OL,2017-01-01,2.4008040000000004,328057862.58000004,primary_input_absent [revenue impossible: < 0 (value=-2.51745e+08)],nan
stock_CUR6K@718712e8d985,ACR.OL,2017-04-01,2.2276071,265561952.8194,primary_input_absent [revenue impossible: < 0 (value=-2.51745e+08)],nan
stock_CUR6K@718712e8d985,ACR.OL,2017-07-01,2.9925632,397316630.9376,primary_input_absent [revenue impossible: < 0 (value=-2.51745e+08)],nan
stock_CUR6K@718712e8d985,ACR.OL,2017-10-01,2.8152432,392851704.72239995,primary_input_absent [revenue impossible: < 0 (value=-2.51745e+08)],nan
stock_CUR6K@718712e8d985,ACR.OL,2018-01-01,2.601013,380582823.173,primary_input_absent [revenue impossible: < 0 (value=-2.51745e+08)],nan
stock_CUR6K@718712e8d985,ACR.OL,2018-04-01,2.4793914,324237451.55219996,primary_input_absent [revenue impossible: < 0 (value=-2.51745e+08)],nan
stock_CUR6K@718712e8d985,ACR.OL,2018-07-01,2.5704357,418855067.7507,primary_input_absent [revenue impossible: < 0 (value=-2.51745e+08)],nan
stock_CUR6K@718712e8d985,ACR.OL,2018-10-01,1.8420688,314609693.4552,primary_input_absent [revenue impossible: < 0 (value=-2.51745e+08)],nan
stock_CUR6K@718712e8d985,ACR.OL,2019-01-01,1.9463363999999996,314498767.19399995,primary_input_absent [revenue impossible: < 0 (value=-2.51745e+08)],nan
stock_CUR6K@718712e8d985,ACR.OL,2019-04-01,1.893353,299263375.18,primary_input_absent [revenue impossible: < 0 (value=-2.51745e+08)],nan
stock_CUR6K@718712e8d985,ACR.OL,2019-07-01,1.682692,266294422.46,primary_input_absent [revenue impossible: < 0 (value=-2.51745e+08)],nan
stock_CUR6K@718712e8d985,ACR.OL,2019-10-01,1.8734129999999998,289419827.54399997,primary_input_absent [revenue impossible: < 0 (value=-2.51745e+08)],nan
stock_CUR6K@718712e8d985,ACR.OL,2020-01-01,0.5194497,89449238.34,primary_input_absent [revenue impossible: < 0 (value=-2.51745e+08)],nan
stock_CUR6K@718712e8d985,ACR.OL,2020-04-01,0.5400832,100042851.6352,primary_input_absent [revenue impossible: < 0 (value=-2.51745e+08)],nan
stock_CUR6K@718712e8d985,ACR.OL,2020-07-01,0.6596192,123695750.0992,primary_input_absent [revenue impossible: < 0 (value=-2.51745e+08)],nan
stock_CUR6K@718712e8d985,ACR.OL,2020-10-01,1.020566,186197163.87,primary_input_absent [revenue impossible: < 0 (value=-2.51745e+08)],nan
stock_CUR6K@718712e8d985,ACR.OL,2021-01-01,0.9137905000000001,262075115.4,primary_input_absent [revenue impossible: < 0 (value=-2.51745e+08)],nan
stock_CUR6K@718712e8d985,ACR.OL,2021-04-01,1.0135755,302045499.0,primary_input_absent [revenue impossible: < 0 (value=-2.51745e+08)],nan
stock_CUR6K@718712e8d985,ACR.OL,2021-07-01,0.9262296000000001,279855642.49200004,primary_input_absent [revenue impossible: < 0 (value=-2.51745e+08)],nan
stock_CUR6K@718712e8d985,ACR.OL,2021-10-01,0.752584,220814166.272,primary_input_absent [revenue impossible: < 0 (value=-2.51745e+08)],nan
stock_CUR6K@718712e8d985,ACR.OL,2022-01-01,0.6871048,207099570.6632,primary_input_absent [revenue impossible: < 0 (value=-2.51745e+08)],nan
stock_CUR6K@718712e8d985,ACR.OL,2022-04-01,0.5739822,171620677.8,primary_input_absent [revenue impossible: < 0 (value=-2.51745e+08)],nan
stock_CUR6K@718712e8d985,ACR.OL,2022-07-01,0.5077998,153180856.4688,primary_input_absent [revenue impossible: < 0 (value=-2.51745e+08)],nan
stock_CUR6K@718712e8d985,ACR.OL,2022-10-01,0.559482,169044688.89000002,primary_input_absent [revenue impossible: < 0 (value=-2.51745e+08)],nan
stock_CUR6K@718712e8d985,ACR.OL,2023-01-01,0.5642723,168999553.85,primary_input_absent [revenue impossible: < 0 (value=-2.51745e+08)],nan
stock_CUR6K@718712e8d985,ACR.OL,2023-04-01,0.4341261,126360215.67480001,primary_input_absent [revenue impossible: < 0 (value=-2.51745e+08)],nan
stock_CUR6K@718712e8d985,ACR.OL,2023-07-01,0.4841580000000001,145586310.60000002,primary_input_absent [revenue impossible: < 0 (value=-2.51745e+08)],nan
stock_CUR6K@718712e8d985,ACR.OL,2023-10-01,0.4519168,138267560.2944,primary_input_absent [revenue impossible: < 0 (value=-2.51745e+08)],nan
stock_CUR6K@718712e8d985,ACR.OL,2024-01-01,0.39577380000000006,133573657.50000001,primary_input_absent [revenue impossible: < 0 (value=-2.51745e+08)],nan
stock_CUR6K@718712e8d985,ACR.OL,2024-04-01,0.35863860000000003,108436891.18020001,primary_input_absent [revenue impossible: < 0 (value=-2.51745e+08)],nan
stock_CUR6K@718712e8d985,ACR.OL,2024-07-01,0.35405760000000003,109237037.2704,primary_input_absent [revenue impossible: < 0 (value=-2.51745e+08)],nan
stock_CUR6K@718712e8d985,ACR.OL,2024-10-01,0.312912,94544796.24000001,primary_input_absent [revenue impossible: < 0 (value=-2.51745e+08)],nan
stock_CUR6K@718712e8d985,ACR.OL,2025-01-01,0.391066,119571558.02800001,primary_input_absent [revenue impossible: < 0 (value=-2.51745e+08)],nan
stock_CUR6K@718712e8d985,ACR.OL,2025-04-01,0.6261504,187681776.145152,primary_input_absent [revenue impossible: < 0 (value=-2.51745e+08)],nan
stock_CUR6K@718712e8d985,ACR.OL,2025-07-01,0.6450948,194912467.6699872,primary_input_absent [revenue impossible: < 0 (value=-2.51745e+08)],nan
stock_CUR6K@718712e8d985,ACR.OL,2025-10-01,0.656632,200738756.627864,primary_input_absent [revenue impossible: < 0 (value=-2.51745e+08)],nan
stock_CUR6K@718712e8d985,ACR.OL,2026-01-01,0.59113952,194464631.31471968,primary_input_absent [revenue impossible: < 0 (value=-2.51745e+08)],nan
stock_CUR6K@718712e8d985,ACR.OL,2026-04-01,0.43728300000000003,196197840.70425,primary_input_absent [revenue impossible: < 0 (value=-2.51745e+08)],nan
stock_CUR6K@718712e8d985,ACTI.ST,2009-10-01,270.0,29526493140.0,primary_input_absent [netCashProvidedByOperatingActivities NaN (value=NaN)],nan
stock_CUR6K@718712e8d985,ACTI.ST,2010-01-01,304.0,34664439344.0,primary_input_absent [netCashProvidedByOperatingActivities NaN (value=NaN)],nan
stock_CUR6K@718712e8d985,ACTI.ST,2010-04-01,283.0,33099301912.0,primary_input_absent [netCashProvidedByOperatingActivities NaN (value=NaN)],nan
stock_CUR6K@718712e8d985,ACTI.ST,2010-07-01,323.0,37892536988.0,primary_input_absent [netCashProvidedByOperatingActivities NaN (value=NaN)],nan
stock_CUR6K@718712e8d985,ACTI.ST,2010-10-01,453.0,51017667246.0,primary_input_absent [netCashProvidedByOperatingActivities NaN (value=NaN)],nan
stock_CUR6K@718712e8d985,ACTI.ST,2011-01-01,429.0,51647015706.0,primary_input_absent [netCashProvidedByOperatingActivities NaN (value=NaN)],nan
stock_CUR6K@718712e8d985,ACTI.ST,2011-04-01,224.0,27420557248.0,primary_input_absent [netCashProvidedByOperatingActivities NaN (value=NaN)],nan
stock_CUR6K@718712e8d985,ACTI.ST,2011-07-01,83.08,10183830004.92,primary_input_absent [netCashProvidedByOperatingActivities NaN (value=NaN)],nan
stock_CUR6K@718712e8d985,ACTI.ST,2011-10-01,59.23,7260330418.7699995,primary_input_absent [netCashProvidedByOperatingActivities NaN (value=NaN)],nan
stock_CUR6K@718712e8d985,ACTI.ST,2012-01-01,125.0,15322324875.0,primary_input_absent [netCashProvidedByOperatingActivities NaN (value=NaN)],nan
stock_CUR6K@718712e8d985,ACTI.ST,2012-04-01,103.0,12625595697.0,primary_input_absent [netCashProvidedByOperatingActivities NaN (value=NaN)],nan
stock_CUR6K@718712e8d985,ACTI.ST,2012-07-01,138.0,16915846662.0,primary_input_absent [netCashProvidedByOperatingActivities NaN (value=NaN)],nan
stock_CUR6K@718712e8d985,ACTI.ST,2012-10-01,152.0,18631947048.0,primary_input_absent [netCashProvidedByOperatingActivities NaN (value=NaN)],nan
stock_CUR6K@718712e8d985,ACTI.ST,2013-01-01,171.0,21589245558.0,primary_input_absent [netCashProvidedByOperatingActivities NaN (value=NaN)],nan
stock_CUR6K@718712e8d985,ACTI.ST,2013-04-01,119.0,15856673959.0,primary_input_absent [netCashProvidedByOperatingActivities NaN (value=NaN)],nan
stock_CUR6K@718712e8d985,ACTI.ST,2013-07-01,174.0,23185388814.0,primary_input_absent [netCashProvidedByOperatingActivities NaN (value=NaN)],nan
stock_CUR6K@718712e8d985,ACTI.ST,2013-10-01,186.0,23793005796.0,primary_input_absent [netCashProvidedByOperatingActivities NaN (value=NaN)],nan
stock_CUR6K@718712e8d985,ACTI.ST,2014-01-01,77.18,10284185681.980001,primary_input_absent [netCashProvidedByOperatingActivities NaN (value=NaN)],nan
stock_CUR6K@718712e8d985,ACTI.ST,2014-04-01,79.33,10570671808.13,primary_input_absent [netCashProvidedByOperatingActivities NaN (value=NaN)],nan
stock_CUR6K@718712e8d985,ACTI.ST,2014-07-01,79.06,10534694480.66,primary_input_absent [netCashProvidedByOperatingActivities NaN (value=NaN)],nan
stock_CUR6K@718712e8d985,ACTI.ST,2014-10-01,50.38,6444578666.68,primary_input_absent [netCashProvidedByOperatingActivities NaN (value=NaN)],nan
stock_CUR6K@718712e8d985,ACTI.ST,2015-01-01,69.68,10517219504.480001,primary_input_absent [netCashProvidedByOperatingActivities NaN (value=NaN)],nan
stock_CUR6K@718712e8d985,ACTI.ST,2015-04-01,69.21,10446279591.06,primary_input_absent [netCashProvidedByOperatingActivities NaN (value=NaN)],nan
stock_CUR6K@718712e8d985,ACTI.ST,2015-07-01,74.84,11296049192.24,primary_input_absent [netCashProvidedByOperatingActivities NaN (value=NaN)],nan
stock_CUR6K@718712e8d985,ACTI.ST,2015-10-01,111.0,16083738606.0,primary_input_absent [netCashProvidedByOperatingActivities NaN (value=NaN)],nan
stock_CUR6K@718712e8d985,ACTI.ST,2016-01-01,71.63,10811544677.179998,primary_input_absent [netCashProvidedByOperatingActivities NaN (value=NaN)],nan
stock_CUR6K@718712e8d985,ACTI.ST,2016-04-01,82.89,12301563655.44,primary_input_absent [netCashProvidedByOperatingActivities NaN (value=NaN)],nan
stock_CUR6K@718712e8d985,ACTI.ST,2016-07-01,91.74,13614977075.039999,primary_input_absent [netCashProvidedByOperatingActivities NaN (value=NaN)],nan
stock_CUR6K@718712e8d985,ACTI.ST,2016-10-01,85.53,12393172639.380001,primary_input_absent [netCashProvidedByOperatingActivities NaN (value=NaN)],nan
stock_CUR6K@718712e8d985,ACTI.ST,2017-01-01,141.0,16939743666.0,primary_input_absent [netCashProvidedByOperatingActivities NaN (value=NaN)],nan
stock_CUR6K@718712e8d985,ACTI.ST,2017-04-01,124.0,18810336612.0,primary_input_absent [netCashProvidedByOperatingActivities NaN (value=NaN)],nan
stock_CUR6K@718712e8d985,ACTI.ST,2017-07-01,163.0,24726490869.0,primary_input_absent [netCashProvidedByOperatingActivities NaN (value=NaN)],nan
stock_CUR6K@718712e8d985,ACTI.ST,2017-10-01,44.1,6689810490.3,primary_input_absent [netCashProvidedByOperatingActivities NaN (value=NaN)],nan
stock_CUR6K@718712e8d985,ACTI.ST,2018-01-01,115.0,13816102990.0,primary_input_absent [netCashProvidedByOperatingActivities NaN (value=NaN)],nan
stock_CUR6K@718712e8d985,ACTI.ST,2018-04-01,99.24,16857936808.92,primary_input_absent [netCashProvidedByOperatingActivities NaN (value=NaN)],nan
stock_CUR6K@718712e8d985,ACTI.ST,2018-07-01,102.0,18381423978.0,primary_input_absent [netCashProvidedByOperatingActivities NaN (value=NaN)],nan
stock_CUR6K@718712e8d985,ACTI.ST,2018-10-01,104.0,17992170248.0,primary_input_absent [netCashProvidedByOperatingActivities NaN (value=NaN)],nan
stock_CUR6K@718712e8d985,ACTI.ST,2019-01-01,107.0,19282474173.0,primary_input_absent [netCashProvidedByOperatingActivities NaN (value=NaN)],nan
stock_CUR6K@718712e8d985,ACTI.ST,2019-04-01,98.42,17736272038.38,primary_input_absent [netCashProvidedByOperatingActivities NaN (value=NaN)],nan
stock_CUR6K@718712e8d985,ACTI.ST,2019-07-01,89.59,16145017394.01,primary_input_absent [netCashProvidedByOperatingActivities NaN (value=NaN)],nan
stock_CUR6K@718712e8d985,ACTI.ST,2019-10-01,73.57,12727730434.089998,primary_input_absent [netCashProvidedByOperatingActivities NaN (value=NaN)],nan
stock_CUR6K@718712e8d985,ACTI.ST,2020-01-01,90.57,15906922312.499998,primary_input_absent [netCashProvidedByOperatingActivities NaN (value=NaN)],nan
stock_CUR6K@718712e8d985,ACTI.ST,2020-04-01,84.36,14816252250.0,primary_input_absent [netCashProvidedByOperatingActivities NaN (value=NaN)],nan
stock_CUR6K@718712e8d985,ACTI.ST,2020-07-01,65.4,11486283750.000002,primary_input_absent [netCashProvidedByOperatingActivities NaN (value=NaN)],nan
stock_CUR6K@718712e8d985,ACTI.ST,2020-10-01,73.61,12734650499.57,primary_input_absent [netCashProvidedByOperatingActivities NaN (value=NaN)],nan
stock_CUR6K@718712e8d985,ACTI.ST,2021-01-01,54.45,11305294669.35,primary_input_absent [netCashProvidedByOperatingActivities NaN (value=NaN)],nan
stock_CUR6K@718712e8d985,ACTI.ST,2021-04-01,57.41,13035179670.06,primary_input_absent [netCashProvidedByOperatingActivities NaN (value=NaN)],nan
stock_CUR6K@718712e8d985,ACTI.ST,2021-07-01,53.98,12372949318.3,primary_input_absent [netCashProvidedByOperatingActivities NaN (value=NaN)],nan
stock_CUR6K@718712e8d985,ACTI.ST,2021-10-01,49.23,12440190111.3,primary_input_absent [netCashProvidedByOperatingActivities NaN (value=NaN)],nan
stock_CUR6K@718712e8d985,ACTI.ST,2022-01-01,44.4,9679155600.0,primary_input_absent [netCashProvidedByOperatingActivities NaN (value=NaN)],nan
stock_CUR6K@718712e8d985,ACTI.ST,2022-04-01,47.67,10394681850.0,primary_input_absent [netCashProvidedByOperatingActivities NaN (value=NaN)],nan
stock_CUR6K@718712e8d985,ACTI.ST,2022-07-01,37.73,8599459330.0,primary_input_absent [netCashProvidedByOperatingActivities NaN (value=NaN)],nan
stock_CUR6K@718712e8d985,ACTI.ST,2022-10-01,39.03,11506067027.7,primary_input_absent [netCashProvidedByOperatingActivities NaN (value=NaN)],nan
stock_CUR6K@718712e8d985,ACTI.ST,2023-01-01,35.38,10433431164.76,primary_input_absent [netCashProvidedByOperatingActivities NaN (value=NaN)],nan
stock_CUR6K@718712e8d985,ACTI.ST,2023-04-01,31.239999999999995,9215550517.359999,primary_input_absent [netCashProvidedByOperatingActivities NaN (value=NaN)],nan
stock_CUR6K@718712e8d985,ACTI.ST,2023-07-01,30.15,8896894938.9,primary_input_absent [netCashProvidedByOperatingActivities NaN (value=NaN)],nan
stock_CUR6K@718712e8d985,ACTI.ST,2023-10-01,20.77,5927986470.0,primary_input_absent [netCashProvidedByOperatingActivities NaN (value=NaN)],nan
stock_CUR6K@718712e8d985,ACTI.ST,2024-01-01,26.55,9604170450.0,primary_input_absent [netCashProvidedByOperatingActivities NaN (value=NaN)],nan
stock_CUR6K@718712e8d985,ACTI.ST,2024-04-01,21.88,7915921440.0,primary_input_absent [netCashProvidedByOperatingActivities NaN (value=NaN)],nan
stock_CUR6K@718712e8d985,ACTI.ST,2024-07-01,14.0,11218095854.0,primary_input_absent [netCashProvidedByOperatingActivities NaN (value=NaN)],nan
stock_CUR6K@718712e8d985,ACTI.ST,2024-10-01,10.88,6488657920.0,primary_input_absent [netCashProvidedByOperatingActivities NaN (value=NaN)],nan
stock_CUR6K@718712e8d985,ACTI.ST,2025-01-01,8.95,11009976750.0,primary_input_absent [netCashProvidedByOperatingActivities NaN (value=NaN)],nan
stock_CUR6K@718712e8d985,ACTI.ST,2025-04-01,18.9,23250118500.0,primary_input_absent [netCashProvidedByOperatingActivities NaN (value=NaN)],nan
stock_CUR6K@718712e8d985,ACTI.ST,2025-07-01,16.18,19904069700.0,primary_input_absent [netCashProvidedByOperatingActivities NaN (value=NaN)],nan
stock_CUR6K@718712e8d985,ACTI.ST,2025-10-01,4.6,6197685799.999999,primary_input_absent [netCashProvidedByOperatingActivities NaN (value=NaN)],nan
stock_CUR6K@718712e8d985,ACTI.ST,2026-01-01,5.49,14472007830.0,primary_input_absent [netCashProvidedByOperatingActivities NaN (value=NaN)],nan
stock_CUR6K@718712e8d985,ACTI.ST,2026-04-01,5.72,150784920.0,primary_input_absent [netCashProvidedByOperatingActivities NaN (value=NaN)],nan
stock_CUR6K@718712e8d985,ACUC.ST,2021-07-01,3.18,82606774.14,primary_input_absent [netCashProvidedByOperatingActivities NaN (value=NaN)],nan
stock_CUR6K@718712e8d985,ACUC.ST,2021-10-01,2.31,90719652.87,primary_input_absent [netCashProvidedByOperatingActivities NaN (value=NaN)],nan
stock_CUR6K@718712e8d985,ACUC.ST,2022-01-01,1.94,76188799.38,primary_input_absent [netCashProvidedByOperatingActivities NaN (value=NaN)],nan
stock_CUR6K@718712e8d985,ACUC.ST,2022-04-01,1.71,67156106.67,primary_input_absent [netCashProvidedByOperatingActivities NaN (value=NaN)],nan
stock_CUR6K@718712e8d985,ACUC.ST,2022-07-01,1.47,57730688.19,primary_input_absent [netCashProvidedByOperatingActivities NaN (value=NaN)],nan
stock_CUR6K@718712e8d985,ACUC.ST,2022-10-01,1.51,59301591.27,primary_input_absent [netCashProvidedByOperatingActivities NaN (value=NaN)],nan
stock_CUR6K@718712e8d985,ACUC.ST,2023-01-01,1.27,49876172.79,primary_input_absent [netCashProvidedByOperatingActivities NaN (value=NaN)],nan
stock_CUR6K@718712e8d985,ACUC.ST,2023-04-01,1.1,43199834.7,primary_input_absent [netCashProvidedByOperatingActivities NaN (value=NaN)],nan
stock_CUR6K@718712e8d985,ACUC.ST,2023-07-01,0.4540199999999999,17830535.409539998,primary_input_absent [netCashProvidedByOperatingActivities NaN (value=NaN)],nan
stock_CUR6K@718712e8d985,ACUC.ST,2023-10-01,0.418,35042890.388,primary_input_absent [netCashProvidedByOperatingActivities NaN (value=NaN)],nan
stock_CUR6K@718712e8d985,ACUC.ST,2024-01-01,0.568,47720330.287999995,primary_input_absent [netCashProvidedByOperatingActivities NaN (value=NaN)],nan
stock_CUR6K@718712e8d985,ACUC.ST,2024-04-01,0.782,93190979.10000001,primary_input_absent [netCashProvidedByOperatingActivities NaN (value=NaN)],nan
stock_CUR6K@718712e8d985,ACUC.ST,2024-07-01,0.98,143929692.34,primary_input_absent [netCashProvidedByOperatingActivities NaN (value=NaN)],nan
stock_CUR6K@718712e8d985,ACUC.ST,2024-10-01,0.758,106816673.252,primary_input_absent [netCashProvidedByOperatingActivities NaN (value=NaN)],nan
stock_CUR6K@718712e8d985,ACUC.ST,2025-01-01,0.69,97234174.86,primary_input_absent [netCashProvidedByOperatingActivities NaN (value=NaN)],nan
stock_CUR6K@718712e8d985,ACUC.ST,2025-04-01,0.72,181656000.0,primary_input_absent [netCashProvidedByOperatingActivities NaN (value=NaN)],nan
stock_CUR6K@718712e8d985,ACUC.ST,2025-07-01,0.632,168744000.0,primary_input_absent [netCashProvidedByOperatingActivities NaN (value=NaN)],nan
stock_CUR6K@718712e8d985,ACUC.ST,2025-10-01,0.6,67570200.0,primary_input_absent [netCashProvidedByOperatingActivities NaN (value=NaN)],nan
stock_CUR6K@718712e8d985,ACUC.ST,2026-01-01,0.636,144859600.212,primary_input_absent [netCashProvidedByOperatingActivities NaN (value=NaN)],nan
stock_CUR6K@718712e8d985,ACUC.ST,2026-04-01,0.608,142542275.456,primary_input_absent [netCashProvidedByOperatingActivities NaN (value=NaN)],nan
stock_CUR6K@718712e8d985,ACX.DE,2012-10-01,,0.0,primary_input_absent [totalAssets impossible: <= 0 (value=0)],nan
stock_CUR6K@718712e8d985,ACX.DE,2013-04-01,12.2,85619600.0,primary_input_absent [totalAssets impossible: <= 0 (value=0)],nan
stock_CUR6K@718712e8d985,ACX.DE,2013-07-01,12.449999999999998,87367451.69999999,primary_input_absent [totalAssets impossible: <= 0 (value=0)],nan
stock_CUR6K@718712e8d985,ACX.DE,2013-10-01,16.93,118805699.38,primary_input_absent [totalAssets impossible: <= 0 (value=0)],nan
stock_CUR6K@718712e8d985,ACX.DE,2014-01-01,20.13,141272360.13,primary_input_absent [totalAssets impossible: <= 0 (value=0)],nan
stock_CUR6K@718712e8d985,ACX.DE,2014-04-01,23.25,163168500.0,primary_input_absent [totalAssets impossible: <= 0 (value=0)],nan
stock_CUR6K@718712e8d985,ACX.DE,2014-07-01,23.0,161406525.0,primary_input_absent [totalAssets impossible: <= 0 (value=0)],nan
stock_CUR6K@718712e8d985,ACX.DE,2014-10-01,28.84,202389747.0,primary_input_absent [totalAssets impossible: <= 0 (value=0)],nan
stock_CUR6K@718712e8d985,ACX.DE,2015-01-01,30.18,211798531.92,primary_input_absent [totalAssets impossible: <= 0 (value=0)],nan
stock_CUR6K@718712e8d985,ACX.DE,2015-04-01,33.25,233343313.0,primary_input_absent [totalAssets impossible: <= 0 (value=0)],nan
stock_CUR6K@718712e8d985,ACX.DE,2015-10-01,48.3,338969400.0,primary_input_absent [totalAssets impossible: <= 0 (value=0)],nan
stock_CUR6K@718712e8d985,ACX.DE,2016-01-01,63.2,443537600.0,primary_input_absent [totalAssets impossible: <= 0 (value=0)],nan
stock_CUR6K@718712e8d985,ACX.DE,2016-04-01,68.75,482487500.0,primary_input_absent [totalAssets impossible: <= 0 (value=0)],nan
stock_CUR6K@718712e8d985,ACX.DE,2016-07-01,68.43,480241740.00000006,primary_input_absent [totalAssets impossible: <= 0 (value=0)],nan
stock_CUR6K@718712e8d985,ACX.DE,2016-10-01,79.99,561369820.0,primary_input_absent [totalAssets impossible: <= 0 (value=0)],nan
stock_CUR6K@718712e8d985,ACX.DE,2017-01-01,104.85,735837300.0,primary_input_absent [totalAssets impossible: <= 0 (value=0)],nan
stock_CUR6K@718712e8d985,ACX.DE,2017-04-01,127.05,891636900.0,primary_input_absent [totalAssets impossible: <= 0 (value=0)],nan
stock_CUR6K@718712e8d985,ACX.DE,2017-07-01,118.55,831983900.0,primary_input_absent [totalAssets impossible: <= 0 (value=0)],nan
stock_CUR6K@718712e8d985,ACX.DE,2017-10-01,103.1,723555800.0,primary_input_absent [totalAssets impossible: <= 0 (value=0)],nan
stock_CUR6K@718712e8d985,ACX.DE,2018-01-01,68.55,481083900.0,primary_input_absent [totalAssets impossible: <= 0 (value=0)],nan
stock_CUR6K@718712e8d985,ACX.DE,2018-04-01,65.15,457222700.00000006,primary_input_absent [totalAssets impossible: <= 0 (value=0)],nan
stock_CUR6K@718712e8d985,ACX.DE,2018-07-01,60.45,424238100.0,primary_input_absent [totalAssets impossible: <= 0 (value=0)],nan
stock_CUR6K@718712e8d985,ACX.DE,2018-10-01,48.9,343180200.0,primary_input_absent [totalAssets impossible: <= 0 (value=0)],nan
stock_CUR6K@718712e8d985,ACX.DE,2019-01-01,59.5,417571000.0,primary_input_absent [totalAssets impossible: <= 0 (value=0)],nan
stock_CUR6K@718712e8d985,ACX.DE,2019-04-01,54.05,379322900.0,primary_input_absent [totalAssets impossible: <= 0 (value=0)],nan
stock_CUR6K@718712e8d985,ACX.DE,2019-07-01,46.76,328161680.0,primary_input_absent [totalAssets impossible: <= 0 (value=0)],nan
stock_CUR6K@718712e8d985,ACX.DE,2019-10-01,52.9,371252200.0,primary_input_absent [totalAssets impossible: <= 0 (value=0)],nan
stock_CUR6K@718712e8d985,ACX.DE,2020-01-01,27.36,192012480.0,primary_input_absent [totalAssets impossible: <= 0 (value=0)],nan
stock_CUR6K@718712e8d985,ACX.DE,2020-04-01,38.5,270193000.0,primary_input_absent [totalAssets impossible: <= 0 (value=0)],nan
stock_CUR6K@718712e8d985,ACX.DE,2020-07-01,35.6,249840800.0,primary_input_absent [totalAssets impossible: <= 0 (value=0)],nan
stock_CUR6K@718712e8d985,ACX.DE,2020-10-01,31.85,223523300.0,primary_input_absent [totalAssets impossible: <= 0 (value=0)],nan
stock_CUR6K@718712e8d985,ACX.DE,2021-01-01,45.85,321775300.0,primary_input_absent [totalAssets impossible: <= 0 (value=0)],nan
stock_CUR6K@718712e8d985,ACX.DE,2021-04-01,38.0,266684000.0,primary_input_absent [totalAssets impossible: <= 0 (value=0)],nan
stock_CUR6K@718712e8d985,ACX.DE,2021-07-01,23.65,163248074.54999998,primary_input_absent [totalAssets impossible: <= 0 (value=0)],nan
stock_CUR6K@718712e8d985,ACX.DE,2021-10-01,12.979999999999999,89596617.66,primary_input_absent [totalAssets impossible: <= 0 (value=0)],nan
stock_CUR6K@718712e8d985,ACX.DE,2022-01-01,15.64,109761520.0,primary_input_absent [totalAssets impossible: <= 0 (value=0)],nan
stock_CUR6K@718712e8d985,ACX.DE,2022-04-01,11.66,81829728.42,primary_input_absent [totalAssets impossible: <= 0 (value=0)],nan
stock_CUR6K@718712e8d985,ACX.DE,2022-07-01,4.43,31089713.419999998,primary_input_absent [totalAssets impossible: <= 0 (value=0)],nan
stock_CUR6K@718712e8d985,ACX.DE,2022-10-01,5.35,37546300.0,primary_input_absent [totalAssets impossible: <= 0 (value=0)],nan
stock_CUR6K@718712e8d985,ACX.DE,2023-01-01,5.27,36984860.0,primary_input_absent [totalAssets impossible: <= 0 (value=0)],nan
stock_CUR6K@718712e8d985,ACX.DE,2023-04-01,3.89,27300020.0,primary_input_absent [totalAssets impossible: <= 0 (value=0)],nan
stock_CUR6K@718712e8d985,ACX.DE,2023-07-01,3.78,26528040.0,primary_input_absent [totalAssets impossible: <= 0 (value=0)],nan
stock_CUR6K@718712e8d985,ACX.DE,2023-10-01,3.07,21545260.0,primary_input_absent [totalAssets impossible: <= 0 (value=0)],nan
stock_CUR6K@718712e8d985,ACX.DE,2024-01-01,2.41,16913380.0,primary_input_absent [totalAssets impossible: <= 0 (value=0)],nan
stock_CUR6K@718712e8d985,ACX.DE,2024-04-01,2.89,20282020.0,primary_input_absent [totalAssets impossible: <= 0 (value=0)],nan
stock_CUR6K@718712e8d985,ACX.DE,2024-07-01,3.21,22527780.0,primary_input_absent [totalAssets impossible: <= 0 (value=0)],nan
stock_CUR6K@718712e8d985,ACX.DE,2024-10-01,2.48,17404640.0,primary_input_absent [totalAssets impossible: <= 0 (value=0)],nan
stock_CUR6K@718712e8d985,ACX.DE,2025-01-01,2.79,19580220.0,primary_input_absent [totalAssets impossible: <= 0 (value=0)],nan
stock_CUR6K@718712e8d985,ACX.DE,2025-04-01,2.94,20632920.0,primary_input_absent [totalAssets impossible: <= 0 (value=0)],nan
stock_CUR6K@718712e8d985,ACX.DE,2025-07-01,2.63,18228911.349999998,primary_input_absent [totalAssets impossible: <= 0 (value=0)],nan
stock_CUR6K@718712e8d985,ACX.DE,2025-10-01,2.14,15018520.0,primary_input_absent [totalAssets impossible: <= 0 (value=0)],nan
stock_CUR6K@718712e8d985,ACX.DE,2026-01-01,2.48,17404640.0,primary_input_absent [totalAssets impossible: <= 0 (value=0)],nan
stock_CUR6K@718712e8d985,ADOC.PA,2010-10-01,15.49,62419324.97,primary_input_absent [revenue impossible: < 0 (value=-724000)],nan
stock_CUR6K@718712e8d985,ADOC.PA,2011-10-01,15.49,69015183.83,primary_input_absent [revenue impossible: < 0 (value=-724000)],nan
stock_CUR6K@718712e8d985,ADOC.PA,2012-04-01,9.84,61060840.8,primary_input_absent [revenue impossible: < 0 (value=-724000)],nan
stock_CUR6K@718712e8d985,ADOC.PA,2012-10-01,10.22,63418881.400000006,primary_input_absent [revenue impossible: < 0 (value=-724000)],nan
stock_CUR6K@718712e8d985,ADOC.PA,2013-04-01,10.0,62030000.0,primary_input_absent [revenue impossible: < 0 (value=-724000)],nan
stock_CUR6K@718712e8d985,ADOC.PA,2013-10-01,5.96,36987527.56,primary_input_absent [revenue impossible: < 0 (value=-724000)],nan
stock_CUR6K@718712e8d985,ADOC.PA,2014-04-01,14.15,87899800.0,primary_input_absent [revenue impossible: < 0 (value=-724000)],nan
stock_CUR6K@718712e8d985,ADOC.PA,2014-10-01,48.25,299805717.5,primary_input_absent [revenue impossible: < 0 (value=-724000)],nan
stock_CUR6K@718712e8d985,ADOC.PA,2015-04-01,67.190002,451449623.438,primary_input_absent [revenue impossible: < 0 (value=-724000)],nan
stock_CUR6K@718712e8d985,ADOC.PA,2015-10-01,73.809998,530345280.999446,primary_input_absent [revenue impossible: < 0 (value=-724000)],nan
stock_CUR6K@718712e8d985,ADOC.PA,2016-04-01,45.540001,311784971.76639795,primary_input_absent [revenue impossible: < 0 (value=-724000)],nan
stock_CUR6K@718712e8d985,ADOC.PA,2016-10-01,61.0,384124930.0,primary_input_absent [revenue impossible: < 0 (value=-724000)],nan
stock_CUR6K@718712e8d985,ADOC.PA,2017-04-01,20.25,147177830.25,primary_input_absent [revenue impossible: < 0 (value=-724000)],nan
stock_CUR6K@718712e8d985,ADOC.PA,2017-10-01,14.66,100672770.84,primary_input_absent [revenue impossible: < 0 (value=-724000)],nan
stock_CUR6K@718712e8d985,ADOC.PA,2018-04-01,18.5,137637410.0,primary_input_absent [revenue impossible: < 0 (value=-724000)],nan
stock_CUR6K@718712e8d985,ADOC.PA,2018-10-01,16.540001,114427481.498227,primary_input_absent [revenue impossible: < 0 (value=-724000)],nan
stock_CUR6K@718712e8d985,ADOC.PA,2019-04-01,19.24,133415335.55999999,primary_input_absent [revenue impossible: < 0 (value=-724000)],nan
stock_CUR6K@718712e8d985,ADOC.PA,2019-10-01,9.9,68691397.5,primary_input_absent [revenue impossible: < 0 (value=-724000)],nan
stock_CUR6K@718712e8d985,ADOC.PA,2020-04-01,8.53,59468507.169999994,primary_input_absent [revenue impossible: < 0 (value=-724000)],nan
stock_CUR6K@718712e8d985,ADOC.PA,2020-10-01,8.3,57898177.2,primary_input_absent [revenue impossible: < 0 (value=-724000)],nan
stock_CUR6K@718712e8d985,ADOC.PA,2021-04-01,8.25,58488721.5,primary_input_absent [revenue impossible: < 0 (value=-724000)],nan
stock_CUR6K@718712e8d985,ADOC.PA,2021-10-01,8.1,57425290.199999996,primary_input_absent [revenue impossible: < 0 (value=-724000)],nan
stock_CUR6K@718712e8d985,ADOC.PA,2022-04-01,4.02,30889354.379999995,primary_input_absent [revenue impossible: < 0 (value=-724000)],nan
stock_CUR6K@718712e8d985,ADOC.PA,2022-10-01,3.97,34528467.59,primary_input_absent [revenue impossible: < 0 (value=-724000)],nan
stock_CUR6K@718712e8d985,ADOC.PA,2023-04-01,3.96,36230733.0,primary_input_absent [revenue impossible: < 0 (value=-724000)],nan
stock_CUR6K@718712e8d985,ADOC.PA,2023-10-01,11.54,153773385.0,primary_input_absent [revenue impossible: < 0 (value=-724000)],nan
stock_CUR6K@718712e8d985,ADOC.PA,2024-04-01,8.3,119046601.2,primary_input_absent [revenue impossible: < 0 (value=-724000)],nan
stock_CUR6K@718712e8d985,ADOC.PA,2024-10-01,6.01,92994238.50999999,primary_input_absent [revenue impossible: < 0 (value=-724000)],nan
stock_CUR6K@718712e8d985,ADOC.PA,2025-04-01,3.7,57251028.7,primary_input_absent [revenue impossible: < 0 (value=-724000)],nan
stock_CUR6K@718712e8d985,ADOC.PA,2025-10-01,6.7,131373600.0,primary_input_absent [revenue impossible: < 0 (value=-724000)],nan
stock_CUR6K@718712e8d985,AFX.DE,2009-07-01,11.11,903349767.0999999,primary_input_absent [totalAssets impossible: <= 0 (value=0)],nan
stock_CUR6K@718712e8d985,AFX.DE,2009-10-01,12.46,1005611001.7800001,primary_input_absent [totalAssets impossible: <= 0 (value=0)],nan
stock_CUR6K@718712e8d985,AFX.DE,2010-01-01,11.85,990295387.35,primary_input_absent [totalAssets impossible: <= 0 (value=0)],nan
stock_CUR6K@718712e8d985,AFX.DE,2010-04-01,11.24,913920016.4,primary_input_absent [totalAssets impossible: <= 0 (value=0)],nan
stock_CUR6K@718712e8d985,AFX.DE,2010-07-01,11.55,939125995.5,primary_input_absent [totalAssets impossible: <= 0 (value=0)],nan
stock_CUR6K@718712e8d985,AFX.DE,2010-10-01,14.29,1156817526.8899999,primary_input_absent [totalAssets impossible: <= 0 (value=0)],nan
stock_CUR6K@718712e8d985,AFX.DE,2011-01-01,14.9,1229703481.5,primary_input_absent [totalAssets impossible: <= 0 (value=0)],nan
stock_CUR6K@718712e8d985,AFX.DE,2011-04-01,15.36,1237708800.0,primary_input_absent [totalAssets impossible: <= 0 (value=0)],nan
stock_CUR6K@718712e8d985,AFX.DE,2011-07-01,13.359999999999998,1081337558.3999999,primary_input_absent [totalAssets impossible: <= 0 (value=0)],nan
stock_CUR6K@718712e8d985,AFX.DE,2011-10-01,16.32,1313760000.0,primary_input_absent [totalAssets impossible: <= 0 (value=0)],nan
stock_CUR6K@718712e8d985,AFX.DE,2012-01-01,18.2,1455090000.0,primary_input_absent [totalAssets impossible: <= 0 (value=0)],nan
stock_CUR6K@718712e8d985,AFX.DE,2012-04-01,19.0,1509605879.0,primary_input_absent [totalAssets impossible: <= 0 (value=0)],nan
stock_CUR6K@718712e8d985,AFX.DE,2012-07-01,20.0,1589058820.0,primary_input_absent [totalAssets impossible: <= 0 (value=0)],nan
stock_CUR6K@718712e8d985,AFX.DE,2012-10-01,22.35,1797787757.8500001,primary_input_absent [totalAssets impossible: <= 0 (value=0)],nan
stock_CUR6K@718712e8d985,AFX.DE,2013-01-01,24.8,1975733316.8,primary_input_absent [totalAssets impossible: <= 0 (value=0)],nan
stock_CUR6K@718712e8d985,AFX.DE,2013-04-01,25.65,2051914482.8999999,primary_input_absent [totalAssets impossible: <= 0 (value=0)],nan
stock_CUR6K@718712e8d985,AFX.DE,2013-07-01,22.07,1812903028.26,primary_input_absent [totalAssets impossible: <= 0 (value=0)],nan
stock_CUR6K@718712e8d985,AFX.DE,2013-10-01,24.22,1947094240.0,primary_input_absent [totalAssets impossible: <= 0 (value=0)],nan
stock_CUR6K@718712e8d985,AFX.DE,2014-01-01,20.38,1645260403.08,primary_input_absent [totalAssets impossible: <= 0 (value=0)],nan
stock_CUR6K@718712e8d985,AFX.DE,2014-04-01,22.4,1831607254.3999999,primary_input_absent [totalAssets impossible: <= 0 (value=0)],nan
stock_CUR6K@718712e8d985,AFX.DE,2014-07-01,23.0,1880668186.0,primary_input_absent [totalAssets impossible: <= 0 (value=0)],nan
stock_CUR6K@718712e8d985,AFX.DE,2014-10-01,21.1,1681303028.8000002,primary_input_absent [totalAssets impossible: <= 0 (value=0)],nan
stock_CUR6K@718712e8d985,AFX.DE,2015-01-01,24.34,2040213557.52,primary_input_absent [totalAssets impossible: <= 0 (value=0)],nan
stock_CUR6K@718712e8d985,AFX.DE,2015-04-01,22.87,1883640940.94,primary_input_absent [totalAssets impossible: <= 0 (value=0)],nan
stock_CUR6K@718712e8d985,AFX.DE,2015-07-01,25.0,2002054750.0,primary_input_absent [totalAssets impossible: <= 0 (value=0)],nan
stock_CUR6K@718712e8d985,AFX.DE,2015-10-01,28.55,2270404775.5,primary_input_absent [totalAssets impossible: <= 0 (value=0)],nan
stock_CUR6K@718712e8d985,AFX.DE,2016-01-01,27.14,2217655266.6,primary_input_absent [totalAssets impossible: <= 0 (value=0)],nan
stock_CUR6K@718712e8d985,AFX.DE,2016-04-01,36.44,3003567000.0,primary_input_absent [totalAssets impossible: <= 0 (value=0)],nan
stock_CUR6K@718712e8d985,AFX.DE,2016-07-01,34.03,2728464111.9700003,primary_input_absent [totalAssets impossible: <= 0 (value=0)],nan
stock_CUR6K@718712e8d985,AFX.DE,2016-10-01,35.0,2846052615.0,primary_input_absent [totalAssets impossible: <= 0 (value=0)],nan
stock_CUR6K@718712e8d985,AFX.DE,2017-01-01,39.98,3249321886.3199997,primary_input_absent [totalAssets impossible: <= 0 (value=0)],nan
stock_CUR6K@718712e8d985,AFX.DE,2017-04-01,45.44,3712979193.6,primary_input_absent [totalAssets impossible: <= 0 (value=0)],nan
stock_CUR6K@718712e8d985,AFX.DE,2017-07-01,44.17,3933890625.0,primary_input_absent [totalAssets impossible: <= 0 (value=0)],nan
stock_CUR6K@718712e8d985,AFX.DE,2017-10-01,51.4,4577812500.0,primary_input_absent [totalAssets impossible: <= 0 (value=0)],nan
stock_CUR6K@718712e8d985,AFX.DE,2018-01-01,51.85,4611639329.75,primary_input_absent [totalAssets impossible: <= 0 (value=0)],nan
stock_CUR6K@718712e8d985,AFX.DE,2018-04-01,58.45,4776048280.5,primary_input_absent [totalAssets impossible: <= 0 (value=0)],nan
stock_CUR6K@718712e8d985,AFX.DE,2018-07-01,72.95,6542703125.0,primary_input_absent [totalAssets impossible: <= 0 (value=0)],nan
stock_CUR6K@718712e8d985,AFX.DE,2018-10-01,69.85,6264671874.999999,primary_input_absent [totalAssets impossible: <= 0 (value=0)],nan
stock_CUR6K@718712e8d985,AFX.DE,2019-01-01,74.9,6670639389.400001,primary_input_absent [totalAssets impossible: <= 0 (value=0)],nan
stock_CUR6K@718712e8d985,AFX.DE,2019-04-01,85.95,7654759085.7,primary_input_absent [totalAssets impossible: <= 0 (value=0)],nan
stock_CUR6K@718712e8d985,AFX.DE,2019-07-01,104.6,9411426317.0,primary_input_absent [totalAssets impossible: <= 0 (value=0)],nan
stock_CUR6K@718712e8d985,AFX.DE,2019-10-01,113.7,10259441844.6,primary_input_absent [totalAssets impossible: <= 0 (value=0)],nan
stock_CUR6K@718712e8d985,AFX.DE,2020-01-01,88.35,7902074359.499999,primary_input_absent [totalAssets impossible: <= 0 (value=0)],nan
stock_CUR6K@718712e8d985,AFX.DE,2020-04-01,86.8,7775736782.8,primary_input_absent [totalAssets impossible: <= 0 (value=0)],nan
stock_CUR6K@718712e8d985,AFX.DE,2020-07-01,108.0,9520404120.0,primary_input_absent [totalAssets impossible: <= 0 (value=0)],nan
stock_CUR6K@718712e8d985,AFX.DE,2020-10-01,108.89999999999999,9696288402.9,primary_input_absent [totalAssets impossible: <= 0 (value=0)],nan
stock_CUR6K@718712e8d985,AFX.DE,2021-01-01,128.5,11440502389.5,primary_input_absent [totalAssets impossible: <= 0 (value=0)],nan
stock_CUR6K@718712e8d985,AFX.DE,2021-04-01,162.95,14384719388.449999,primary_input_absent [totalAssets impossible: <= 0 (value=0)],nan
stock_CUR6K@718712e8d985,AFX.DE,2021-07-01,166.05,14783622125.400002,primary_input_absent [totalAssets impossible: <= 0 (value=0)],nan
stock_CUR6K@718712e8d985,AFX.DE,2021-10-01,184.85,16680511860.75,primary_input_absent [totalAssets impossible: <= 0 (value=0)],nan
stock_CUR6K@718712e8d985,AFX.DE,2022-01-01,146.95,13143291761.499998,primary_input_absent [totalAssets impossible: <= 0 (value=0)],nan
stock_CUR6K@718712e8d985,AFX.DE,2022-04-01,113.9,10174895209.2,primary_input_absent [totalAssets impossible: <= 0 (value=0)],nan
stock_CUR6K@718712e8d985,AFX.DE,2022-07-01,107.45,9610389246.5,primary_input_absent [totalAssets impossible: <= 0 (value=0)],nan
stock_CUR6K@718712e8d985,AFX.DE,2022-10-01,117.9,10548947343.6,primary_input_absent [totalAssets impossible: <= 0 (value=0)],nan
stock_CUR6K@718712e8d985,AFX.DE,2023-01-01,128.0,11448392960.0,primary_input_absent [totalAssets impossible: <= 0 (value=0)],nan
stock_CUR6K@718712e8d985,AFX.DE,2023-04-01,99.03999999999999,8852007420.16,primary_input_absent [totalAssets impossible: <= 0 (value=0)],nan
stock_CUR6K@718712e8d985,AFX.DE,2023-07-01,82.82,7407468007.4,primary_input_absent [totalAssets impossible: <= 0 (value=0)],nan
stock_CUR6K@718712e8d985,AFX.DE,2023-10-01,98.84000000000002,8801466661.960001,primary_input_absent [totalAssets impossible: <= 0 (value=0)],nan
stock_CUR6K@718712e8d985,AFX.DE,2024-01-01,115.0,10278567290.0,primary_input_absent [totalAssets impossible: <= 0 (value=0)],nan
stock_CUR6K@718712e8d985,AFX.DE,2024-04-01,66.25,5944944346.25,primary_input_absent [totalAssets impossible: <= 0 (value=0)],nan
stock_CUR6K@718712e8d985,AFX.DE,2024-07-01,71.15,6205875681.05,primary_input_absent [totalAssets impossible: <= 0 (value=0)],nan
stock_CUR6K@718712e8d985,AFX.DE,2024-10-01,45.52,3970355545.44,primary_input_absent [totalAssets impossible: <= 0 (value=0)],nan
stock_CUR6K@718712e8d985,AFX.DE,2025-01-01,60.6,5282805000.0,primary_input_absent [totalAssets impossible: <= 0 (value=0)],nan
stock_CUR6K@718712e8d985,AFX.DE,2025-04-01,57.0,4968975000.0,primary_input_absent [totalAssets impossible: <= 0 (value=0)],nan
stock_CUR6K@718712e8d985,AFX.DE,2025-07-01,42.16,3690521090.64,primary_input_absent [totalAssets impossible: <= 0 (value=0)],nan
stock_CUR6K@718712e8d985,AFX.DE,2025-10-01,40.0,3266666680.0,primary_input_absent [totalAssets impossible: <= 0 (value=0)],nan
stock_CUR6K@718712e8d985,AFX.DE,2026-01-01,24.2,2118373111.8,primary_input_absent [totalAssets impossible: <= 0 (value=0)],nan
stock_CUR6K@718712e8d985,AFX.DE,2026-04-01,26.62,2297381654.04,primary_input_absent [totalAssets impossible: <= 0 (value=0)],nan
stock_CUR6K@718712e8d985,ALCOG.PA,2008-04-01,,0.0,primary_input_absent [netCashProvidedByOperatingActivities NaN (value=NaN)],
stock_CUR6K@718712e8d985,ALCOG.PA,2009-04-01,,0.0,primary_input_absent [netCashProvidedByOperatingActivities NaN (value=NaN)],
stock_CUR6K@718712e8d985,ALCOG.PA,2010-04-01,,0.0,primary_input_absent [netCashProvidedByOperatingActivities NaN (value=NaN)],
stock_CUR6K@718712e8d985,ALCOG.PA,2011-04-01,5.302695,10754157.108225,primary_input_absent [netCashProvidedByOperatingActivities NaN (value=NaN)],
stock_CUR6K@718712e8d985,ALCOG.PA,2011-10-01,,,primary_input_absent [netCashProvidedByOperatingActivities NaN (value=NaN)],bookValuePerShare|earningsYield|marketCap|price
stock_CUR6K@718712e8d985,ALCOG.PA,2012-04-01,4.72,10491431.92,primary_input_absent [netCashProvidedByOperatingActivities NaN (value=NaN)],
stock_CUR6K@718712e8d985,ALCOG.PA,2012-10-01,4.81,11459295.899999999,primary_input_absent [netCashProvidedByOperatingActivities NaN (value=NaN)],
stock_CUR6K@718712e8d985,ALCOG.PA,2013-04-01,5.78,13770214.200000001,primary_input_absent [netCashProvidedByOperatingActivities NaN (value=NaN)],
stock_CUR6K@718712e8d985,ALCOG.PA,2013-10-01,6.0,15890346.0,primary_input_absent [netCashProvidedByOperatingActivities NaN (value=NaN)],
stock_CUR6K@718712e8d985,ALCOG.PA,2014-04-01,5.8,15665968.2,primary_input_absent [netCashProvidedByOperatingActivities NaN (value=NaN)],
stock_CUR6K@718712e8d985,ALCOG.PA,2014-10-01,5.7,15655528.8,primary_input_absent [netCashProvidedByOperatingActivities NaN (value=NaN)],
stock_CUR6K@718712e8d985,ALCOG.PA,2015-04-01,5.05,13875117.4,primary_input_absent [netCashProvidedByOperatingActivities NaN (value=NaN)],
stock_CUR6K@718712e8d985,ALCOG.PA,2015-10-01,5.64,15493452.239999998,primary_input_absent [netCashProvidedByOperatingActivities NaN (value=NaN)],
stock_CUR6K@718712e8d985,ALCOG.PA,2016-04-01,5.45,15132077.6,primary_input_absent [netCashProvidedByOperatingActivities NaN (value=NaN)],
stock_CUR6K@718712e8d985,ALCOG.PA,2016-10-01,6.79,19433747.27,primary_input_absent [netCashProvidedByOperatingActivities NaN (value=NaN)],
stock_CUR6K@718712e8d985,ALCOG.PA,2017-04-01,5.72,17823617.24,primary_input_absent [netCashProvidedByOperatingActivities NaN (value=NaN)],
stock_CUR6K@718712e8d985,ALCOG.PA,2017-10-01,5.8,18168465.2,primary_input_absent [netCashProvidedByOperatingActivities NaN (value=NaN)],
stock_CUR6K@718712e8d985,ALCOG.PA,2018-04-01,5.65,20301071.5,primary_input_absent [netCashProvidedByOperatingActivities NaN (value=NaN)],
stock_CUR6K@718712e8d985,ALCOG.PA,2018-10-01,5.55,19018595.7,primary_input_absent [netCashProvidedByOperatingActivities NaN (value=NaN)],
stock_CUR6K@718712e8d985,ALCOG.PA,2019-04-01,5.26,18024831.24,primary_input_absent [netCashProvidedByOperatingActivities NaN (value=NaN)],
stock_CUR6K@718712e8d985,ALCOG.PA,2019-10-01,5.4,18504579.6,primary_input_absent [netCashProvidedByOperatingActivities NaN (value=NaN)],
stock_CUR6K@718712e8d985,ALCOG.PA,2020-04-01,5.7,19532611.8,primary_input_absent [netCashProvidedByOperatingActivities NaN (value=NaN)],
stock_CUR6K@718712e8d985,ALCOG.PA,2020-10-01,6.3,21588676.2,primary_input_absent [netCashProvidedByOperatingActivities NaN (value=NaN)],
stock_CUR6K@718712e8d985,ALCOG.PA,2021-04-01,6.86,23507669.64,primary_input_absent [netCashProvidedByOperatingActivities NaN (value=NaN)],
stock_CUR6K@718712e8d985,ALCOG.PA,2021-10-01,8.86,30361217.639999997,primary_input_absent [netCashProvidedByOperatingActivities NaN (value=NaN)],
stock_CUR6K@718712e8d985,ALCOG.PA,2022-04-01,12.25,41977981.5,primary_input_absent [netCashProvidedByOperatingActivities NaN (value=NaN)],
stock_CUR6K@718712e8d985,ALCOG.PA,2022-10-01,13.5,46261449.0,primary_input_absent [netCashProvidedByOperatingActivities NaN (value=NaN)],
stock_CUR6K@718712e8d985,ALCOG.PA,2023-04-01,11.5,39407901.0,primary_input_absent [netCashProvidedByOperatingActivities NaN (value=NaN)],
stock_CUR6K@718712e8d985,ALCOG.PA,2023-10-01,12.1,41463965.4,primary_input_absent [netCashProvidedByOperatingActivities NaN (value=NaN)],
stock_CUR6K@718712e8d985,ALCOG.PA,2024-04-01,5.9,20217966.6,primary_input_absent [netCashProvidedByOperatingActivities NaN (value=NaN)],
stock_CUR6K@718712e8d985,ALCOG.PA,2024-10-01,5.86,20080895.64,primary_input_absent [netCashProvidedByOperatingActivities NaN (value=NaN)],
stock_CUR6K@718712e8d985,ALCOG.PA,2025-04-01,5.0,17133870.0,primary_input_absent [netCashProvidedByOperatingActivities NaN (value=NaN)],
stock_CUR6K@718712e8d985,ALCOG.PA,2025-10-01,5.62,19259740.0,primary_input_absent [netCashProvidedByOperatingActivities NaN (value=NaN)],
stock_CUR6K@718712e8d985,ALDBL.PA,2008-10-01,,7862229.0,primary_input_absent [netCashProvidedByOperatingActivities NaN (value=NaN)],nan
stock_CUR6K@718712e8d985,ALDBL.PA,2009-04-01,4.88,6988648.0,primary_input_absent [netCashProvidedByOperatingActivities NaN (value=NaN)],nan
stock_CUR6K@718712e8d985,ALDBL.PA,2009-10-01,7.2,10311120.0,primary_input_absent [netCashProvidedByOperatingActivities NaN (value=NaN)],nan
stock_CUR6K@718712e8d985,ALDBL.PA,2010-04-01,5.84,8363464.0,primary_input_absent [netCashProvidedByOperatingActivities NaN (value=NaN)],nan
stock_CUR6K@718712e8d985,ALDBL.PA,2010-10-01,5.24,7504204.0,primary_input_absent [netCashProvidedByOperatingActivities NaN (value=NaN)],nan
stock_CUR6K@718712e8d985,ALDBL.PA,2011-04-01,4.37,6258277.0,primary_input_absent [netCashProvidedByOperatingActivities NaN (value=NaN)],nan
stock_CUR6K@718712e8d985,ALDBL.PA,2011-10-01,3.3999999999999995,4828853.399999999,primary_input_absent [netCashProvidedByOperatingActivities NaN (value=NaN)],nan
stock_CUR6K@718712e8d985,ALDBL.PA,2012-04-01,3.7,5237742.2,primary_input_absent [netCashProvidedByOperatingActivities NaN (value=NaN)],nan
stock_CUR6K@718712e8d985,ALDBL.PA,2012-10-01,3.94,5577487.64,primary_input_absent [netCashProvidedByOperatingActivities NaN (value=NaN)],nan
stock_CUR6K@718712e8d985,ALDBL.PA,2013-04-01,3.78,5353258.68,primary_input_absent [netCashProvidedByOperatingActivities NaN (value=NaN)],nan
stock_CUR6K@718712e8d985,ALDBL.PA,2013-10-01,3.81,5376931.08,primary_input_absent [netCashProvidedByOperatingActivities NaN (value=NaN)],nan
stock_CUR6K@718712e8d985,ALDBL.PA,2014-04-01,3.8,5363118.6,primary_input_absent [netCashProvidedByOperatingActivities NaN (value=NaN)],nan
stock_CUR6K@718712e8d985,ALDBL.PA,2014-10-01,3.14,4422837.58,primary_input_absent [netCashProvidedByOperatingActivities NaN (value=NaN)],nan
stock_CUR6K@718712e8d985,ALDBL.PA,2015-04-01,3.3000000000000003,4654316.7,primary_input_absent [netCashProvidedByOperatingActivities NaN (value=NaN)],nan
stock_CUR6K@718712e8d985,ALDBL.PA,2015-10-01,3.59,5061365.09,primary_input_absent [netCashProvidedByOperatingActivities NaN (value=NaN)],nan
stock_CUR6K@718712e8d985,ALDBL.PA,2016-04-01,3.3500000000000005,4717892.100000001,primary_input_absent [netCashProvidedByOperatingActivities NaN (value=NaN)],nan
stock_CUR6K@718712e8d985,ALDBL.PA,2016-10-01,3.4800000000000004,4801547.4,primary_input_absent [netCashProvidedByOperatingActivities NaN (value=NaN)],nan
stock_CUR6K@718712e8d985,ALDBL.PA,2017-04-01,3.6,5058486.0,primary_input_absent [netCashProvidedByOperatingActivities NaN (value=NaN)],nan
stock_CUR6K@718712e8d985,ALDBL.PA,2017-10-01,3.3,4631619.3,primary_input_absent [netCashProvidedByOperatingActivities NaN (value=NaN)],nan
stock_CUR6K@718712e8d985,ALDBL.PA,2018-04-01,3.2,4497657.600000001,primary_input_absent [netCashProvidedByOperatingActivities NaN (value=NaN)],nan
stock_CUR6K@718712e8d985,ALDBL.PA,2018-10-01,2.88,4046325.1199999996,primary_input_absent [netCashProvidedByOperatingActivities NaN (value=NaN)],nan
stock_CUR6K@718712e8d985,ALDBL.PA,2019-04-01,3.3,4641846.0,primary_input_absent [netCashProvidedByOperatingActivities NaN (value=NaN)],nan
stock_CUR6K@718712e8d985,ALDBL.PA,2019-10-01,3.64,5142508.28,primary_input_absent [netCashProvidedByOperatingActivities NaN (value=NaN)],nan
stock_CUR6K@718712e8d985,ALDBL.PA,2020-04-01,2.74,3868600.5200000005,primary_input_absent [netCashProvidedByOperatingActivities NaN (value=NaN)],nan
stock_CUR6K@718712e8d985,ALDBL.PA,2020-10-01,2.7,3807942.3000000003,primary_input_absent [netCashProvidedByOperatingActivities NaN (value=NaN)],nan
stock_CUR6K@718712e8d985,ALDBL.PA,2021-04-01,3.3,4674473.1,primary_input_absent [netCashProvidedByOperatingActivities NaN (value=NaN)],nan
stock_CUR6K@718712e8d985,ALDBL.PA,2021-10-01,3.4599999999999995,5177153.02,primary_input_absent [netCashProvidedByOperatingActivities NaN (value=NaN)],nan
stock_CUR6K@718712e8d985,ALDBL.PA,2022-04-01,4.1,7397474.199999999,primary_input_absent [netCashProvidedByOperatingActivities NaN (value=NaN)],nan
stock_CUR6K@718712e8d985,ALDBL.PA,2022-10-01,3.8,6856195.6,primary_input_absent [netCashProvidedByOperatingActivities NaN (value=NaN)],nan
stock_CUR6K@718712e8d985,ALDBL.PA,2023-04-01,3.5,6314917.0,primary_input_absent [netCashProvidedByOperatingActivities NaN (value=NaN)],nan
stock_CUR6K@718712e8d985,ALDBL.PA,2023-10-01,3.4800000000000004,6333095.4,primary_input_absent [netCashProvidedByOperatingActivities NaN (value=NaN)],nan
stock_CUR6K@718712e8d985,ALDBL.PA,2024-04-01,3.2,5823536.0,primary_input_absent [netCashProvidedByOperatingActivities NaN (value=NaN)],nan
stock_CUR6K@718712e8d985,ALDBL.PA,2024-10-01,3.42,6223904.1,primary_input_absent [netCashProvidedByOperatingActivities NaN (value=NaN)],nan
stock_CUR6K@718712e8d985,ALDBL.PA,2025-10-01,3.22,5809723.640000001,primary_input_absent [netCashProvidedByOperatingActivities NaN (value=NaN)],nan
stock_CUR6K@718712e8d985,ALENO.PA,2018-10-01,,0.0,primary_input_absent [netCashProvidedByOperatingActivities NaN (value=NaN)],nan
stock_CUR6K@718712e8d985,ALENO.PA,2019-04-01,12.25,41382582.5,primary_input_absent [netCashProvidedByOperatingActivities NaN (value=NaN)],nan
stock_CUR6K@718712e8d985,ALENO.PA,2019-10-01,12.25,41382582.5,primary_input_absent [netCashProvidedByOperatingActivities NaN (value=NaN)],nan
stock_CUR6K@718712e8d985,ALENO.PA,2020-10-01,12.25,34839000.0,primary_input_absent [netCashProvidedByOperatingActivities NaN (value=NaN)],nan
stock_CUR6K@718712e8d985,ALENO.PA,2021-04-01,12.25,41382582.5,primary_input_absent [netCashProvidedByOperatingActivities NaN (value=NaN)],nan
stock_CUR6K@718712e8d985,ALENO.PA,2021-10-01,10.5,48746029.5,primary_input_absent [netCashProvidedByOperatingActivities NaN (value=NaN)],nan
stock_CUR6K@718712e8d985,ALENO.PA,2022-04-01,7.08,32868751.32,primary_input_absent [netCashProvidedByOperatingActivities NaN (value=NaN)],nan
stock_CUR6K@718712e8d985,ALENO.PA,2022-10-01,3.59,16666499.61,primary_input_absent [netCashProvidedByOperatingActivities NaN (value=NaN)],nan
stock_CUR6K@718712e8d985,ALENO.PA,2023-04-01,3.61,16722404.45,primary_input_absent [netCashProvidedByOperatingActivities NaN (value=NaN)],nan
stock_CUR6K@718712e8d985,ALENO.PA,2023-10-01,1.73,8013783.85,primary_input_absent [netCashProvidedByOperatingActivities NaN (value=NaN)],nan
stock_CUR6K@718712e8d985,ALENO.PA,2024-04-01,1.9,12112500.0,primary_input_absent [netCashProvidedByOperatingActivities NaN (value=NaN)],nan
stock_CUR6K@718712e8d985,ALENO.PA,2024-10-01,1.9300000000000002,12129142.9,primary_input_absent [netCashProvidedByOperatingActivities NaN (value=NaN)],nan
stock_CUR6K@718712e8d985,ALENO.PA,2025-04-01,3.0800000000000005,19356352.400000002,primary_input_absent [netCashProvidedByOperatingActivities NaN (value=NaN)],nan
stock_CUR6K@718712e8d985,ALENO.PA,2025-10-01,5.4,33901200.0,primary_input_absent [netCashProvidedByOperatingActivities NaN (value=NaN)],nan
stock_CUR6K@718712e8d985,ALIKO.PA,2019-10-01,3.9199999999999995,38058209.839999996,primary_input_absent [netCashProvidedByOperatingActivities NaN (value=NaN)],nan
stock_CUR6K@718712e8d985,ALIKO.PA,2020-04-01,3.9199999999999995,38058209.839999996,primary_input_absent [netCashProvidedByOperatingActivities NaN (value=NaN)],nan
stock_CUR6K@718712e8d985,ALIKO.PA,2020-10-01,3.9199999999999995,38058209.839999996,primary_input_absent [netCashProvidedByOperatingActivities NaN (value=NaN)],nan
stock_CUR6K@718712e8d985,ALIKO.PA,2021-04-01,3.9199999999999995,37168369.839999996,primary_input_absent [netCashProvidedByOperatingActivities NaN (value=NaN)],nan
stock_CUR6K@718712e8d985,ALIKO.PA,2021-10-01,2.9,27463081.2,primary_input_absent [netCashProvidedByOperatingActivities NaN (value=NaN)],nan
stock_CUR6K@718712e8d985,ALIKO.PA,2022-04-01,2.0,18963454.0,primary_input_absent [netCashProvidedByOperatingActivities NaN (value=NaN)],nan
stock_CUR6K@718712e8d985,ALIKO.PA,2022-10-01,1.45,13727479.15,primary_input_absent [netCashProvidedByOperatingActivities NaN (value=NaN)],nan
stock_CUR6K@718712e8d985,ALIKO.PA,2023-04-01,1.65,16120924.049999999,primary_input_absent [netCashProvidedByOperatingActivities NaN (value=NaN)],nan
stock_CUR6K@718712e8d985,ALIKO.PA,2023-10-01,1.56,16304221.440000001,primary_input_absent [netCashProvidedByOperatingActivities NaN (value=NaN)],nan
stock_CUR6K@718712e8d985,ALIKO.PA,2024-04-01,1.42,14983022.08,primary_input_absent [netCashProvidedByOperatingActivities NaN (value=NaN)],nan
stock_CUR6K@718712e8d985,ALIKO.PA,2024-10-01,1.49,16707553.27,primary_input_absent [netCashProvidedByOperatingActivities NaN (value=NaN)],nan
stock_CUR6K@718712e8d985,ALIKO.PA,2025-04-01,1.5199999999999998,21243322.4,primary_input_absent [netCashProvidedByOperatingActivities NaN (value=NaN)],nan
stock_CUR6K@718712e8d985,ALIKO.PA,2025-10-01,1.6,25321256.0,primary_input_absent [netCashProvidedByOperatingActivities NaN (value=NaN)],nan
stock_CUR6K@718712e8d985,ALINS.PA,2010-10-01,,15494544.0,primary_input_absent [netCashProvidedByOperatingActivities NaN (value=NaN)],nan
stock_CUR6K@718712e8d985,ALINS.PA,2011-10-01,7.2,15990321.6,primary_input_absent [netCashProvidedByOperatingActivities NaN (value=NaN)],nan
stock_CUR6K@718712e8d985,ALINS.PA,2012-04-01,6.4399999999999995,20083352.52,primary_input_absent [netCashProvidedByOperatingActivities NaN (value=NaN)],nan
stock_CUR6K@718712e8d985,ALINS.PA,2012-10-01,5.71,18123106.04,primary_input_absent [netCashProvidedByOperatingActivities NaN (value=NaN)],nan
stock_CUR6K@718712e8d985,ALINS.PA,2013-04-01,5.72,19018147.72,primary_input_absent [netCashProvidedByOperatingActivities NaN (value=NaN)],nan
stock_CUR6K@718712e8d985,ALINS.PA,2013-10-01,5.86,18359397.580000002,primary_input_absent [netCashProvidedByOperatingActivities NaN (value=NaN)],nan
stock_CUR6K@718712e8d985,ALINS.PA,2014-04-01,3.57,15087287.67,primary_input_absent [netCashProvidedByOperatingActivities NaN (value=NaN)],nan
stock_CUR6K@718712e8d985,ALINS.PA,2014-10-01,1.5,6334234.5,primary_input_absent [netCashProvidedByOperatingActivities NaN (value=NaN)],nan
stock_CUR6K@718712e8d985,ALINS.PA,2015-04-01,0.79,3334858.6,primary_input_absent [netCashProvidedByOperatingActivities NaN (value=NaN)],nan
stock_CUR6K@718712e8d985,ALINS.PA,2015-10-01,1.17,9615773.7,primary_input_absent [netCashProvidedByOperatingActivities NaN (value=NaN)],nan
stock_CUR6K@718712e8d985,ALINS.PA,2016-04-01,0.87,7347781.62,primary_input_absent [netCashProvidedByOperatingActivities NaN (value=NaN)],nan
stock_CUR6K@718712e8d985,ALINS.PA,2016-10-01,0.6,7144705.2,primary_input_absent [netCashProvidedByOperatingActivities NaN (value=NaN)],nan
stock_CUR6K@718712e8d985,ALINS.PA,2017-04-01,0.57,6833415.93,primary_input_absent [netCashProvidedByOperatingActivities NaN (value=NaN)],nan
stock_CUR6K@718712e8d985,ALINS.PA,2017-10-01,0.538,6453013.562000001,primary_input_absent [netCashProvidedByOperatingActivities NaN (value=NaN)],nan
stock_CUR6K@718712e8d985,ALINS.PA,2018-04-01,0.3695,5758981.921,primary_input_absent [netCashProvidedByOperatingActivities NaN (value=NaN)],nan
stock_CUR6K@718712e8d985,ALINS.PA,2018-10-01,0.1958,4375252.0328,primary_input_absent [netCashProvidedByOperatingActivities NaN (value=NaN)],nan
stock_CUR6K@718712e8d985,ALINS.PA,2019-04-01,0.2795,5662698.2295,primary_input_absent [netCashProvidedByOperatingActivities NaN (value=NaN)],nan
stock_CUR6K@718712e8d985,ALINS.PA,2019-10-01,0.23999999999999996,5294587.4399999995,primary_input_absent [netCashProvidedByOperatingActivities NaN (value=NaN)],nan
stock_CUR6K@718712e8d985,ALINS.PA,2020-04-01,0.8527149999999999,19681457.783095,primary_input_absent [netCashProvidedByOperatingActivities NaN (value=NaN)],nan
stock_CUR6K@718712e8d985,ALINS.PA,2020-10-01,0.9980640000000001,23437629.731952,primary_input_absent [netCashProvidedByOperatingActivities NaN (value=NaN)],nan
stock_CUR6K@718712e8d985,ALINS.PA,2021-04-01,0.68,16963214.720000003,primary_input_absent [netCashProvidedByOperatingActivities NaN (value=NaN)],nan
stock_CUR6K@718712e8d985,ALINS.PA,2021-10-01,0.525,16446892.350000001,primary_input_absent [netCashProvidedByOperatingActivities NaN (value=NaN)],nan
stock_CUR6K@718712e8d985,ALINS.PA,2022-04-01,0.35,10951294.899999999,primary_input_absent [netCashProvidedByOperatingActivities NaN (value=NaN)],nan
stock_CUR6K@718712e8d985,ALINS.PA,2022-10-01,0.324,10150082.136,primary_input_absent [netCashProvidedByOperatingActivities NaN (value=NaN)],nan
stock_CUR6K@718712e8d985,ALINS.PA,2023-04-01,0.433,13544077.625,primary_input_absent [netCashProvidedByOperatingActivities NaN (value=NaN)],nan
stock_CUR6K@718712e8d985,ALINS.PA,2023-10-01,0.345,17631889.125,primary_input_absent [netCashProvidedByOperatingActivities NaN (value=NaN)],nan
stock_CUR6K@718712e8d985,ALINS.PA,2024-04-01,0.272,14246614.72,primary_input_absent [netCashProvidedByOperatingActivities NaN (value=NaN)],nan
stock_CUR6K@718712e8d985,ALINS.PA,2024-10-01,0.231,12138148.176,primary_input_absent [netCashProvidedByOperatingActivities NaN (value=NaN)],nan
stock_CUR6K@718712e8d985,ALINS.PA,2025-04-01,0.29,15244726.379999999,primary_input_absent [netCashProvidedByOperatingActivities NaN (value=NaN)],nan
stock_CUR6K@718712e8d985,ALINS.PA,2025-10-01,0.229,12070361.0,primary_input_absent [netCashProvidedByOperatingActivities NaN (value=NaN)],nan
stock_CUR6K@718712e8d985,ALTME.PA,2014-10-01,2150.0,43113950.0,primary_input_absent [revenue impossible: < 0 (value=-27000)],nan
stock_CUR6K@718712e8d985,ALTME.PA,2015-10-01,2150.0,25800000.0,primary_input_absent [revenue impossible: < 0 (value=-27000)],nan
stock_CUR6K@718712e8d985,ALTME.PA,2016-04-01,2150.0,30100000.0,primary_input_absent [revenue impossible: < 0 (value=-27000)],nan
stock_CUR6K@718712e8d985,ALTME.PA,2016-10-01,2199.0,37383000.0,primary_input_absent [revenue impossible: < 0 (value=-27000)],nan
stock_CUR6K@718712e8d985,ALTME.PA,2017-04-01,1650.0,33000000.0,primary_input_absent [revenue impossible: < 0 (value=-27000)],nan
stock_CUR6K@718712e8d985,ALTME.PA,2017-10-01,625.0,13750000.0,primary_input_absent [revenue impossible: < 0 (value=-27000)],nan
stock_CUR6K@718712e8d985,ALTME.PA,2018-04-01,202.0,4646000.0,primary_input_absent [revenue impossible: < 0 (value=-27000)],nan
stock_CUR6K@718712e8d985,ALTME.PA,2018-10-01,102.0,5610000.0,primary_input_absent [revenue impossible: < 0 (value=-27000)],nan
stock_CUR6K@718712e8d985,ALTME.PA,2019-04-01,63.4,4755000.0,primary_input_absent [revenue impossible: < 0 (value=-27000)],nan
stock_CUR6K@718712e8d985,ALTME.PA,2019-10-01,58.2,9894000.0,primary_input_absent [revenue impossible: < 0 (value=-27000)],nan
stock_CUR6K@718712e8d985,ALTME.PA,2020-04-01,57.0,13053000.0,primary_input_absent [revenue impossible: < 0 (value=-27000)],nan
stock_CUR6K@718712e8d985,ALTME.PA,2020-10-01,56.2,23435400.0,primary_input_absent [revenue impossible: < 0 (value=-27000)],nan
stock_CUR6K@718712e8d985,ALTME.PA,2021-04-01,38.02,23192200.000000004,primary_input_absent [revenue impossible: < 0 (value=-27000)],nan
stock_CUR6K@718712e8d985,ALTME.PA,2021-10-01,23.4,16567199.999999998,primary_input_absent [revenue impossible: < 0 (value=-27000)],nan
stock_CUR6K@718712e8d985,ALTME.PA,2022-04-01,5.35,4815000.0,primary_input_absent [revenue impossible: < 0 (value=-27000)],nan
stock_CUR6K@718712e8d985,ALTME.PA,2022-10-01,1.22,1771440.0,primary_input_absent [revenue impossible: < 0 (value=-27000)],nan
stock_CUR6K@718712e8d985,ALTME.PA,2023-04-01,1.22,4105300.0,primary_input_absent [revenue impossible: < 0 (value=-27000)],nan
stock_CUR6K@718712e8d985,ALTME.PA,2023-10-01,0.23,1534330.0,primary_input_absent [revenue impossible: < 0 (value=-27000)],nan
stock_CUR6K@718712e8d985,ALTME.PA,2024-04-01,0.1482,4052973.6,primary_input_absent [revenue impossible: < 0 (value=-27000)],nan
stock_CUR6K@718712e8d985,ALTME.PA,2024-10-01,0.075,2051100.0,primary_input_absent [revenue impossible: < 0 (value=-27000)],nan
stock_CUR6K@718712e8d985,ALTME.PA,2025-04-01,0.08,7528047.28,primary_input_absent [revenue impossible: < 0 (value=-27000)],nan
stock_CUR6K@718712e8d985,ALTME.PA,2025-10-01,0.0652,6138626.878799999,primary_input_absent [revenue impossible: < 0 (value=-27000)],nan
stock_CUR6K@718712e8d985,ALUVI.PA,2014-10-01,,12870247.68,primary_input_absent [netCashProvidedByOperatingActivities NaN (value=NaN)],nan
stock_CUR6K@718712e8d985,ALUVI.PA,2015-10-01,5.58,12870247.68,primary_input_absent [netCashProvidedByOperatingActivities NaN (value=NaN)],nan
stock_CUR6K@718712e8d985,ALUVI.PA,2016-10-01,,14369872.68,primary_input_absent [netCashProvidedByOperatingActivities NaN (value=NaN)],nan
stock_CUR6K@718712e8d985,ALUVI.PA,2017-04-01,5.58,8220243.96,primary_input_absent [netCashProvidedByOperatingActivities NaN (value=NaN)],nan
stock_CUR6K@718712e8d985,ALUVI.PA,2017-10-01,5.4,19700420.400000002,primary_input_absent [netCashProvidedByOperatingActivities NaN (value=NaN)],nan
stock_CUR6K@718712e8d985,ALUVI.PA,2018-04-01,4.79,12265642.83,primary_input_absent [netCashProvidedByOperatingActivities NaN (value=NaN)],nan
stock_CUR6K@718712e8d985,ALUVI.PA,2018-10-01,3.8,9665357.0,primary_input_absent [netCashProvidedByOperatingActivities NaN (value=NaN)],nan
stock_CUR6K@718712e8d985,ALUVI.PA,2019-04-01,3.44,8768718.24,primary_input_absent [netCashProvidedByOperatingActivities NaN (value=NaN)],nan
stock_CUR6K@718712e8d985,ALUVI.PA,2019-10-01,4.12,10541415.52,primary_input_absent [netCashProvidedByOperatingActivities NaN (value=NaN)],nan
stock_CUR6K@718712e8d985,ALUVI.PA,2020-04-01,9.15,23512260.900000002,primary_input_absent [netCashProvidedByOperatingActivities NaN (value=NaN)],nan
stock_CUR6K@718712e8d985,ALUVI.PA,2020-10-01,7.75,19913206.5,primary_input_absent [netCashProvidedByOperatingActivities NaN (value=NaN)],nan
stock_CUR6K@718712e8d985,ALUVI.PA,2021-04-01,9.35,23967799.349999998,primary_input_absent [netCashProvidedByOperatingActivities NaN (value=NaN)],nan
stock_CUR6K@718712e8d985,ALUVI.PA,2021-10-01,7.5600000000000005,19373422.32,primary_input_absent [netCashProvidedByOperatingActivities NaN (value=NaN)],nan
stock_CUR6K@718712e8d985,ALUVI.PA,2022-04-01,4.68,14548608.36,primary_input_absent [netCashProvidedByOperatingActivities NaN (value=NaN)],nan
stock_CUR6K@718712e8d985,ALUVI.PA,2022-10-01,3.3000000000000003,10250816.4,primary_input_absent [netCashProvidedByOperatingActivities NaN (value=NaN)],nan
stock_CUR6K@718712e8d985,ALUVI.PA,2023-04-01,4.58,14594980.66,primary_input_absent [netCashProvidedByOperatingActivities NaN (value=NaN)],nan
stock_CUR6K@718712e8d985,ALUVI.PA,2023-10-01,3.5200000000000005,11170448.96,primary_input_absent [netCashProvidedByOperatingActivities NaN (value=NaN)],nan
stock_CUR6K@718712e8d985,ALUVI.PA,2024-04-01,2.7700000000000005,8827095.290000001,primary_input_absent [netCashProvidedByOperatingActivities NaN (value=NaN)],nan
stock_CUR6K@718712e8d985,ALUVI.PA,2024-10-01,2.72,8649736.0,primary_input_absent [netCashProvidedByOperatingActivities NaN (value=NaN)],nan
stock_CUR6K@718712e8d985,ALUVI.PA,2025-04-01,2.55,8134627.499999999,primary_input_absent [netCashProvidedByOperatingActivities NaN (value=NaN)],nan
stock_CUR6K@718712e8d985,ALUVI.PA,2025-10-01,2.93,9302750.0,primary_input_absent [netCashProvidedByOperatingActivities NaN (value=NaN)],nan
stock_CUR6K@718712e8d985,ALV.DE,2000-04-01,,,primary_input_absent [netCashProvidedByOperatingActivities NaN (value=NaN)],nan
stock_CUR6K@718712e8d985,ALV.DE,2000-10-01,,,primary_input_absent [netCashProvidedByOperatingActivities NaN (value=NaN)],nan
stock_CUR6K@718712e8d985,ALV.DE,2001-01-01,291.48,71631210000.0,primary_input_absent [netCashProvidedByOperatingActivities NaN (value=NaN)],nan
stock_CUR6K@718712e8d985,ALV.DE,2001-04-01,307.3,75455877398.3,primary_input_absent [netCashProvidedByOperatingActivities NaN (value=NaN)],nan
stock_CUR6K@718712e8d985,ALV.DE,2001-07-01,217.55,53279690367.15,primary_input_absent [netCashProvidedByOperatingActivities NaN (value=NaN)],nan
stock_CUR6K@718712e8d985,ALV.DE,2002-01-01,241.4,58589542944.200005,primary_input_absent [netCashProvidedByOperatingActivities NaN (value=NaN)],nan
stock_CUR6K@718712e8d985,ALV.DE,2002-04-01,178.27,43267430905.810005,primary_input_absent [netCashProvidedByOperatingActivities NaN (value=NaN)],nan
stock_CUR6K@718712e8d985,ALV.DE,2002-07-01,77.24,18761109079.039997,primary_input_absent [netCashProvidedByOperatingActivities NaN (value=NaN)],nan
stock_CUR6K@718712e8d985,ALV.DE,2003-01-01,40.47,10032339059.94,primary_input_absent [netCashProvidedByOperatingActivities NaN (value=NaN)],nan
stock_CUR6K@718712e8d985,ALV.DE,2003-04-01,72.38,26427420052.879997,primary_input_absent [netCashProvidedByOperatingActivities NaN (value=NaN)],nan
stock_CUR6K@718712e8d985,ALV.DE,2003-07-01,75.8,24928514730.8,primary_input_absent [netCashProvidedByOperatingActivities NaN (value=NaN)],nan
stock_CUR6K@718712e8d985,ALV.DE,2004-01-01,88.61,32503350969.36,primary_input_absent [netCashProvidedByOperatingActivities NaN (value=NaN)],nan
stock_CUR6K@718712e8d985,ALV.DE,2004-04-01,89.03,32653493036.5,primary_input_absent [netCashProvidedByOperatingActivities NaN (value=NaN)],nan
stock_CUR6K@718712e8d985,ALV.DE,2004-07-01,81.09,29743200662.49,primary_input_absent [netCashProvidedByOperatingActivities NaN (value=NaN)],nan
stock_CUR6K@718712e8d985,ALV.DE,2005-07-01,112.34,43893112392.9,primary_input_absent [netCashProvidedByOperatingActivities NaN (value=NaN)],nan
stock_CUR6K@718712e8d985,ALV.DE,2006-01-01,137.78,55846672031.58,primary_input_absent [netCashProvidedByOperatingActivities NaN (value=NaN)],nan
stock_CUR6K@718712e8d985,ALV.DE,2006-04-01,123.52000000000001,50065959542.4,primary_input_absent [netCashProvidedByOperatingActivities NaN (value=NaN)],nan
stock_CUR6K@718712e8d985,ALV.DE,2006-07-01,136.48,55301345928.799995,primary_input_absent [netCashProvidedByOperatingActivities NaN (value=NaN)],nan
stock_CUR6K@718712e8d985,ALV.DE,2006-10-01,154.76,62708355040.6,primary_input_absent [netCashProvidedByOperatingActivities NaN (value=NaN)],nan
stock_CUR6K@718712e8d985,ALV.DE,2007-01-01,153.71,66321861469.340004,primary_input_absent [netCashProvidedByOperatingActivities NaN (value=NaN)],nan
stock_CUR6K@718712e8d985,ALV.DE,2007-04-01,173.59,76641221481.57,primary_input_absent [netCashProvidedByOperatingActivities NaN (value=NaN)],nan
stock_CUR6K@718712e8d985,ALV.DE,2007-07-01,163.95,73313159498.4,primary_input_absent [netCashProvidedByOperatingActivities NaN (value=NaN)],nan
stock_CUR6K@718712e8d985,ALV.DE,2007-10-01,145.92,65250724208.63999,primary_input_absent [netCashProvidedByOperatingActivities NaN (value=NaN)],nan
stock_CUR6K@718712e8d985,ALV.DE,2012-07-01,,0.0,primary_input_absent [netCashProvidedByOperatingActivities NaN (value=NaN)],nan
stock_CUR6K@718712e8d985,ALV.DE,2012-10-01,,0.0,primary_input_absent [netCashProvidedByOperatingActivities NaN (value=NaN)],nan
stock_CUR6K@718712e8d985,ALV.DE,2013-01-01,108.84999999999998,49328181911.399994,primary_input_absent [netCashProvidedByOperatingActivities NaN (value=NaN)],nan
stock_CUR6K@718712e8d985,ALV.DE,2013-04-01,113.05,51233882073.85,primary_input_absent [netCashProvidedByOperatingActivities NaN (value=NaN)],nan
stock_CUR6K@718712e8d985,ALV.DE,2013-07-01,116.2,52663805871.6,primary_input_absent [netCashProvidedByOperatingActivities NaN (value=NaN)],nan
stock_CUR6K@718712e8d985,ALV.DE,2013-10-01,130.35,59076825261.299995,primary_input_absent [netCashProvidedByOperatingActivities NaN (value=NaN)],nan
stock_CUR6K@718712e8d985,ALV.DE,2014-01-01,122.7,55673906466.3,primary_input_absent [netCashProvidedByOperatingActivities NaN (value=NaN)],nan
stock_CUR6K@718712e8d985,ALV.DE,2014-04-01,121.70000000000002,55222747289.200005,primary_input_absent [netCashProvidedByOperatingActivities NaN (value=NaN)],nan
stock_CUR6K@718712e8d985,ALV.DE,2014-07-01,128.35,58243217086.95,primary_input_absent [netCashProvidedByOperatingActivities NaN (value=NaN)],nan
stock_CUR6K@718712e8d985,ALV.DE,2014-10-01,137.35,62327275939.95,primary_input_absent [netCashProvidedByOperatingActivities NaN (value=NaN)],nan
stock_CUR6K@718712e8d985,ALV.DE,2015-01-01,161.84999999999997,73520571448.34999,primary_input_absent [netCashProvidedByOperatingActivities NaN (value=NaN)],nan
stock_CUR6K@718712e8d985,ALV.DE,2015-04-01,139.7,63462731456.299995,primary_input_absent [netCashProvidedByOperatingActivities NaN (value=NaN)],nan
stock_CUR6K@718712e8d985,ALV.DE,2015-07-01,140.25,63789015229.5,primary_input_absent [netCashProvidedByOperatingActivities NaN (value=NaN)],nan
stock_CUR6K@718712e8d985,ALV.DE,2015-10-01,163.55000000000004,74301521255.20001,primary_input_absent [netCashProvidedByOperatingActivities NaN (value=NaN)],nan
stock_CUR6K@718712e8d985,ALV.DE,2016-01-01,142.95,65017039052.1,primary_input_absent [netCashProvidedByOperatingActivities NaN (value=NaN)],nan
stock_CUR6K@718712e8d985,ALV.DE,2016-04-01,127.8,58086195118.2,primary_input_absent [netCashProvidedByOperatingActivities NaN (value=NaN)],nan
stock_CUR6K@718712e8d985,ALV.DE,2016-07-01,132.1,60031055177.1,primary_input_absent [netCashProvidedByOperatingActivities NaN (value=NaN)],nan
stock_CUR6K@718712e8d985,ALV.DE,2016-10-01,157.0,71323520266.0,primary_input_absent [netCashProvidedByOperatingActivities NaN (value=NaN)],nan
stock_CUR6K@718712e8d985,ALV.DE,2017-01-01,173.65,79022512530.05,primary_input_absent [netCashProvidedByOperatingActivities NaN (value=NaN)],nan
stock_CUR6K@718712e8d985,ALV.DE,2017-04-01,172.4,76713918947.2,primary_input_absent [netCashProvidedByOperatingActivities NaN (value=NaN)],nan
stock_CUR6K@718712e8d985,ALV.DE,2017-07-01,189.95,84266770476.9,primary_input_absent [netCashProvidedByOperatingActivities NaN (value=NaN)],nan
stock_CUR6K@718712e8d985,ALV.DE,2017-10-01,191.5,84167920672.0,primary_input_absent [netCashProvidedByOperatingActivities NaN (value=NaN)],nan
stock_CUR6K@718712e8d985,ALV.DE,2018-01-01,183.40000000000003,78588012504.40001,primary_input_absent [netCashProvidedByOperatingActivities NaN (value=NaN)],nan
stock_CUR6K@718712e8d985,ALV.DE,2018-04-01,177.02,75854143803.32,primary_input_absent [netCashProvidedByOperatingActivities NaN (value=NaN)],nan
stock_CUR6K@718712e8d985,ALV.DE,2018-07-01,193.44,82307657047.2,primary_input_absent [netCashProvidedByOperatingActivities NaN (value=NaN)],nan
stock_CUR6K@718712e8d985,ALV.DE,2018-10-01,175.0,74143917225.0,primary_input_absent [netCashProvidedByOperatingActivities NaN (value=NaN)],nan
stock_CUR6K@718712e8d985,ALV.DE,2019-01-01,199.94,84662765548.4,primary_input_absent [netCashProvidedByOperatingActivities NaN (value=NaN)],nan
stock_CUR6K@718712e8d985,ALV.DE,2019-04-01,214.2,89657123585.4,primary_input_absent [netCashProvidedByOperatingActivities NaN (value=NaN)],nan
stock_CUR6K@718712e8d985,ALV.DE,2019-07-01,213.85,89085030370.7,primary_input_absent [netCashProvidedByOperatingActivities NaN (value=NaN)],nan
stock_CUR6K@718712e8d985,ALV.DE,2019-10-01,218.4,91433903215.2,primary_input_absent [netCashProvidedByOperatingActivities NaN (value=NaN)],nan
stock_CUR6K@718712e8d985,ALV.DE,2020-01-01,156.88,65352628312.159996,primary_input_absent [netCashProvidedByOperatingActivities NaN (value=NaN)],nan
stock_CUR6K@718712e8d985,ALV.DE,2020-04-01,181.76,75717068600.31999,primary_input_absent [netCashProvidedByOperatingActivities NaN (value=NaN)],nan
stock_CUR6K@718712e8d985,ALV.DE,2020-07-01,163.62,67459401603.36,primary_input_absent [netCashProvidedByOperatingActivities NaN (value=NaN)],nan
stock_CUR6K@718712e8d985,ALV.DE,2020-10-01,200.69999999999996,82697559747.29999,primary_input_absent [netCashProvidedByOperatingActivities NaN (value=NaN)],nan
stock_CUR6K@718712e8d985,ALV.DE,2021-01-01,217.05,89434499867.55,primary_input_absent [netCashProvidedByOperatingActivities NaN (value=NaN)],nan
stock_CUR6K@718712e8d985,ALV.DE,2021-04-01,210.30000000000004,86653197881.70001,primary_input_absent [netCashProvidedByOperatingActivities NaN (value=NaN)],nan
stock_CUR6K@718712e8d985,ALV.DE,2021-07-01,194.84000000000003,79583931975.32,primary_input_absent [netCashProvidedByOperatingActivities NaN (value=NaN)],nan
stock_CUR6K@718712e8d985,ALV.DE,2021-10-01,207.65,84766707120.45,primary_input_absent [netCashProvidedByOperatingActivities NaN (value=NaN)],nan
stock_CUR6K@718712e8d985,ALV.DE,2022-01-01,216.55,88399857582.15001,primary_input_absent [netCashProvidedByOperatingActivities NaN (value=NaN)],nan
stock_CUR6K@718712e8d985,ALV.DE,2022-04-01,182.12,74344872144.36,primary_input_absent [netCashProvidedByOperatingActivities NaN (value=NaN)],nan
stock_CUR6K@718712e8d985,ALV.DE,2022-07-01,161.8,65189424838.8,primary_input_absent [netCashProvidedByOperatingActivities NaN (value=NaN)],nan
stock_CUR6K@718712e8d985,ALV.DE,2022-10-01,200.9,80802865567.2,primary_input_absent [netCashProvidedByOperatingActivities NaN (value=NaN)],nan
stock_CUR6K@718712e8d985,ALV.DE,2023-01-01,212.8,85458173673.6,primary_input_absent [netCashProvidedByOperatingActivities NaN (value=NaN)],nan
stock_CUR6K@718712e8d985,ALV.DE,2023-04-01,213.2,85618809338.4,primary_input_absent [netCashProvidedByOperatingActivities NaN (value=NaN)],nan
stock_CUR6K@718712e8d985,ALV.DE,2023-07-01,225.7,89161383854.4,primary_input_absent [netCashProvidedByOperatingActivities NaN (value=NaN)],nan
stock_CUR6K@718712e8d985,ALV.DE,2023-10-01,241.95000000000002,94713405608.55,primary_input_absent [netCashProvidedByOperatingActivities NaN (value=NaN)],nan
stock_CUR6K@718712e8d985,ALV.DE,2024-01-01,273.9,107195343512.4,primary_input_absent [netCashProvidedByOperatingActivities NaN (value=NaN)],nan
stock_CUR6K@718712e8d985,ALV.DE,2024-04-01,262.5,102203848687.5,primary_input_absent [netCashProvidedByOperatingActivities NaN (value=NaN)],nan
stock_CUR6K@718712e8d985,ALV.DE,2024-07-01,295.0,114262135830.0,primary_input_absent [netCashProvidedByOperatingActivities NaN (value=NaN)],nan
stock_CUR6K@718712e8d985,ALV.DE,2024-10-01,295.9,114173902699.99998,primary_input_absent [netCashProvidedByOperatingActivities NaN (value=NaN)],nan
stock_CUR6K@718712e8d985,ALV.DE,2025-01-01,352.1,135875885756.8,primary_input_absent [netCashProvidedByOperatingActivities NaN (value=NaN)],nan
stock_CUR6K@718712e8d985,ALV.DE,2025-04-01,344.1,132788534100.00002,primary_input_absent [netCashProvidedByOperatingActivities NaN (value=NaN)],nan
stock_CUR6K@718712e8d985,ALV.DE,2025-07-01,357.4,136309243829.4,primary_input_absent [netCashProvidedByOperatingActivities NaN (value=NaN)],nan
stock_CUR6K@718712e8d985,ALV.DE,2025-10-01,390.5,147068938500.0,primary_input_absent [netCashProvidedByOperatingActivities NaN (value=NaN)],nan
stock_CUR6K@718712e8d985,ALV.DE,2026-01-01,359.3,136584504645.2,primary_input_absent [netCashProvidedByOperatingActivities NaN (value=NaN)],nan
stock_CUR6K@718712e8d985,ALV.DE,2026-04-01,414.09999999999997,157416207552.4,primary_input_absent [netCashProvidedByOperatingActivities NaN (value=NaN)],nan
stock_CUR6K@718712e8d985,ALVIA.PA,2015-01-01,,0.0,primary_input_absent [netCashProvidedByOperatingActivities NaN (value=NaN)],nan
stock_CUR6K@718712e8d985,ALVIA.PA,2015-07-01,,0.0,primary_input_absent [netCashProvidedByOperatingActivities NaN (value=NaN)],nan
stock_CUR6K@718712e8d985,ALVIA.PA,2016-01-01,,0.0,primary_input_absent [netCashProvidedByOperatingActivities NaN (value=NaN)],nan
stock_CUR6K@718712e8d985,ALVIA.PA,2016-07-01,,0.0,primary_input_absent [netCashProvidedByOperatingActivities NaN (value=NaN)],nan
stock_CUR6K@718712e8d985,ALVIA.PA,2017-01-01,,0.0,primary_input_absent [netCashProvidedByOperatingActivities NaN (value=NaN)],nan
stock_CUR6K@718712e8d985,ALVIA.PA,2017-07-01,,0.0,primary_input_absent [netCashProvidedByOperatingActivities NaN (value=NaN)],nan
stock_CUR6K@718712e8d985,ALVIA.PA,2018-01-01,,0.0,primary_input_absent [netCashProvidedByOperatingActivities NaN (value=NaN)],nan
stock_CUR6K@718712e8d985,ALVIA.PA,2018-07-01,,0.0,primary_input_absent [netCashProvidedByOperatingActivities NaN (value=NaN)],nan
stock_CUR6K@718712e8d985,ALVIA.PA,2019-01-01,20.0,7918440.0,primary_input_absent [netCashProvidedByOperatingActivities NaN (value=NaN)],nan
stock_CUR6K@718712e8d985,ALVIA.PA,2019-07-01,20.0,7918440.0,primary_input_absent [netCashProvidedByOperatingActivities NaN (value=NaN)],nan
stock_CUR6K@718712e8d985,ALVIA.PA,2020-01-01,,0.0,primary_input_absent [netCashProvidedByOperatingActivities NaN (value=NaN)],nan
stock_CUR6K@718712e8d985,ALVIA.PA,2020-07-01,9.2,3642482.4,primary_input_absent [netCashProvidedByOperatingActivities NaN (value=NaN)],nan
stock_CUR6K@718712e8d985,ALVIA.PA,2021-01-01,9.0,3563298.0,primary_input_absent [netCashProvidedByOperatingActivities NaN (value=NaN)],nan
stock_CUR6K@718712e8d985,ALVIA.PA,2021-07-01,8.9,3523705.8000000003,primary_input_absent [netCashProvidedByOperatingActivities NaN (value=NaN)],nan
stock_CUR6K@718712e8d985,ALVIA.PA,2022-01-01,14.5,5740869.0,primary_input_absent [netCashProvidedByOperatingActivities NaN (value=NaN)],nan
stock_CUR6K@718712e8d985,ALVIA.PA,2022-07-01,14.6,5780461.2,primary_input_absent [netCashProvidedByOperatingActivities NaN (value=NaN)],nan
stock_CUR6K@718712e8d985,ALVIA.PA,2023-01-01,13.3,5265762.600000001,primary_input_absent [netCashProvidedByOperatingActivities NaN (value=NaN)],nan
stock_CUR6K@718712e8d985,ALVIA.PA,2023-07-01,13.2,5226170.399999999,primary_input_absent [netCashProvidedByOperatingActivities NaN (value=NaN)],nan
stock_CUR6K@718712e8d985,ALVIA.PA,2024-01-01,14.5,5740869.0,primary_input_absent [netCashProvidedByOperatingActivities NaN (value=NaN)],nan
stock_CUR6K@718712e8d985,ALVIA.PA,2024-07-01,14.0,5542908.0,primary_input_absent [netCashProvidedByOperatingActivities NaN (value=NaN)],nan
stock_CUR6K@718712e8d985,ALVIA.PA,2025-01-01,13.0,5146986.0,primary_input_absent [netCashProvidedByOperatingActivities NaN (value=NaN)],nan
stock_CUR6K@718712e8d985,ALVIA.PA,2025-07-01,12.5,4949025.0,primary_input_absent [netCashProvidedByOperatingActivities NaN (value=NaN)],nan
stock_CUR6K@718712e8d985,ALVIA.PA,2026-01-01,11.9,4711471.8,primary_input_absent [netCashProvidedByOperatingActivities NaN (value=NaN)],nan
stock_CUR6K@718712e8d985,ALZCUR.ST,2017-10-01,9.97,243702512.54000002,primary_input_absent [netCashProvidedByOperatingActivities NaN (value=NaN)],nan
stock_CUR6K@718712e8d985,ALZCUR.ST,2018-01-01,9.97,243702512.54000002,primary_input_absent [netCashProvidedByOperatingActivities NaN (value=NaN)],nan
stock_CUR6K@718712e8d985,ALZCUR.ST,2018-07-01,9.97,243702512.54000002,primary_input_absent [netCashProvidedByOperatingActivities NaN (value=NaN)],nan
stock_CUR6K@718712e8d985,ALZCUR.ST,2018-10-01,7.38,290148832.8,primary_input_absent [netCashProvidedByOperatingActivities NaN (value=NaN)],nan
stock_CUR6K@718712e8d985,ALZCUR.ST,2019-01-01,7.559999999999999,297225633.59999996,primary_input_absent [netCashProvidedByOperatingActivities NaN (value=NaN)],nan
stock_CUR6K@718712e8d985,ALZCUR.ST,2019-04-01,3.74,147040194.4,primary_input_absent [netCashProvidedByOperatingActivities NaN (value=NaN)],nan
stock_CUR6K@718712e8d985,ALZCUR.ST,2019-07-01,3.8,149399128.0,primary_input_absent [netCashProvidedByOperatingActivities NaN (value=NaN)],nan
stock_CUR6K@718712e8d985,ALZCUR.ST,2019-10-01,3.71,145860727.6,primary_input_absent [netCashProvidedByOperatingActivities NaN (value=NaN)],nan
stock_CUR6K@718712e8d985,ALZCUR.ST,2020-01-01,3.17,124630325.2,primary_input_absent [netCashProvidedByOperatingActivities NaN (value=NaN)],nan
stock_CUR6K@718712e8d985,ALZCUR.ST,2020-04-01,5.89,231568648.39999998,primary_input_absent [netCashProvidedByOperatingActivities NaN (value=NaN)],nan
stock_CUR6K@718712e8d985,ALZCUR.ST,2020-07-01,8.84,347549550.4,primary_input_absent [netCashProvidedByOperatingActivities NaN (value=NaN)],nan
stock_CUR6K@718712e8d985,ALZCUR.ST,2020-10-01,8.21,322780747.6,primary_input_absent [netCashProvidedByOperatingActivities NaN (value=NaN)],nan
stock_CUR6K@718712e8d985,ALZCUR.ST,2021-01-01,6.76,257941313.23999998,primary_input_absent [netCashProvidedByOperatingActivities NaN (value=NaN)],nan
stock_CUR6K@718712e8d985,ALZCUR.ST,2021-04-01,7.469999999999999,285032782.53,primary_input_absent [netCashProvidedByOperatingActivities NaN (value=NaN)],nan
stock_CUR6K@718712e8d985,ALZCUR.ST,2021-07-01,7.039999999999999,268625272.96,primary_input_absent [netCashProvidedByOperatingActivities NaN (value=NaN)],nan
stock_CUR6K@718712e8d985,ALZCUR.ST,2021-10-01,5.39,230644799.76999998,primary_input_absent [netCashProvidedByOperatingActivities NaN (value=NaN)],nan
stock_CUR6K@718712e8d985,ALZCUR.ST,2022-01-01,3.15,121836226.05,primary_input_absent [netCashProvidedByOperatingActivities NaN (value=NaN)],nan
stock_CUR6K@718712e8d985,ALZCUR.ST,2022-04-01,2.09,105836488.11999999,primary_input_absent [netCashProvidedByOperatingActivities NaN (value=NaN)],nan
stock_CUR6K@718712e8d985,ALZCUR.ST,2022-07-01,5.13,260262162.45,primary_input_absent [netCashProvidedByOperatingActivities NaN (value=NaN)],nan
stock_CUR6K@718712e8d985,ALZCUR.ST,2022-10-01,3.9,197860123.5,primary_input_absent [netCashProvidedByOperatingActivities NaN (value=NaN)],nan
stock_CUR6K@718712e8d985,ALZCUR.ST,2023-01-01,4.64,288083735.68,primary_input_absent [netCashProvidedByOperatingActivities NaN (value=NaN)],nan
stock_CUR6K@718712e8d985,ALZCUR.ST,2023-04-01,4.94,306709839.28000003,primary_input_absent [netCashProvidedByOperatingActivities NaN (value=NaN)],nan
stock_CUR6K@718712e8d985,ALZCUR.ST,2023-07-01,3.89,241518476.68,primary_input_absent [netCashProvidedByOperatingActivities NaN (value=NaN)],nan
stock_CUR6K@718712e8d985,ALZCUR.ST,2023-10-01,2.93,181914945.16,primary_input_absent [netCashProvidedByOperatingActivities NaN (value=NaN)],nan
stock_CUR6K@718712e8d985,ALZCUR.ST,2024-01-01,1.61,112798998.9,primary_input_absent [netCashProvidedByOperatingActivities NaN (value=NaN)],nan
stock_CUR6K@718712e8d985,ALZCUR.ST,2024-04-01,1.99,139158286.13,primary_input_absent [netCashProvidedByOperatingActivities NaN (value=NaN)],nan
stock_CUR6K@718712e8d985,ALZCUR.ST,2024-07-01,1.9,167064212.7,primary_input_absent [netCashProvidedByOperatingActivities NaN (value=NaN)],nan
stock_CUR6K@718712e8d985,ALZCUR.ST,2024-10-01,1.15,97540699.99999999,primary_input_absent [netCashProvidedByOperatingActivities NaN (value=NaN)],nan
stock_CUR6K@718712e8d985,ALZCUR.ST,2025-01-01,2.27,200430104.0,primary_input_absent [netCashProvidedByOperatingActivities NaN (value=NaN)],nan
stock_CUR6K@718712e8d985,ALZCUR.ST,2025-04-01,2.66,247182157.18,primary_input_absent [netCashProvidedByOperatingActivities NaN (value=NaN)],nan
stock_CUR6K@718712e8d985,ALZCUR.ST,2025-07-01,2.58,285033015.54,primary_input_absent [netCashProvidedByOperatingActivities NaN (value=NaN)],nan
stock_CUR6K@718712e8d985,ALZCUR.ST,2025-10-01,2.0,229828910.0,primary_input_absent [netCashProvidedByOperatingActivities NaN (value=NaN)],nan
stock_CUR6K@718712e8d985,ALZCUR.ST,2026-01-01,1.6800000000000002,193056284.4,primary_input_absent [netCashProvidedByOperatingActivities NaN (value=NaN)],nan
stock_CUR6K@718712e8d985,ALZCUR.ST,2026-04-01,3.87,533662729.02000004,primary_input_absent [netCashProvidedByOperatingActivities NaN (value=NaN)],nan
stock_CUR6K@718712e8d985,AXB.L,2010-07-01,1536.6002183395854,627216149040.0,primary_input_absent [netCashProvidedByOperatingActivities NaN (value=NaN)],nan
stock_CUR6K@718712e8d985,AXB.L,2011-04-01,1289.5497835838557,530195129670.00006,primary_input_absent [netCashProvidedByOperatingActivities NaN (value=NaN)],nan
stock_CUR6K@718712e8d985,AXB.L,2011-07-01,1018.8997626699894,419934540500.0,primary_input_absent [netCashProvidedByOperatingActivities NaN (value=NaN)],nan
stock_CUR6K@718712e8d985,AXB.L,2013-04-01,1350.999855831837,633011050000.0,primary_input_absent [netCashProvidedByOperatingActivities NaN (value=NaN)],nan
stock_CUR6K@718712e8d985,AXB.L,2019-01-01,4364.017752088187,2260686648000.0,primary_input_absent [netCashProvidedByOperatingActivities NaN (value=NaN)],nan
stock_CUR6K@718712e8d985,AXB.L,2019-04-01,4052.2504145894436,2099182204800.0,primary_input_absent [netCashProvidedByOperatingActivities NaN (value=NaN)],nan
stock_CUR6K@718712e8d985,AXB.L,2019-07-01,3425.0,1847787500000.0,primary_input_absent [netCashProvidedByOperatingActivities NaN (value=NaN)],nan
stock_CUR6K@718712e8d985,AXB.L,2019-10-01,3770.5005614380875,2127038591200.0,primary_input_absent [netCashProvidedByOperatingActivities NaN (value=NaN)],nan
stock_CUR6K@718712e8d985,AXB.L,2020-01-01,1893.3565426701455,1067581223000.0,primary_input_absent [netCashProvidedByOperatingActivities NaN (value=NaN)],nan
stock_CUR6K@718712e8d985,AXB.L,2020-04-01,2033.2499639402877,1146461025300.0,primary_input_absent [netCashProvidedByOperatingActivities NaN (value=NaN)],nan
stock_CUR6K@718712e8d985,AXB.L,2020-07-01,2123.2503020035447,1253919259500.0,primary_input_absent [netCashProvidedByOperatingActivities NaN (value=NaN)],nan
stock_CUR6K@718712e8d985,AXB.L,2020-10-01,3102.250177544147,1897209528200.0002,primary_input_absent [netCashProvidedByOperatingActivities NaN (value=NaN)],nan
stock_CUR6K@718712e8d985,AXB.L,2021-01-01,3486.1878966249783,2136965179050.0002,primary_input_absent [netCashProvidedByOperatingActivities NaN (value=NaN)],nan
stock_CUR6K@718712e8d985,AXB.L,2021-04-01,3741.4994262443856,2293466166600.0,primary_input_absent [netCashProvidedByOperatingActivities NaN (value=NaN)],nan
stock_CUR6K@718712e8d985,AXB.L,2021-07-01,3832.75018127413,2350082857600.0,primary_input_absent [netCashProvidedByOperatingActivities NaN (value=NaN)],nan
stock_CUR6K@718712e8d985,AXB.L,2021-10-01,3392.7498893934085,2081386305649.9998,primary_input_absent [netCashProvidedByOperatingActivities NaN (value=NaN)],nan
stock_CUR6K@718712e8d985,AXB.L,2022-01-01,3805.74993177143,2335107728200.0,primary_input_absent [netCashProvidedByOperatingActivities NaN (value=NaN)],nan
stock_CUR6K@718712e8d985,AXB.L,2022-04-01,3184.0002385570524,1954842271999.9998,primary_input_absent [netCashProvidedByOperatingActivities NaN (value=NaN)],nan
stock_CUR6K@718712e8d985,AXB.L,2022-07-01,3665.9995576235965,2248146638400.0,primary_input_absent [netCashProvidedByOperatingActivities NaN (value=NaN)],nan
stock_CUR6K@718712e8d985,AXB.L,2022-10-01,4670.632135869591,2871234562500.0,primary_input_absent [netCashProvidedByOperatingActivities NaN (value=NaN)],nan
stock_CUR6K@718712e8d985,AXB.L,2023-01-01,4292.499776738924,2640934011500.0,primary_input_absent [netCashProvidedByOperatingActivities NaN (value=NaN)],nan
stock_CUR6K@718712e8d985,AXB.L,2023-04-01,4937.250104263119,3039365175300.0,primary_input_absent [netCashProvidedByOperatingActivities NaN (value=NaN)],nan
stock_CUR6K@718712e8d985,AXB.L,2023-07-01,5193.469106950497,3193565753700.0,primary_input_absent [netCashProvidedByOperatingActivities NaN (value=NaN)],nan
stock_CUR6K@718712e8d985,AXB.L,2023-10-01,5488.500641001094,3383616342000.0,primary_input_absent [netCashProvidedByOperatingActivities NaN (value=NaN)],nan
stock_CUR6K@718712e8d985,AXB.L,2024-01-01,5305.360779941129,3270351501199.9995,primary_input_absent [netCashProvidedByOperatingActivities NaN (value=NaN)],nan
stock_CUR6K@718712e8d985,AXB.L,2024-04-01,6322.557004760166,3897375626200.0005,primary_input_absent [netCashProvidedByOperatingActivities NaN (value=NaN)],nan
stock_CUR6K@718712e8d985,AXB.L,2024-07-01,6179.92404805783,3809453501400.0,primary_input_absent [netCashProvidedByOperatingActivities NaN (value=NaN)],nan
stock_CUR6K@718712e8d985,AXB.L,2024-10-01,5323.496559062638,3294408581100.0,primary_input_absent [netCashProvidedByOperatingActivities NaN (value=NaN)],nan
stock_CUR6K@718712e8d985,AXB.L,2025-01-01,5735.386422832167,3548317253599.9995,primary_input_absent [netCashProvidedByOperatingActivities NaN (value=NaN)],nan
stock_CUR6K@718712e8d985,AXB.L,2025-04-01,5996.0,3715865104000.0,primary_input_absent [netCashProvidedByOperatingActivities NaN (value=NaN)],nan
stock_CUR6K@718712e8d985,AXB.L,2025-10-01,6347.002045156489,3939495311400.0005,primary_input_absent [netCashProvidedByOperatingActivities NaN (value=NaN)],nan
stock_CUR6K@718712e8d985,AXB.L,2026-01-01,5965.49807993125,3706865058899.9995,primary_input_absent [netCashProvidedByOperatingActivities NaN (value=NaN)],nan
stock_CUR6K@718712e8d985,AXB.L,2026-04-01,6728.497835719237,4183625198800.0,primary_input_absent [netCashProvidedByOperatingActivities NaN (value=NaN)],nan
stock_CUR6K@718712e8d985,B8FK.DE,2009-10-01,,,primary_input_absent [netCashProvidedByOperatingActivities NaN (value=NaN)],nan
stock_CUR6K@718712e8d985,B8FK.DE,2010-04-01,,,primary_input_absent [netCashProvidedByOperatingActivities NaN (value=NaN)],nan
stock_CUR6K@718712e8d985,B8FK.DE,2010-10-01,,,primary_input_absent [netCashProvidedByOperatingActivities NaN (value=NaN)],nan
stock_CUR6K@718712e8d985,B8FK.DE,2011-04-01,,,primary_input_absent [netCashProvidedByOperatingActivities NaN (value=NaN)],nan
stock_CUR6K@718712e8d985,B8FK.DE,2011-10-01,,,primary_input_absent [netCashProvidedByOperatingActivities NaN (value=NaN)],nan
stock_CUR6K@718712e8d985,B8FK.DE,2012-04-01,,,primary_input_absent [netCashProvidedByOperatingActivities NaN (value=NaN)],nan
stock_CUR6K@718712e8d985,B8FK.DE,2012-10-01,,,primary_input_absent [netCashProvidedByOperatingActivities NaN (value=NaN)],nan
stock_CUR6K@718712e8d985,B8FK.DE,2013-04-01,,,primary_input_absent [netCashProvidedByOperatingActivities NaN (value=NaN)],nan
stock_CUR6K@718712e8d985,B8FK.DE,2013-10-01,,,primary_input_absent [netCashProvidedByOperatingActivities NaN (value=NaN)],nan
stock_CUR6K@718712e8d985,B8FK.DE,2014-01-01,,,primary_input_absent [netCashProvidedByOperatingActivities NaN (value=NaN)],nan
stock_CUR6K@718712e8d985,B8FK.DE,2014-04-01,,,primary_input_absent [netCashProvidedByOperatingActivities NaN (value=NaN)],nan
stock_CUR6K@718712e8d985,B8FK.DE,2014-07-01,,,primary_input_absent [netCashProvidedByOperatingActivities NaN (value=NaN)],nan
stock_CUR6K@718712e8d985,B8FK.DE,2014-10-01,,,primary_input_absent [netCashProvidedByOperatingActivities NaN (value=NaN)],nan
stock_CUR6K@718712e8d985,B8FK.DE,2015-01-01,,,primary_input_absent [netCashProvidedByOperatingActivities NaN (value=NaN)],nan
stock_CUR6K@718712e8d985,B8FK.DE,2015-04-01,,,primary_input_absent [netCashProvidedByOperatingActivities NaN (value=NaN)],nan
stock_CUR6K@718712e8d985,B8FK.DE,2015-07-01,,,primary_input_absent [netCashProvidedByOperatingActivities NaN (value=NaN)],nan
stock_CUR6K@718712e8d985,B8FK.DE,2015-10-01,,,primary_input_absent [netCashProvidedByOperatingActivities NaN (value=NaN)],nan
stock_CUR6K@718712e8d985,B8FK.DE,2016-01-01,,,primary_input_absent [netCashProvidedByOperatingActivities NaN (value=NaN)],nan
stock_CUR6K@718712e8d985,B8FK.DE,2016-04-01,,,primary_input_absent [netCashProvidedByOperatingActivities NaN (value=NaN)],nan
stock_CUR6K@718712e8d985,B8FK.DE,2016-07-01,,,primary_input_absent [netCashProvidedByOperatingActivities NaN (value=NaN)],nan
stock_CUR6K@718712e8d985,B8FK.DE,2016-10-01,,,primary_input_absent [netCashProvidedByOperatingActivities NaN (value=NaN)],nan
stock_CUR6K@718712e8d985,B8FK.DE,2017-01-01,,,primary_input_absent [netCashProvidedByOperatingActivities NaN (value=NaN)],nan
stock_CUR6K@718712e8d985,B8FK.DE,2017-04-01,,,primary_input_absent [netCashProvidedByOperatingActivities NaN (value=NaN)],nan
stock_CUR6K@718712e8d985,B8FK.DE,2017-07-01,,,primary_input_absent [netCashProvidedByOperatingActivities NaN (value=NaN)],nan
stock_CUR6K@718712e8d985,B8FK.DE,2017-10-01,,,primary_input_absent [netCashProvidedByOperatingActivities NaN (value=NaN)],nan
stock_CUR6K@718712e8d985,B8FK.DE,2018-01-01,,,primary_input_absent [netCashProvidedByOperatingActivities NaN (value=NaN)],nan
stock_CUR6K@718712e8d985,B8FK.DE,2018-04-01,,,primary_input_absent [netCashProvidedByOperatingActivities NaN (value=NaN)],nan
stock_CUR6K@718712e8d985,B8FK.DE,2018-07-01,,,primary_input_absent [netCashProvidedByOperatingActivities NaN (value=NaN)],nan
stock_CUR6K@718712e8d985,B8FK.DE,2018-10-01,,,primary_input_absent [netCashProvidedByOperatingActivities NaN (value=NaN)],nan
stock_CUR6K@718712e8d985,B8FK.DE,2019-01-01,,,primary_input_absent [netCashProvidedByOperatingActivities NaN (value=NaN)],nan
stock_CUR6K@718712e8d985,B8FK.DE,2019-04-01,,,primary_input_absent [netCashProvidedByOperatingActivities NaN (value=NaN)],nan
stock_CUR6K@718712e8d985,B8FK.DE,2019-07-01,,,primary_input_absent [netCashProvidedByOperatingActivities NaN (value=NaN)],nan
stock_CUR6K@718712e8d985,B8FK.DE,2019-10-01,,,primary_input_absent [netCashProvidedByOperatingActivities NaN (value=NaN)],nan
stock_CUR6K@718712e8d985,B8FK.DE,2020-01-01,1.347860898503665,52942050.0,primary_input_absent [netCashProvidedByOperatingActivities NaN (value=NaN)],nan
stock_CUR6K@718712e8d985,B8FK.DE,2020-04-01,1.167167026779532,52346700.0,primary_input_absent [netCashProvidedByOperatingActivities NaN (value=NaN)],nan
stock_CUR6K@718712e8d985,B8FK.DE,2020-07-01,1.0622407328289925,51156000.0,primary_input_absent [netCashProvidedByOperatingActivities NaN (value=NaN)],nan
stock_CUR6K@718712e8d985,B8FK.DE,2020-10-01,0.7866332109718833,35280000.0,primary_input_absent [netCashProvidedByOperatingActivities NaN (value=NaN)],nan
stock_CUR6K@718712e8d985,B8FK.DE,2021-01-01,0.6228243779155246,35279911.800000004,primary_input_absent [netCashProvidedByOperatingActivities NaN (value=NaN)],nan
stock_CUR6K@718712e8d985,B8FK.DE,2021-04-01,0.6476932715856197,35097778.800000004,primary_input_absent [netCashProvidedByOperatingActivities NaN (value=NaN)],nan
stock_CUR6K@718712e8d985,B8FK.DE,2021-07-01,0.5950599700020959,35280000.0,primary_input_absent [netCashProvidedByOperatingActivities NaN (value=NaN)],nan
stock_CUR6K@718712e8d985,B8FK.DE,2021-10-01,1.4850828542253844,84230016.0,primary_input_absent [netCashProvidedByOperatingActivities NaN (value=NaN)],nan
stock_CUR6K@718712e8d985,B8FK.DE,2022-01-01,1.0135014982206405,56958784.199999996,primary_input_absent [netCashProvidedByOperatingActivities NaN (value=NaN)],nan
stock_CUR6K@718712e8d985,B8FK.DE,2022-04-01,0.6157316077304902,35011672.800000004,primary_input_absent [netCashProvidedByOperatingActivities NaN (value=NaN)],nan
stock_CUR6K@718712e8d985,B8FK.DE,2022-07-01,0.4208485185185185,23862111.0,primary_input_absent [netCashProvidedByOperatingActivities NaN (value=NaN)],nan
stock_CUR6K@718712e8d985,B8FK.DE,2022-10-01,0.3837033671102654,24482983.0,primary_input_absent [netCashProvidedByOperatingActivities NaN (value=NaN)],nan
stock_CUR6K@718712e8d985,B8FK.DE,2023-01-01,0.2552443336284208,16286389.999999998,primary_input_absent [netCashProvidedByOperatingActivities NaN (value=NaN)],nan
stock_CUR6K@718712e8d985,B8FK.DE,2023-04-01,0.22178871810701567,14151685.6,primary_input_absent [netCashProvidedByOperatingActivities NaN (value=NaN)],nan
stock_CUR6K@718712e8d985,B8FK.DE,2023-07-01,0.19081827984718241,11987204.34,primary_input_absent [netCashProvidedByOperatingActivities NaN (value=NaN)],nan
stock_CUR6K@718712e8d985,B8FK.DE,2023-10-01,0.0929193130954259,5928908.0,primary_input_absent [netCashProvidedByOperatingActivities NaN (value=NaN)],nan
stock_CUR6K@718712e8d985,B8FK.DE,2024-01-01,0.10903650439423174,6957298.56,primary_input_absent [netCashProvidedByOperatingActivities NaN (value=NaN)],nan
stock_CUR6K@718712e8d985,B8FK.DE,2025-07-01,1.7213655147910532,10615087.915,primary_input_absent [netCashProvidedByOperatingActivities NaN (value=NaN)],nan
stock_CUR6K@718712e8d985,B8FK.DE,2025-10-01,1.089523838826699,6639544.109999999,primary_input_absent [netCashProvidedByOperatingActivities NaN (value=NaN)],nan
stock_CUR6K@718712e8d985,B8FK.DE,2026-01-01,1.5466595692665377,9451808.307,primary_input_absent [netCashProvidedByOperatingActivities NaN (value=NaN)],nan
stock_CUR6K@718712e8d985,BARC.L,2000-04-01,,,primary_input_absent [netCashProvidedByOperatingActivities NaN (value=NaN)],nan
stock_CUR6K@718712e8d985,BARC.L,2000-10-01,,,primary_input_absent [netCashProvidedByOperatingActivities NaN (value=NaN)],nan
stock_CUR6K@718712e8d985,BARC.L,2001-04-01,,,primary_input_absent [netCashProvidedByOperatingActivities NaN (value=NaN)],nan
stock_CUR6K@718712e8d985,BARC.L,2001-10-01,,,primary_input_absent [netCashProvidedByOperatingActivities NaN (value=NaN)],nan
stock_CUR6K@718712e8d985,BARC.L,2002-04-01,,,primary_input_absent [netCashProvidedByOperatingActivities NaN (value=NaN)],nan
stock_CUR6K@718712e8d985,BARC.L,2002-10-01,,,primary_input_absent [netCashProvidedByOperatingActivities NaN (value=NaN)],nan
stock_CUR6K@718712e8d985,BARC.L,2003-04-01,,,primary_input_absent [netCashProvidedByOperatingActivities NaN (value=NaN)],nan
stock_CUR6K@718712e8d985,BARC.L,2003-10-01,,,primary_input_absent [netCashProvidedByOperatingActivities NaN (value=NaN)],nan
stock_CUR6K@718712e8d985,BARC.L,2004-04-01,,,primary_input_absent [netCashProvidedByOperatingActivities NaN (value=NaN)],nan
stock_CUR6K@718712e8d985,BARC.L,2004-10-01,,,primary_input_absent [netCashProvidedByOperatingActivities NaN (value=NaN)],nan
stock_CUR6K@718712e8d985,BARC.L,2005-04-01,,,primary_input_absent [netCashProvidedByOperatingActivities NaN (value=NaN)],nan
stock_CUR6K@718712e8d985,BARC.L,2005-10-01,,,primary_input_absent [netCashProvidedByOperatingActivities NaN (value=NaN)],nan
stock_CUR6K@718712e8d985,BARC.L,2006-04-01,,,primary_input_absent [netCashProvidedByOperatingActivities NaN (value=NaN)],nan
stock_CUR6K@718712e8d985,BARC.L,2006-10-01,6.711,79115777670.0,primary_input_absent [netCashProvidedByOperatingActivities NaN (value=NaN)],nan
stock_CUR6K@718712e8d985,BARC.L,2007-04-01,6.2612,73813098964.0,primary_input_absent [netCashProvidedByOperatingActivities NaN (value=NaN)],nan
stock_CUR6K@718712e8d985,BARC.L,2007-10-01,4.534,53451189980.0,primary_input_absent [netCashProvidedByOperatingActivities NaN (value=NaN)],nan
stock_CUR6K@718712e8d985,BARC.L,2008-04-01,2.6927,31744159519.0,primary_input_absent [netCashProvidedByOperatingActivities NaN (value=NaN)],nan
stock_CUR6K@718712e8d985,BARC.L,2008-10-01,1.4169999999999998,16704970489.999998,primary_input_absent [netCashProvidedByOperatingActivities NaN (value=NaN)],nan
stock_CUR6K@718712e8d985,BARC.L,2009-04-01,,0.0,primary_input_absent [netCashProvidedByOperatingActivities NaN (value=NaN)],nan
stock_CUR6K@718712e8d985,BARC.L,2009-10-01,,0.0,primary_input_absent [netCashProvidedByOperatingActivities NaN (value=NaN)],nan
stock_CUR6K@718712e8d985,BARC.L,2010-04-01,2.4992,38109858441.6,primary_input_absent [netCashProvidedByOperatingActivities NaN (value=NaN)],nan
stock_CUR6K@718712e8d985,BARC.L,2010-10-01,2.417,31152019320.999996,primary_input_absent [netCashProvidedByOperatingActivities NaN (value=NaN)],nan
stock_CUR6K@718712e8d985,BARC.L,2011-04-01,2.3689,30532072225.7,primary_input_absent [netCashProvidedByOperatingActivities NaN (value=NaN)],nan
stock_CUR6K@718712e8d985,BARC.L,2011-10-01,1.6262,21465677380.0,primary_input_absent [netCashProvidedByOperatingActivities NaN (value=NaN)],nan
stock_CUR6K@718712e8d985,BARC.L,2012-04-01,1.5042999999999997,19916695824.899998,primary_input_absent [netCashProvidedByOperatingActivities NaN (value=NaN)],nan
stock_CUR6K@718712e8d985,BARC.L,2012-07-01,2.0539,27193313537.7,primary_input_absent [netCashProvidedByOperatingActivities NaN (value=NaN)],nan
stock_CUR6K@718712e8d985,BARC.L,2013-01-01,2.7481,36596447700.0,primary_input_absent [netCashProvidedByOperatingActivities NaN (value=NaN)],nan
stock_CUR6K@718712e8d985,BARC.L,2013-04-01,2.628,35625459708.0,primary_input_absent [netCashProvidedByOperatingActivities NaN (value=NaN)],nan
stock_CUR6K@718712e8d985,BARC.L,2013-07-01,2.655,35991474705.0,primary_input_absent [netCashProvidedByOperatingActivities NaN (value=NaN)],nan
stock_CUR6K@718712e8d985,BARC.L,2013-10-01,2.7195,44799354190.5,primary_input_absent [netCashProvidedByOperatingActivities NaN (value=NaN)],nan
stock_CUR6K@718712e8d985,BARC.L,2014-01-01,2.334,37537722000.0,primary_input_absent [netCashProvidedByOperatingActivities NaN (value=NaN)],nan
stock_CUR6K@718712e8d985,BARC.L,2014-04-01,2.128,33933088000.0,primary_input_absent [netCashProvidedByOperatingActivities NaN (value=NaN)],nan
stock_CUR6K@718712e8d985,BARC.L,2014-07-01,2.2744999999999997,36470431583.49999,primary_input_absent [netCashProvidedByOperatingActivities NaN (value=NaN)],nan
stock_CUR6K@718712e8d985,BARC.L,2014-10-01,2.435,39043966105.0,primary_input_absent [netCashProvidedByOperatingActivities NaN (value=NaN)],nan
stock_CUR6K@718712e8d985,BARC.L,2015-01-01,2.426,38899655758.0,primary_input_absent [netCashProvidedByOperatingActivities NaN (value=NaN)],nan
stock_CUR6K@718712e8d985,BARC.L,2015-04-01,2.605,41769828215.0,primary_input_absent [netCashProvidedByOperatingActivities NaN (value=NaN)],nan
stock_CUR6K@718712e8d985,BARC.L,2015-07-01,2.4415,40974437127.5,primary_input_absent [netCashProvidedByOperatingActivities NaN (value=NaN)],nan
stock_CUR6K@718712e8d985,BARC.L,2015-10-01,2.189,36786145000.0,primary_input_absent [netCashProvidedByOperatingActivities NaN (value=NaN)],nan
stock_CUR6K@718712e8d985,BARC.L,2016-01-01,1.5,25261500000.0,primary_input_absent [netCashProvidedByOperatingActivities NaN (value=NaN)],nan
stock_CUR6K@718712e8d985,BARC.L,2016-04-01,1.386,22227333282.0,primary_input_absent [netCashProvidedByOperatingActivities NaN (value=NaN)],nan
stock_CUR6K@718712e8d985,BARC.L,2016-07-01,1.6780000000000002,28002883500.000004,primary_input_absent [netCashProvidedByOperatingActivities NaN (value=NaN)],nan
stock_CUR6K@718712e8d985,BARC.L,2016-10-01,2.2344999999999997,37816677999.99999,primary_input_absent [netCashProvidedByOperatingActivities NaN (value=NaN)],nan
stock_CUR6K@718712e8d985,BARC.L,2017-01-01,2.251,38095924000.0,primary_input_absent [netCashProvidedByOperatingActivities NaN (value=NaN)],nan
stock_CUR6K@718712e8d985,BARC.L,2017-04-01,2.0275,34313409999.999996,primary_input_absent [netCashProvidedByOperatingActivities NaN (value=NaN)],nan
stock_CUR6K@718712e8d985,BARC.L,2017-07-01,1.9335,32877234000.0,primary_input_absent [netCashProvidedByOperatingActivities NaN (value=NaN)],nan
stock_CUR6K@718712e8d985,BARC.L,2017-10-01,2.032,34548064000.0,primary_input_absent [netCashProvidedByOperatingActivities NaN (value=NaN)],nan
stock_CUR6K@718712e8d985,BARC.L,2018-01-01,2.065,35181405000.0,primary_input_absent [netCashProvidedByOperatingActivities NaN (value=NaN)],nan
stock_CUR6K@718712e8d985,BARC.L,2018-04-01,1.89,32199930000.0,primary_input_absent [netCashProvidedByOperatingActivities NaN (value=NaN)],nan
stock_CUR6K@718712e8d985,BARC.L,2018-07-01,1.724,29459712000.0,primary_input_absent [netCashProvidedByOperatingActivities NaN (value=NaN)],nan
stock_CUR6K@718712e8d985,BARC.L,2018-10-01,1.5052,25705805600.0,primary_input_absent [netCashProvidedByOperatingActivities NaN (value=NaN)],nan
stock_CUR6K@718712e8d985,BARC.L,2019-01-01,1.5832,27090135200.0,primary_input_absent [netCashProvidedByOperatingActivities NaN (value=NaN)],nan
stock_CUR6K@718712e8d985,BARC.L,2019-04-01,1.5252000000000001,26199885600.000004,primary_input_absent [netCashProvidedByOperatingActivities NaN (value=NaN)],nan
stock_CUR6K@718712e8d985,BARC.L,2019-07-01,1.504,25856768000.0,primary_input_absent [netCashProvidedByOperatingActivities NaN (value=NaN)],nan
stock_CUR6K@718712e8d985,BARC.L,2019-10-01,1.7963999999999998,30883708799.999996,primary_input_absent [netCashProvidedByOperatingActivities NaN (value=NaN)],nan
stock_CUR6K@718712e8d985,BARC.L,2020-01-01,0.9411,16267854600.0,primary_input_absent [netCashProvidedByOperatingActivities NaN (value=NaN)],nan
stock_CUR6K@718712e8d985,BARC.L,2020-04-01,1.1442,19787794800.0,primary_input_absent [netCashProvidedByOperatingActivities NaN (value=NaN)],nan
stock_CUR6K@718712e8d985,BARC.L,2020-07-01,0.9761,16884577800.0,primary_input_absent [netCashProvidedByOperatingActivities NaN (value=NaN)],nan
stock_CUR6K@718712e8d985,BARC.L,2020-10-01,1.4668,25372706400.0,primary_input_absent [netCashProvidedByOperatingActivities NaN (value=NaN)],nan
stock_CUR6K@718712e8d985,BARC.L,2021-01-01,1.8592,32084214400.0,primary_input_absent [netCashProvidedByOperatingActivities NaN (value=NaN)],nan
stock_CUR6K@718712e8d985,BARC.L,2021-04-01,1.7112,29068154400.0,primary_input_absent [netCashProvidedByOperatingActivities NaN (value=NaN)],nan
stock_CUR6K@718712e8d985,BARC.L,2021-07-01,1.896,32349552000.0,primary_input_absent [netCashProvidedByOperatingActivities NaN (value=NaN)],nan
stock_CUR6K@718712e8d985,BARC.L,2021-10-01,1.87,31329980000.0,primary_input_absent [netCashProvidedByOperatingActivities NaN (value=NaN)],nan
stock_CUR6K@718712e8d985,BARC.L,2022-01-01,1.483,24739406000.0,primary_input_absent [netCashProvidedByOperatingActivities NaN (value=NaN)],nan
stock_CUR6K@718712e8d985,BARC.L,2022-04-01,1.5312000000000003,25543478400.000004,primary_input_absent [netCashProvidedByOperatingActivities NaN (value=NaN)],nan
stock_CUR6K@718712e8d985,BARC.L,2022-07-01,1.443,23291463000.0,primary_input_absent [netCashProvidedByOperatingActivities NaN (value=NaN)],nan
stock_CUR6K@718712e8d985,BARC.L,2022-10-01,1.5852000000000002,25891071600.000004,primary_input_absent [netCashProvidedByOperatingActivities NaN (value=NaN)],nan
stock_CUR6K@718712e8d985,BARC.L,2023-01-01,1.4580000000000002,22992660000.000004,primary_input_absent [netCashProvidedByOperatingActivities NaN (value=NaN)],nan
stock_CUR6K@718712e8d985,BARC.L,2023-04-01,1.5338,23809177400.0,primary_input_absent [netCashProvidedByOperatingActivities NaN (value=NaN)],nan
stock_CUR6K@718712e8d985,BARC.L,2023-07-01,1.5894,24484707000.0,primary_input_absent [netCashProvidedByOperatingActivities NaN (value=NaN)],nan
stock_CUR6K@718712e8d985,BARC.L,2023-10-01,1.5528,23982996000.0,primary_input_absent [netCashProvidedByOperatingActivities NaN (value=NaN)],nan
stock_CUR6K@718712e8d985,BARC.L,2024-01-01,1.8412,27586699600.0,primary_input_absent [netCashProvidedByOperatingActivities NaN (value=NaN)],nan
stock_CUR6K@718712e8d985,BARC.L,2024-04-01,2.1319999999999997,31798779999.999996,primary_input_absent [netCashProvidedByOperatingActivities NaN (value=NaN)],nan
stock_CUR6K@718712e8d985,BARC.L,2024-07-01,2.2455000000000003,32892084000.000004,primary_input_absent [netCashProvidedByOperatingActivities NaN (value=NaN)],nan
stock_CUR6K@718712e8d985,BARC.L,2024-10-01,2.6815,39565532500.0,primary_input_absent [netCashProvidedByOperatingActivities NaN (value=NaN)],nan
stock_CUR6K@718712e8d985,BARC.L,2025-01-01,2.878,41195692000.0,primary_input_absent [netCashProvidedByOperatingActivities NaN (value=NaN)],nan
stock_CUR6K@718712e8d985,BARC.L,2025-04-01,3.373,47933703000.0,primary_input_absent [netCashProvidedByOperatingActivities NaN (value=NaN)],nan
stock_CUR6K@718712e8d985,BARC.L,2025-07-01,3.796,53314820000.0,primary_input_absent [netCashProvidedByOperatingActivities NaN (value=NaN)],nan
stock_CUR6K@718712e8d985,BARC.L,2025-10-01,4.7595,66058099995.0,primary_input_absent [netCashProvidedByOperatingActivities NaN (value=NaN)],nan
stock_CUR6K@718712e8d985,BARC.L,2026-01-01,3.8945,53459801500.0,primary_input_absent [netCashProvidedByOperatingActivities NaN (value=NaN)],nan
stock_CUR6K@718712e8d985,BARC.L,2026-04-01,5.066,69540982000.0,primary_input_absent [netCashProvidedByOperatingActivities NaN (value=NaN)],nan
stock_CUR6K@718712e8d985,BDT.DE,2009-07-01,17.75,177908250.0,primary_input_absent [totalAssets impossible: <= 0 (value=0)],nan
stock_CUR6K@718712e8d985,BDT.DE,2009-10-01,21.9,219503700.0,primary_input_absent [totalAssets impossible: <= 0 (value=0)],nan
stock_CUR6K@718712e8d985,BDT.DE,2010-01-01,26.05,261099150.0,primary_input_absent [totalAssets impossible: <= 0 (value=0)],nan
stock_CUR6K@718712e8d985,BDT.DE,2010-04-01,29.09,292063600.0,primary_input_absent [totalAssets impossible: <= 0 (value=0)],nan
stock_CUR6K@718712e8d985,BDT.DE,2010-07-01,43.51,436840400.0,primary_input_absent [totalAssets impossible: <= 0 (value=0)],nan
stock_CUR6K@718712e8d985,BDT.DE,2010-10-01,55.11,553304400.0,primary_input_absent [totalAssets impossible: <= 0 (value=0)],nan
stock_CUR6K@718712e8d985,BDT.DE,2011-01-01,47.5,476900000.0,primary_input_absent [totalAssets impossible: <= 0 (value=0)],nan
stock_CUR6K@718712e8d985,BDT.DE,2011-04-01,52.2,524557800.0,primary_input_absent [totalAssets impossible: <= 0 (value=0)],nan
stock_CUR6K@718712e8d985,BDT.DE,2011-07-01,35.92,360960080.0,primary_input_absent [totalAssets impossible: <= 0 (value=0)],nan
stock_CUR6K@718712e8d985,BDT.DE,2011-10-01,50.71,509584790.0,primary_input_absent [totalAssets impossible: <= 0 (value=0)],nan
stock_CUR6K@718712e8d985,BDT.DE,2012-01-01,56.5,567768500.0,primary_input_absent [totalAssets impossible: <= 0 (value=0)],nan
stock_CUR6K@718712e8d985,BDT.DE,2012-04-01,59.02,593800220.0,primary_input_absent [totalAssets impossible: <= 0 (value=0)],nan
stock_CUR6K@718712e8d985,BDT.DE,2012-07-01,57.92,582733120.0,primary_input_absent [totalAssets impossible: <= 0 (value=0)],nan
stock_CUR6K@718712e8d985,BDT.DE,2012-10-01,78.15,786267150.0,primary_input_absent [totalAssets impossible: <= 0 (value=0)],nan
stock_CUR6K@718712e8d985,BDT.DE,2013-01-01,92.3,928630300.0,primary_input_absent [totalAssets impossible: <= 0 (value=0)],nan
stock_CUR6K@718712e8d985,BDT.DE,2013-04-01,82.23,827973870.0,primary_input_absent [totalAssets impossible: <= 0 (value=0)],nan
stock_CUR6K@718712e8d985,BDT.DE,2013-07-01,93.06,937021140.0,primary_input_absent [totalAssets impossible: <= 0 (value=0)],nan
stock_CUR6K@718712e8d985,BDT.DE,2013-10-01,111.0,1117659000.0,primary_input_absent [totalAssets impossible: <= 0 (value=0)],nan
stock_CUR6K@718712e8d985,BDT.DE,2014-01-01,111.2,1119672800.0,primary_input_absent [totalAssets impossible: <= 0 (value=0)],nan
stock_CUR6K@718712e8d985,BDT.DE,2014-04-01,116.2,1170831200.0,primary_input_absent [totalAssets impossible: <= 0 (value=0)],nan
stock_CUR6K@718712e8d985,BDT.DE,2014-07-01,101.3,1020698800.0,primary_input_absent [totalAssets impossible: <= 0 (value=0)],nan
stock_CUR6K@718712e8d985,BDT.DE,2014-10-01,115.0,1158740000.0,primary_input_absent [totalAssets impossible: <= 0 (value=0)],nan
stock_CUR6K@718712e8d985,BDT.DE,2015-01-01,135.6,1366305600.0,primary_input_absent [totalAssets impossible: <= 0 (value=0)],nan
stock_CUR6K@718712e8d985,BDT.DE,2015-04-01,117.75,1187273250.0,primary_input_absent [totalAssets impossible: <= 0 (value=0)],nan
stock_CUR6K@718712e8d985,BDT.DE,2015-07-01,93.23,940038090.0,primary_input_absent [totalAssets impossible: <= 0 (value=0)],nan
stock_CUR6K@718712e8d985,BDT.DE,2015-10-01,111.25,1121733750.0,primary_input_absent [totalAssets impossible: <= 0 (value=0)],nan
stock_CUR6K@718712e8d985,BDT.DE,2016-01-01,100.85,1016870550.0,primary_input_absent [totalAssets impossible: <= 0 (value=0)],nan
stock_CUR6K@718712e8d985,BDT.DE,2016-04-01,88.0,888008000.0,primary_input_absent [totalAssets impossible: <= 0 (value=0)],nan
stock_CUR6K@718712e8d985,BDT.DE,2016-07-01,97.01,978927910.0,primary_input_absent [totalAssets impossible: <= 0 (value=0)],nan
stock_CUR6K@718712e8d985,BDT.DE,2016-10-01,96.68,975597880.0000001,primary_input_absent [totalAssets impossible: <= 0 (value=0)],nan
stock_CUR6K@718712e8d985,BDT.DE,2017-01-01,91.13,919592830.0,primary_input_absent [totalAssets impossible: <= 0 (value=0)],nan
stock_CUR6K@718712e8d985,BDT.DE,2017-04-01,87.76,885586160.0,primary_input_absent [totalAssets impossible: <= 0 (value=0)],nan
stock_CUR6K@718712e8d985,BDT.DE,2017-07-01,85.18,859551380.0000001,primary_input_absent [totalAssets impossible: <= 0 (value=0)],nan
stock_CUR6K@718712e8d985,BDT.DE,2017-10-01,101.65,1025750150.0,primary_input_absent [totalAssets impossible: <= 0 (value=0)],nan
stock_CUR6K@718712e8d985,BDT.DE,2018-01-01,92.65,934931150.0,primary_input_absent [totalAssets impossible: <= 0 (value=0)],nan
stock_CUR6K@718712e8d985,BDT.DE,2018-04-01,81.35,820902850.0,primary_input_absent [totalAssets impossible: <= 0 (value=0)],nan
stock_CUR6K@718712e8d985,BDT.DE,2018-07-01,78.0,787410000.0,primary_input_absent [totalAssets impossible: <= 0 (value=0)],nan
stock_CUR6K@718712e8d985,BDT.DE,2018-10-01,71.15,718259250.0,primary_input_absent [totalAssets impossible: <= 0 (value=0)],nan
stock_CUR6K@718712e8d985,BDT.DE,2019-01-01,63.7,643051500.0,primary_input_absent [totalAssets impossible: <= 0 (value=0)],nan
stock_CUR6K@718712e8d985,BDT.DE,2019-04-01,63.6,642042000.0,primary_input_absent [totalAssets impossible: <= 0 (value=0)],nan
stock_CUR6K@718712e8d985,BDT.DE,2019-07-01,41.35,417428250.0,primary_input_absent [totalAssets impossible: <= 0 (value=0)],nan
stock_CUR6K@718712e8d985,BDT.DE,2019-10-01,56.3,568348500.0,primary_input_absent [totalAssets impossible: <= 0 (value=0)],nan
stock_CUR6K@718712e8d985,BDT.DE,2020-01-01,31.45,317487750.0,primary_input_absent [totalAssets impossible: <= 0 (value=0)],nan
stock_CUR6K@718712e8d985,BDT.DE,2020-04-01,35.1,354334500.0,primary_input_absent [totalAssets impossible: <= 0 (value=0)],nan
stock_CUR6K@718712e8d985,BDT.DE,2020-07-01,32.3,326068500.0,primary_input_absent [totalAssets impossible: <= 0 (value=0)],nan
stock_CUR6K@718712e8d985,BDT.DE,2020-10-01,39.6,399762000.0,primary_input_absent [totalAssets impossible: <= 0 (value=0)],nan
stock_CUR6K@718712e8d985,BDT.DE,2021-01-01,46.5,469417500.0,primary_input_absent [totalAssets impossible: <= 0 (value=0)],nan
stock_CUR6K@718712e8d985,BDT.DE,2021-04-01,56.4,569358000.0,primary_input_absent [totalAssets impossible: <= 0 (value=0)],nan
stock_CUR6K@718712e8d985,BDT.DE,2021-07-01,50.3,507778500.0,primary_input_absent [totalAssets impossible: <= 0 (value=0)],nan
stock_CUR6K@718712e8d985,BDT.DE,2021-10-01,57.0,575415000.0,primary_input_absent [totalAssets impossible: <= 0 (value=0)],nan
stock_CUR6K@718712e8d985,BDT.DE,2022-01-01,44.4,448218000.0,primary_input_absent [totalAssets impossible: <= 0 (value=0)],nan
stock_CUR6K@718712e8d985,BDT.DE,2022-07-01,33.5,338316500.0,primary_input_absent [totalAssets impossible: <= 0 (value=0)],nan
stock_CUR6K@718712e8d985,BDT.DE,2022-10-01,39.95,403495000.0,primary_input_absent [totalAssets impossible: <= 0 (value=0)],nan
stock_CUR6K@718712e8d985,BDT.DE,2023-01-01,50.0,505000000.0,primary_input_absent [totalAssets impossible: <= 0 (value=0)],nan
stock_CUR6K@718712e8d985,BDT.DE,2023-04-01,49.0,495194000.0,primary_input_absent [totalAssets impossible: <= 0 (value=0)],nan
stock_CUR6K@718712e8d985,BDT.DE,2023-07-01,44.0,444664000.0,primary_input_absent [totalAssets impossible: <= 0 (value=0)],nan
stock_CUR6K@718712e8d985,BDT.DE,2023-10-01,51.4,519448400.0,primary_input_absent [totalAssets impossible: <= 0 (value=0)],nan
stock_CUR6K@718712e8d985,BDT.DE,2024-01-01,46.4,468918400.0,primary_input_absent [totalAssets impossible: <= 0 (value=0)],nan
stock_CUR6K@718712e8d985,BDT.DE,2024-04-01,29.1,294084600.0,primary_input_absent [totalAssets impossible: <= 0 (value=0)],nan
stock_CUR6K@718712e8d985,BDT.DE,2024-07-01,20.6,208183600.0,primary_input_absent [totalAssets impossible: <= 0 (value=0)],nan
stock_CUR6K@718712e8d985,BDT.DE,2024-10-01,18.4,185950400.0,primary_input_absent [totalAssets impossible: <= 0 (value=0)],nan
stock_CUR6K@718712e8d985,BDT.DE,2025-01-01,23.2,234459200.0,primary_input_absent [totalAssets impossible: <= 0 (value=0)],nan
stock_CUR6K@718712e8d985,BDT.DE,2025-04-01,20.35,205657100.0,primary_input_absent [totalAssets impossible: <= 0 (value=0)],nan
stock_CUR6K@718712e8d985,BDT.DE,2025-07-01,18.58,187769479.99999997,primary_input_absent [totalAssets impossible: <= 0 (value=0)],nan
stock_CUR6K@718712e8d985,BDT.DE,2025-10-01,18.52,187163120.0,primary_input_absent [totalAssets impossible: <= 0 (value=0)],nan
stock_CUR6K@718712e8d985,BDT.DE,2026-01-01,14.86,150175160.0,primary_input_absent [totalAssets impossible: <= 0 (value=0)],nan
stock_CUR6K@718712e8d985,BDT.DE,2026-04-01,8.9,89943400.0,primary_input_absent [totalAssets impossible: <= 0 (value=0)],nan
stock_CUR6K@718712e8d985,BID,2005-01-01,16.96,1061594240.0,primary_input_absent [netCashProvidedByOperatingActivities NaN (value=NaN)],
stock_CUR6K@718712e8d985,BID,2005-04-01,13.7,859236600.0,primary_input_absent [netCashProvidedByOperatingActivities NaN (value=NaN)],
stock_CUR6K@718712e8d985,BID,2005-07-01,16.72,1039716479.9999999,primary_input_absent [netCashProvidedByOperatingActivities NaN (value=NaN)],
stock_CUR6K@718712e8d985,BID,2005-10-01,18.36,1087512225.12,primary_input_absent [netCashProvidedByOperatingActivities NaN (value=NaN)],
stock_CUR6K@718712e8d985,BID,2006-01-01,29.04,1658735760.0,primary_input_absent [netCashProvidedByOperatingActivities NaN (value=NaN)],
stock_CUR6K@718712e8d985,BID,2006-04-01,26.25,1533971250.0,primary_input_absent [netCashProvidedByOperatingActivities NaN (value=NaN)],
stock_CUR6K@718712e8d985,BID,2006-07-01,32.24,1920343360.0,primary_input_absent [netCashProvidedByOperatingActivities NaN (value=NaN)],
stock_CUR6K@718712e8d985,BID,2006-10-01,31.02,1865539294.74,primary_input_absent [netCashProvidedByOperatingActivities NaN (value=NaN)],
stock_CUR6K@718712e8d985,BID,2007-01-01,44.48,2809000960.0,primary_input_absent [netCashProvidedByOperatingActivities NaN (value=NaN)],
stock_CUR6K@718712e8d985,BID,2007-04-01,46.02,2920107060.0,primary_input_absent [netCashProvidedByOperatingActivities NaN (value=NaN)],
stock_CUR6K@718712e8d985,BID,2007-07-01,48.75,3101816250.0,primary_input_absent [netCashProvidedByOperatingActivities NaN (value=NaN)],
stock_CUR6K@718712e8d985,BID,2007-10-01,38.1,2431316105.1,primary_input_absent [netCashProvidedByOperatingActivities NaN (value=NaN)],
stock_CUR6K@718712e8d985,BID,2008-01-01,28.91,1861659450.0,primary_input_absent [netCashProvidedByOperatingActivities NaN (value=NaN)],
stock_CUR6K@718712e8d985,BID,2008-04-01,26.37,1701629730.0,primary_input_absent [netCashProvidedByOperatingActivities NaN (value=NaN)],
stock_CUR6K@718712e8d985,BID,2008-07-01,20.06,1295735580.0,primary_input_absent [netCashProvidedByOperatingActivities NaN (value=NaN)],
stock_CUR6K@718712e8d985,BID,2008-10-01,8.89,571162293.0300001,primary_input_absent [netCashProvidedByOperatingActivities NaN (value=NaN)],
stock_CUR6K@718712e8d985,BID,2009-01-01,9.0,584505000.0,primary_input_absent [netCashProvidedByOperatingActivities NaN (value=NaN)],
stock_CUR6K@718712e8d985,BID,2009-04-01,,,primary_input_absent [netCashProvidedByOperatingActivities NaN (value=NaN)],bookValuePerShare|earningsYield|marketCap|price
stock_CUR6K@718712e8d985,BID,2009-07-01,,,primary_input_absent [netCashProvidedByOperatingActivities NaN (value=NaN)],bookValuePerShare|earningsYield|marketCap|price
stock_CUR6K@718712e8d985,BID,2009-10-01,22.48,1483567600.0,primary_input_absent [netCashProvidedByOperatingActivities NaN (value=NaN)],
stock_CUR6K@718712e8d985,BID,2010-01-01,31.09,2051784550.0,primary_input_absent [netCashProvidedByOperatingActivities NaN (value=NaN)],
stock_CUR6K@718712e8d985,BID,2010-04-01,22.87,1513239290.0,primary_input_absent [netCashProvidedByOperatingActivities NaN (value=NaN)],
stock_CUR6K@718712e8d985,BID,2010-07-01,36.82,2438883160.0,primary_input_absent [netCashProvidedByOperatingActivities NaN (value=NaN)],
stock_CUR6K@718712e8d985,BID,2010-10-01,45.0,3013560000.0,primary_input_absent [netCashProvidedByOperatingActivities NaN (value=NaN)],
stock_CUR6K@718712e8d985,BID,2011-01-01,52.6,3522516800.0,primary_input_absent [netCashProvidedByOperatingActivities NaN (value=NaN)],
stock_CUR6K@718712e8d985,BID,2011-04-01,43.5,2922678000.0,primary_input_absent [netCashProvidedByOperatingActivities NaN (value=NaN)],
stock_CUR6K@718712e8d985,BID,2011-07-01,27.57,1854440910.0,primary_input_absent [netCashProvidedByOperatingActivities NaN (value=NaN)],
stock_CUR6K@718712e8d985,BID,2011-10-01,28.53,1919555460.0,primary_input_absent [netCashProvidedByOperatingActivities NaN (value=NaN)],
stock_CUR6K@718712e8d985,BID,2012-01-01,39.34,2653758380.0,primary_input_absent [netCashProvidedByOperatingActivities NaN (value=NaN)],
stock_CUR6K@718712e8d985,BID,2012-04-01,33.36,2255302800.0,primary_input_absent [netCashProvidedByOperatingActivities NaN (value=NaN)],
stock_CUR6K@718712e8d985,BID,2012-07-01,31.29,2117112690.0,primary_input_absent [netCashProvidedByOperatingActivities NaN (value=NaN)],
stock_CUR6K@718712e8d985,BID,2012-10-01,33.62,2275771420.0,primary_input_absent [netCashProvidedByOperatingActivities NaN (value=NaN)],
stock_CUR6K@718712e8d985,BID,2013-01-01,37.28,2539849120.0,primary_input_absent [netCashProvidedByOperatingActivities NaN (value=NaN)],
stock_CUR6K@718712e8d985,BID,2013-04-01,38.47,2620922630.0,primary_input_absent [netCashProvidedByOperatingActivities NaN (value=NaN)],
stock_CUR6K@718712e8d985,BID,2013-07-01,49.13,3350960780.0,primary_input_absent [netCashProvidedByOperatingActivities NaN (value=NaN)],
stock_CUR6K@718712e8d985,BID,2013-10-01,53.2,3637496800.0,primary_input_absent [netCashProvidedByOperatingActivities NaN (value=NaN)],
stock_CUR6K@718712e8d985,BID,2014-01-01,43.55,3011177650.0,primary_input_absent [netCashProvidedByOperatingActivities NaN (value=NaN)],
stock_CUR6K@718712e8d985,BID,2014-04-01,41.99,2899031590.0,primary_input_absent [netCashProvidedByOperatingActivities NaN (value=NaN)],
stock_CUR6K@718712e8d985,BID,2014-07-01,35.72,2465537280.0,primary_input_absent [netCashProvidedByOperatingActivities NaN (value=NaN)],
stock_CUR6K@718712e8d985,BID,2014-10-01,43.18,2980110880.0,primary_input_absent [netCashProvidedByOperatingActivities NaN (value=NaN)],
stock_CUR6K@718712e8d985,BID,2015-01-01,42.26,2919743400.0,primary_input_absent [netCashProvidedByOperatingActivities NaN (value=NaN)],
stock_CUR6K@718712e8d985,BID,2015-04-01,45.24,3131105640.0,primary_input_absent [netCashProvidedByOperatingActivities NaN (value=NaN)],
stock_CUR6K@718712e8d985,BID,2015-07-01,31.98,2199872220.0,primary_input_absent [netCashProvidedByOperatingActivities NaN (value=NaN)],
stock_CUR6K@718712e8d985,BID,2015-10-01,25.76,1754796960.0,primary_input_absent [netCashProvidedByOperatingActivities NaN (value=NaN)],
stock_CUR6K@718712e8d985,BID,2016-01-01,26.73,1684578060.0,primary_input_absent [netCashProvidedByOperatingActivities NaN (value=NaN)],
stock_CUR6K@718712e8d985,BID,2016-04-01,27.4,1645726200.0,primary_input_absent [netCashProvidedByOperatingActivities NaN (value=NaN)],
stock_CUR6K@718712e8d985,BID,2016-07-01,38.02,2219569580.0,primary_input_absent [netCashProvidedByOperatingActivities NaN (value=NaN)],
stock_CUR6K@718712e8d985,BID,2016-10-01,39.86,2272976640.0,primary_input_absent [netCashProvidedByOperatingActivities NaN (value=NaN)],
stock_CUR6K@718712e8d985,BID,2017-01-01,45.48,2404345680.0,primary_input_absent [netCashProvidedByOperatingActivities NaN (value=NaN)],
stock_CUR6K@718712e8d985,BID,2017-04-01,53.67,2837318220.0,primary_input_absent [netCashProvidedByOperatingActivities NaN (value=NaN)],
stock_CUR6K@718712e8d985,BID,2017-07-01,46.11,2432533050.0,primary_input_absent [netCashProvidedByOperatingActivities NaN (value=NaN)],
stock_CUR6K@718712e8d985,BID,2017-10-01,51.6,2718494400.0,primary_input_absent [netCashProvidedByOperatingActivities NaN (value=NaN)],
stock_CUR6K@718712e8d985,BID,2018-01-01,51.31,2674379820.0,primary_input_absent [netCashProvidedByOperatingActivities NaN (value=NaN)],
stock_CUR6K@718712e8d985,BID,2018-04-01,54.34,2832309480.0,primary_input_absent [netCashProvidedByOperatingActivities NaN (value=NaN)],
stock_CUR6K@718712e8d985,BID,2018-07-01,49.25,2547407000.0,primary_input_absent [netCashProvidedByOperatingActivities NaN (value=NaN)],
stock_CUR6K@718712e8d985,BID,2018-10-01,39.74,2021653280.0,primary_input_absent [netCashProvidedByOperatingActivities NaN (value=NaN)],
stock_CUR6K@718712e8d985,BID,2019-01-01,37.5,1744425000.0,primary_input_absent [netCashProvidedByOperatingActivities NaN (value=NaN)],
stock_CUR6K@718712e8d985,BID,2019-04-01,58.28,2711069040.0,primary_input_absent [netCashProvidedByOperatingActivities NaN (value=NaN)],
stock_CUR6K@718712e8d985,BID,2019-07-01,,,primary_input_absent [netCashProvidedByOperatingActivities NaN (value=NaN)],bookValuePerShare|earningsYield|marketCap|price
stock_CUR6K@718712e8d985,BID,2026-04-01,9.84,458061840.0,primary_input_absent [netCashProvidedByOperatingActivities NaN (value=NaN)],totalAssets|totalLiabilities|totalStockholdersEquity
stock_CUR6K@718712e8d985,BKE,2006-10-01,17.0,732758616.0,primary_input_absent [netCashProvidedByOperatingActivities NaN (value=NaN)],nan
stock_CUR6K@718712e8d985,BKE,2007-01-01,21.86,947222961.24,primary_input_absent [netCashProvidedByOperatingActivities NaN (value=NaN)],nan
stock_CUR6K@718712e8d985,BKE,2007-04-01,23.56,1041399120.0,primary_input_absent [netCashProvidedByOperatingActivities NaN (value=NaN)],nan
stock_CUR6K@718712e8d985,BKE,2007-07-01,22.31,996453840.0,primary_input_absent [netCashProvidedByOperatingActivities NaN (value=NaN)],nan
stock_CUR6K@718712e8d985,BKE,2007-10-01,26.05,1163501576.4,primary_input_absent [netCashProvidedByOperatingActivities NaN (value=NaN)],nan
stock_CUR6K@718712e8d985,BKE,2008-01-01,27.07,1205995570.0,primary_input_absent [netCashProvidedByOperatingActivities NaN (value=NaN)],nan
stock_CUR6K@718712e8d985,BKE,2008-04-01,31.72,1421262180.0,primary_input_absent [netCashProvidedByOperatingActivities NaN (value=NaN)],nan
stock_CUR6K@718712e8d985,BKE,2008-07-01,32.82,1488272130.0,primary_input_absent [netCashProvidedByOperatingActivities NaN (value=NaN)],nan
stock_CUR6K@718712e8d985,BKE,2008-10-01,25.72,1174529520.0,primary_input_absent [netCashProvidedByOperatingActivities NaN (value=NaN)],nan
stock_CUR6K@718712e8d985,BKE,2009-01-01,20.65,936828549.9999999,primary_input_absent [netCashProvidedByOperatingActivities NaN (value=NaN)],nan
stock_CUR6K@718712e8d985,BKE,2009-04-01,35.68,1624474720.0,primary_input_absent [netCashProvidedByOperatingActivities NaN (value=NaN)],nan
stock_CUR6K@718712e8d985,BKE,2009-07-01,30.21,1378784400.0,primary_input_absent [netCashProvidedByOperatingActivities NaN (value=NaN)],nan
stock_CUR6K@718712e8d985,BKE,2009-10-01,29.3,1339273700.0,primary_input_absent [netCashProvidedByOperatingActivities NaN (value=NaN)],nan
stock_CUR6K@718712e8d985,BKE,2010-01-01,30.76,1405701240.0,primary_input_absent [netCashProvidedByOperatingActivities NaN (value=NaN)],nan
stock_CUR6K@718712e8d985,BKE,2010-04-01,35.33,1627052490.0,primary_input_absent [netCashProvidedByOperatingActivities NaN (value=NaN)],nan
stock_CUR6K@718712e8d985,BKE,2010-07-01,26.9,1241838500.0,primary_input_absent [netCashProvidedByOperatingActivities NaN (value=NaN)],nan
stock_CUR6K@718712e8d985,BKE,2010-10-01,28.41,1308791880.0,primary_input_absent [netCashProvidedByOperatingActivities NaN (value=NaN)],nan
stock_CUR6K@718712e8d985,BKE,2011-01-01,34.91,1612248529.9999998,primary_input_absent [netCashProvidedByOperatingActivities NaN (value=NaN)],nan
stock_CUR6K@718712e8d985,BKE,2011-04-01,44.42,2076546160.0,primary_input_absent [netCashProvidedByOperatingActivities NaN (value=NaN)],nan
stock_CUR6K@718712e8d985,BKE,2011-07-01,43.27,2026074480.0000002,primary_input_absent [netCashProvidedByOperatingActivities NaN (value=NaN)],nan
stock_CUR6K@718712e8d985,BKE,2011-10-01,44.28,2073676680.0,primary_input_absent [netCashProvidedByOperatingActivities NaN (value=NaN)],nan
stock_CUR6K@718712e8d985,BKE,2012-01-01,42.6,1996193400.0,primary_input_absent [netCashProvidedByOperatingActivities NaN (value=NaN)],nan
stock_CUR6K@718712e8d985,BKE,2012-04-01,45.61,2153658590.0,primary_input_absent [netCashProvidedByOperatingActivities NaN (value=NaN)],nan
stock_CUR6K@718712e8d985,BKE,2012-07-01,38.58,1826492940.0,primary_input_absent [netCashProvidedByOperatingActivities NaN (value=NaN)],nan
stock_CUR6K@718712e8d985,BKE,2012-10-01,43.01,2036867580.0,primary_input_absent [netCashProvidedByOperatingActivities NaN (value=NaN)],nan
stock_CUR6K@718712e8d985,BKE,2013-01-01,45.68,2174961840.0,primary_input_absent [netCashProvidedByOperatingActivities NaN (value=NaN)],nan
stock_CUR6K@718712e8d985,BKE,2013-04-01,47.94,2286642120.0,primary_input_absent [netCashProvidedByOperatingActivities NaN (value=NaN)],nan
stock_CUR6K@718712e8d985,BKE,2013-07-01,55.72,2658122600.0,primary_input_absent [netCashProvidedByOperatingActivities NaN (value=NaN)],nan
stock_CUR6K@718712e8d985,BKE,2013-10-01,47.69,2275146830.0,primary_input_absent [netCashProvidedByOperatingActivities NaN (value=NaN)],nan
stock_CUR6K@718712e8d985,BKE,2014-01-01,44.32,2121509760.0,primary_input_absent [netCashProvidedByOperatingActivities NaN (value=NaN)],nan
stock_CUR6K@718712e8d985,BKE,2014-04-01,46.97,2249205420.0,primary_input_absent [netCashProvidedByOperatingActivities NaN (value=NaN)],nan
stock_CUR6K@718712e8d985,BKE,2014-07-01,45.01,2155573910.0,primary_input_absent [netCashProvidedByOperatingActivities NaN (value=NaN)],nan
stock_CUR6K@718712e8d985,BKE,2014-10-01,49.33,2362463030.0,primary_input_absent [netCashProvidedByOperatingActivities NaN (value=NaN)],nan
stock_CUR6K@718712e8d985,BKE,2015-01-01,50.79,2439799230.0,primary_input_absent [netCashProvidedByOperatingActivities NaN (value=NaN)],nan
stock_CUR6K@718712e8d985,BKE,2015-04-01,45.63,2193616620.0,primary_input_absent [netCashProvidedByOperatingActivities NaN (value=NaN)],nan
stock_CUR6K@718712e8d985,BKE,2015-07-01,44.23,2126313019.9999998,primary_input_absent [netCashProvidedByOperatingActivities NaN (value=NaN)],nan
stock_CUR6K@718712e8d985,BKE,2015-10-01,35.44,1703707120.0,primary_input_absent [netCashProvidedByOperatingActivities NaN (value=NaN)],nan
stock_CUR6K@718712e8d985,BKE,2016-01-01,28.86,1388050560.0,primary_input_absent [netCashProvidedByOperatingActivities NaN (value=NaN)],nan
stock_CUR6K@718712e8d985,BKE,2016-04-01,28.94,1392216580.0,primary_input_absent [netCashProvidedByOperatingActivities NaN (value=NaN)],nan
stock_CUR6K@718712e8d985,BKE,2016-07-01,27.39,1317650730.0,primary_input_absent [netCashProvidedByOperatingActivities NaN (value=NaN)],nan
stock_CUR6K@718712e8d985,BKE,2016-10-01,20.95,1007841650.0,primary_input_absent [netCashProvidedByOperatingActivities NaN (value=NaN)],nan
stock_CUR6K@718712e8d985,BKE,2017-01-01,21.15,1018943549.9999999,primary_input_absent [netCashProvidedByOperatingActivities NaN (value=NaN)],nan
stock_CUR6K@718712e8d985,BKE,2017-04-01,18.7,901676600.0,primary_input_absent [netCashProvidedByOperatingActivities NaN (value=NaN)],nan
stock_CUR6K@718712e8d985,BKE,2017-07-01,16.85,812473300.0000001,primary_input_absent [netCashProvidedByOperatingActivities NaN (value=NaN)],nan
stock_CUR6K@718712e8d985,BKE,2017-10-01,17.25,831760500.0,primary_input_absent [netCashProvidedByOperatingActivities NaN (value=NaN)],nan
stock_CUR6K@718712e8d985,BKE,2018-01-01,20.05,969337300.0,primary_input_absent [netCashProvidedByOperatingActivities NaN (value=NaN)],nan
stock_CUR6K@718712e8d985,BKE,2018-04-01,22.4,1083689600.0,primary_input_absent [netCashProvidedByOperatingActivities NaN (value=NaN)],nan
stock_CUR6K@718712e8d985,BKE,2018-07-01,24.3,1175609700.0,primary_input_absent [netCashProvidedByOperatingActivities NaN (value=NaN)],nan
stock_CUR6K@718712e8d985,BKE,2018-10-01,21.41,1035794390.0,primary_input_absent [netCashProvidedByOperatingActivities NaN (value=NaN)],nan
stock_CUR6K@718712e8d985,BKE,2019-01-01,17.37,842688180.0,primary_input_absent [netCashProvidedByOperatingActivities NaN (value=NaN)],nan
stock_CUR6K@718712e8d985,BKE,2019-04-01,18.97,921031440.0,primary_input_absent [netCashProvidedByOperatingActivities NaN (value=NaN)],nan
stock_CUR6K@718712e8d985,BKE,2019-07-01,19.65,954007499.9999999,primary_input_absent [netCashProvidedByOperatingActivities NaN (value=NaN)],nan
stock_CUR6K@718712e8d985,BKE,2019-10-01,21.11,1024869390.0,primary_input_absent [netCashProvidedByOperatingActivities NaN (value=NaN)],nan
stock_CUR6K@718712e8d985,BKE,2020-01-01,24.41,1188718180.0,primary_input_absent [netCashProvidedByOperatingActivities NaN (value=NaN)],nan
stock_CUR6K@718712e8d985,BKE,2020-04-01,14.34,698716500.0,primary_input_absent [netCashProvidedByOperatingActivities NaN (value=NaN)],nan
stock_CUR6K@718712e8d985,BKE,2020-07-01,16.03,780885420.0,primary_input_absent [netCashProvidedByOperatingActivities NaN (value=NaN)],nan
stock_CUR6K@718712e8d985,BKE,2020-10-01,23.96,1167187440.0,primary_input_absent [netCashProvidedByOperatingActivities NaN (value=NaN)],nan
stock_CUR6K@718712e8d985,BKE,2021-01-01,37.58,1836497020.0,primary_input_absent [netCashProvidedByOperatingActivities NaN (value=NaN)],nan
stock_CUR6K@718712e8d985,BKE,2021-04-01,41.94,2052795240.0,primary_input_absent [netCashProvidedByOperatingActivities NaN (value=NaN)],nan
stock_CUR6K@718712e8d985,BKE,2021-07-01,42.08,2059647680.0,primary_input_absent [netCashProvidedByOperatingActivities NaN (value=NaN)],nan
stock_CUR6K@718712e8d985,BKE,2021-10-01,41.62,2037132519.9999998,primary_input_absent [netCashProvidedByOperatingActivities NaN (value=NaN)],nan
stock_CUR6K@718712e8d985,BKE,2022-01-01,37.64,1849554320.0,primary_input_absent [netCashProvidedByOperatingActivities NaN (value=NaN)],nan
stock_CUR6K@718712e8d985,BKE,2022-04-01,31.06,1528586840.0,primary_input_absent [netCashProvidedByOperatingActivities NaN (value=NaN)],nan
stock_CUR6K@718712e8d985,BKE,2022-07-01,30.2,1486262800.0,primary_input_absent [netCashProvidedByOperatingActivities NaN (value=NaN)],nan
stock_CUR6K@718712e8d985,BKE,2022-10-01,40.44,1990214160.0,primary_input_absent [netCashProvidedByOperatingActivities NaN (value=NaN)],nan
stock_CUR6K@718712e8d985,BKE,2023-01-01,44.0,2175140000.0,primary_input_absent [netCashProvidedByOperatingActivities NaN (value=NaN)],nan
stock_CUR6K@718712e8d985,BKE,2023-04-01,33.53,1660170890.0,primary_input_absent [netCashProvidedByOperatingActivities NaN (value=NaN)],nan
stock_CUR6K@718712e8d985,BKE,2023-07-01,36.16,1790390079.9999998,primary_input_absent [netCashProvidedByOperatingActivities NaN (value=NaN)],nan
stock_CUR6K@718712e8d985,BKE,2023-10-01,33.13,1640365690.0000002,primary_input_absent [netCashProvidedByOperatingActivities NaN (value=NaN)],nan
stock_CUR6K@718712e8d985,BKE,2024-01-01,37.98,1891062179.9999998,primary_input_absent [netCashProvidedByOperatingActivities NaN (value=NaN)],nan
stock_CUR6K@718712e8d985,BKE,2024-04-01,38.01,1894950540.0,primary_input_absent [netCashProvidedByOperatingActivities NaN (value=NaN)],nan
stock_CUR6K@718712e8d985,BKE,2024-07-01,39.32,1960259280.0,primary_input_absent [netCashProvidedByOperatingActivities NaN (value=NaN)],nan
stock_CUR6K@718712e8d985,BKE,2024-10-01,42.18,2102841720.0,primary_input_absent [netCashProvidedByOperatingActivities NaN (value=NaN)],nan
stock_CUR6K@718712e8d985,BKE,2025-01-01,47.61,2386498860.0,primary_input_absent [netCashProvidedByOperatingActivities NaN (value=NaN)],nan
stock_CUR6K@718712e8d985,BKE,2025-04-01,35.92,1803148080.0,primary_input_absent [netCashProvidedByOperatingActivities NaN (value=NaN)],nan
stock_CUR6K@718712e8d985,BKE,2025-07-01,49.23,2471296770.0,primary_input_absent [netCashProvidedByOperatingActivities NaN (value=NaN)],nan
stock_CUR6K@718712e8d985,BKE,2025-10-01,54.8,2750905200.0,primary_input_absent [netCashProvidedByOperatingActivities NaN (value=NaN)],nan
stock_CUR6K@718712e8d985,BKE,2026-01-01,47.3,2387562100.0,primary_input_absent [netCashProvidedByOperatingActivities NaN (value=NaN)],nan
stock_CUR6K@718712e8d985,BKE,2026-04-01,55.27,2797712130.0,primary_input_absent [netCashProvidedByOperatingActivities NaN (value=NaN)],nan
stock_CUR6K@718712e8d985,BKE,2026-07-01,43.77,2215593630.0,primary_input_absent [netCashProvidedByOperatingActivities NaN (value=NaN)],nan
stock_CUR6K@718712e8d985,BLICK.ST,2015-01-01,20880.0,3589710480.0,primary_input_absent [netCashProvidedByOperatingActivities NaN (value=NaN)],nan
stock_CUR6K@718712e8d985,BLICK.ST,2015-04-01,126.8,12258009.6,primary_input_absent [netCashProvidedByOperatingActivities NaN (value=NaN)],nan
stock_CUR6K@718712e8d985,BLICK.ST,2015-07-01,185.8,17961657.6,primary_input_absent [netCashProvidedByOperatingActivities NaN (value=NaN)],nan
stock_CUR6K@718712e8d985,BLICK.ST,2015-10-01,898.7999999999998,153097996.79999998,primary_input_absent [netCashProvidedByOperatingActivities NaN (value=NaN)],nan
stock_CUR6K@718712e8d985,BLICK.ST,2016-01-01,523.4,88324796.8,primary_input_absent [netCashProvidedByOperatingActivities NaN (value=NaN)],nan
stock_CUR6K@718712e8d985,BLICK.ST,2016-04-01,424.8,86490979.2,primary_input_absent [netCashProvidedByOperatingActivities NaN (value=NaN)],nan
stock_CUR6K@718712e8d985,BLICK.ST,2016-07-01,373.9,76127535.6,primary_input_absent [netCashProvidedByOperatingActivities NaN (value=NaN)],nan
stock_CUR6K@718712e8d985,BLICK.ST,2016-10-01,319.3,65199782.800000004,primary_input_absent [netCashProvidedByOperatingActivities NaN (value=NaN)],nan
stock_CUR6K@718712e8d985,BLICK.ST,2017-01-01,257.3,52387309.2,primary_input_absent [netCashProvidedByOperatingActivities NaN (value=NaN)],nan
stock_CUR6K@718712e8d985,BLICK.ST,2017-04-01,163.0,35902869.0,primary_input_absent [netCashProvidedByOperatingActivities NaN (value=NaN)],nan
stock_CUR6K@718712e8d985,BLICK.ST,2017-07-01,153.80000000000004,33876449.400000006,primary_input_absent [netCashProvidedByOperatingActivities NaN (value=NaN)],nan
stock_CUR6K@718712e8d985,BLICK.ST,2017-10-01,116.7,25739235.3,primary_input_absent [netCashProvidedByOperatingActivities NaN (value=NaN)],nan
stock_CUR6K@718712e8d985,BLICK.ST,2018-01-01,91.59999999999998,20176090.799999997,primary_input_absent [netCashProvidedByOperatingActivities NaN (value=NaN)],nan
stock_CUR6K@718712e8d985,BLICK.ST,2018-04-01,73.2,15948742.8,primary_input_absent [netCashProvidedByOperatingActivities NaN (value=NaN)],nan
stock_CUR6K@718712e8d985,BLICK.ST,2018-07-01,124.64,66091232.48,primary_input_absent [netCashProvidedByOperatingActivities NaN (value=NaN)],nan
stock_CUR6K@718712e8d985,BLICK.ST,2018-10-01,111.78,58998825.36,primary_input_absent [netCashProvidedByOperatingActivities NaN (value=NaN)],nan
stock_CUR6K@718712e8d985,BLICK.ST,2019-01-01,74.19,39339766.83,primary_input_absent [netCashProvidedByOperatingActivities NaN (value=NaN)],nan
stock_CUR6K@718712e8d985,BLICK.ST,2019-04-01,66.0,89925858.0,primary_input_absent [netCashProvidedByOperatingActivities NaN (value=NaN)],nan
stock_CUR6K@718712e8d985,BLICK.ST,2019-07-01,38.4,67587225.6,primary_input_absent [netCashProvidedByOperatingActivities NaN (value=NaN)],nan
stock_CUR6K@718712e8d985,BLICK.ST,2019-10-01,43.0,63152552.0,primary_input_absent [netCashProvidedByOperatingActivities NaN (value=NaN)],nan
stock_CUR6K@718712e8d985,BLICK.ST,2020-01-01,31.0,56072893.0,primary_input_absent [netCashProvidedByOperatingActivities NaN (value=NaN)],nan
stock_CUR6K@718712e8d985,BLICK.ST,2020-04-01,53.0,96142477.0,primary_input_absent [netCashProvidedByOperatingActivities NaN (value=NaN)],nan
stock_CUR6K@718712e8d985,BLICK.ST,2020-07-01,59.4,107752134.6,primary_input_absent [netCashProvidedByOperatingActivities NaN (value=NaN)],nan
stock_CUR6K@718712e8d985,BLICK.ST,2020-10-01,40.29999999999999,73552900.19999999,primary_input_absent [netCashProvidedByOperatingActivities NaN (value=NaN)],nan
stock_CUR6K@718712e8d985,BLICK.ST,2021-01-01,33.1,66247002.0,primary_input_absent [netCashProvidedByOperatingActivities NaN (value=NaN)],nan
stock_CUR6K@718712e8d985,BLICK.ST,2021-04-01,35.6,71250552.0,primary_input_absent [netCashProvidedByOperatingActivities NaN (value=NaN)],nan
stock_CUR6K@718712e8d985,BLICK.ST,2021-07-01,18.0,36025560.0,primary_input_absent [netCashProvidedByOperatingActivities NaN (value=NaN)],nan
stock_CUR6K@718712e8d985,BLICK.ST,2021-10-01,15.5,56417504.5,primary_input_absent [netCashProvidedByOperatingActivities NaN (value=NaN)],nan
stock_CUR6K@718712e8d985,BLICK.ST,2022-01-01,8.7,26156332.499999996,primary_input_absent [netCashProvidedByOperatingActivities NaN (value=NaN)],nan
stock_CUR6K@718712e8d985,BLICK.ST,2022-04-01,5.7,16890000.6,primary_input_absent [netCashProvidedByOperatingActivities NaN (value=NaN)],nan
stock_CUR6K@718712e8d985,BLICK.ST,2022-07-01,6.5,31687500.0,primary_input_absent [netCashProvidedByOperatingActivities NaN (value=NaN)],nan
stock_CUR6K@718712e8d985,BLICK.ST,2022-10-01,8.02,47146572.5,primary_input_absent [netCashProvidedByOperatingActivities NaN (value=NaN)],nan
stock_CUR6K@718712e8d985,BLICK.ST,2023-01-01,2.36,17138025.0,primary_input_absent [netCashProvidedByOperatingActivities NaN (value=NaN)],nan
stock_CUR6K@718712e8d985,BLICK.ST,2023-04-01,1.38,13194760.979999999,primary_input_absent [netCashProvidedByOperatingActivities NaN (value=NaN)],nan
stock_CUR6K@718712e8d985,BLICK.ST,2023-07-01,0.6,5736852.6,primary_input_absent [netCashProvidedByOperatingActivities NaN (value=NaN)],nan
stock_CUR6K@718712e8d985,BLICK.ST,2023-10-01,0.75,7174553.25,primary_input_absent [netCashProvidedByOperatingActivities NaN (value=NaN)],nan
stock_CUR6K@718712e8d985,BLICK.ST,2024-01-01,0.9959999999999999,9737307.348,primary_input_absent [netCashProvidedByOperatingActivities NaN (value=NaN)],nan
stock_CUR6K@718712e8d985,BLICK.ST,2024-04-01,0.65,6393546.9,primary_input_absent [netCashProvidedByOperatingActivities NaN (value=NaN)],nan
stock_CUR6K@718712e8d985,BLICK.ST,2024-07-01,0.906,9683520.072,primary_input_absent [netCashProvidedByOperatingActivities NaN (value=NaN)],nan
stock_CUR6K@718712e8d985,BLICK.ST,2024-10-01,0.552,6422921.856000001,primary_input_absent [netCashProvidedByOperatingActivities NaN (value=NaN)],nan
stock_CUR6K@718712e8d985,BLICK.ST,2025-01-01,0.54,5840838.180000001,primary_input_absent [netCashProvidedByOperatingActivities NaN (value=NaN)],nan
stock_CUR6K@718712e8d985,BLICK.ST,2025-04-01,0.7999999999999999,9873341.6,primary_input_absent [netCashProvidedByOperatingActivities NaN (value=NaN)],nan
stock_CUR6K@718712e8d985,BLICK.ST,2025-07-01,0.97,12464551.41,primary_input_absent [netCashProvidedByOperatingActivities NaN (value=NaN)],nan
stock_CUR6K@718712e8d985,BLICK.ST,2025-10-01,0.7,9681700.0,primary_input_absent [netCashProvidedByOperatingActivities NaN (value=NaN)],nan
stock_CUR6K@718712e8d985,BLICK.ST,2026-01-01,0.9050000000000001,12534454.530000001,primary_input_absent [netCashProvidedByOperatingActivities NaN (value=NaN)],nan
stock_CUR6K@718712e8d985,BLICK.ST,2026-04-01,0.822,11384885.772,primary_input_absent [netCashProvidedByOperatingActivities NaN (value=NaN)],nan
stock_CUR6K@718712e8d985,BOTX.ST,2009-10-01,1.52434,38968227.76,primary_input_absent [netCashProvidedByOperatingActivities NaN (value=NaN)],
stock_CUR6K@718712e8d985,BOTX.ST,2010-04-01,1.52434,78428817.34,primary_input_absent [netCashProvidedByOperatingActivities NaN (value=NaN)],
stock_CUR6K@718712e8d985,BOTX.ST,2010-07-01,3.048681,356003626.41300005,primary_input_absent [netCashProvidedByOperatingActivities NaN (value=NaN)],
stock_CUR6K@718712e8d985,BOTX.ST,2010-10-01,4.756808,222708993.752,primary_input_absent [netCashProvidedByOperatingActivities NaN (value=NaN)],
stock_CUR6K@718712e8d985,BOTX.ST,2011-01-01,3.171205,166948087.225,primary_input_absent [netCashProvidedByOperatingActivities NaN (value=NaN)],
stock_CUR6K@718712e8d985,BOTX.ST,2011-04-01,24.264505,123215156.39,primary_input_absent [netCashProvidedByOperatingActivities NaN (value=NaN)],
stock_CUR6K@718712e8d985,BOTX.ST,2011-07-01,14.702848,82865251.328,primary_input_absent [netCashProvidedByOperatingActivities NaN (value=NaN)],
stock_CUR6K@718712e8d985,BOTX.ST,2011-10-01,8.072152,41402067.608,primary_input_absent [netCashProvidedByOperatingActivities NaN (value=NaN)],
stock_CUR6K@718712e8d985,BOTX.ST,2012-01-01,4.948998,26160403.428,primary_input_absent [netCashProvidedByOperatingActivities NaN (value=NaN)],
stock_CUR6K@718712e8d985,BOTX.ST,2012-04-01,4.395256,26696784.944,primary_input_absent [netCashProvidedByOperatingActivities NaN (value=NaN)],
stock_CUR6K@718712e8d985,BOTX.ST,2012-07-01,3.174352,35159122.752,primary_input_absent [netCashProvidedByOperatingActivities NaN (value=NaN)],
stock_CUR6K@718712e8d985,BOTX.ST,2012-10-01,3.027843,32086052.270999998,primary_input_absent [netCashProvidedByOperatingActivities NaN (value=NaN)],
stock_CUR6K@718712e8d985,BOTX.ST,2013-01-01,4.541765,50304589.14,primary_input_absent [netCashProvidedByOperatingActivities NaN (value=NaN)],
stock_CUR6K@718712e8d985,BOTX.ST,2013-04-01,2.637153,29209106.628000002,primary_input_absent [netCashProvidedByOperatingActivities NaN (value=NaN)],
stock_CUR6K@718712e8d985,BOTX.ST,2013-07-01,2.734826,36996726.128,primary_input_absent [netCashProvidedByOperatingActivities NaN (value=NaN)],
stock_CUR6K@718712e8d985,BOTX.ST,2013-10-01,3.369696,41467478.975999996,primary_input_absent [netCashProvidedByOperatingActivities NaN (value=NaN)],
stock_CUR6K@718712e8d985,BOTX.ST,2014-01-01,5.37198,78226772.75999999,primary_input_absent [netCashProvidedByOperatingActivities NaN (value=NaN)],
stock_CUR6K@718712e8d985,BOTX.ST,2014-04-01,4.004567,81396828.842,primary_input_absent [netCashProvidedByOperatingActivities NaN (value=NaN)],
stock_CUR6K@718712e8d985,BOTX.ST,2014-07-01,3.296442,45362338.361999996,primary_input_absent [netCashProvidedByOperatingActivities NaN (value=NaN)],
stock_CUR6K@718712e8d985,BOTX.ST,2014-10-01,2.930171,44409671.676,primary_input_absent [netCashProvidedByOperatingActivities NaN (value=NaN)],
stock_CUR6K@718712e8d985,BOTX.ST,2015-01-01,3.076679,47879278.598,primary_input_absent [netCashProvidedByOperatingActivities NaN (value=NaN)],
stock_CUR6K@718712e8d985,BOTX.ST,2015-04-01,3.394114,59447906.71,primary_input_absent [netCashProvidedByOperatingActivities NaN (value=NaN)],
stock_CUR6K@718712e8d985,BOTX.ST,2015-07-01,4.46851,69538952.62,primary_input_absent [netCashProvidedByOperatingActivities NaN (value=NaN)],
stock_CUR6K@718712e8d985,BOTX.ST,2015-10-01,4.053403,64582869.999000005,primary_input_absent [netCashProvidedByOperatingActivities NaN (value=NaN)],
stock_CUR6K@718712e8d985,BOTX.ST,2016-01-01,4.053403,75081183.76900001,primary_input_absent [netCashProvidedByOperatingActivities NaN (value=NaN)],
stock_CUR6K@718712e8d985,BOTX.ST,2016-04-01,4.541765,92479418.92999999,primary_input_absent [netCashProvidedByOperatingActivities NaN (value=NaN)],
stock_CUR6K@718712e8d985,BOTX.ST,2016-07-01,11.720684,238656567.608,primary_input_absent [netCashProvidedByOperatingActivities NaN (value=NaN)],
stock_CUR6K@718712e8d985,BOTX.ST,2016-10-01,10.646288,197201192.624,primary_input_absent [netCashProvidedByOperatingActivities NaN (value=NaN)],
stock_CUR6K@718712e8d985,BOTX.ST,2017-01-01,14.553182999999999,296331912.246,primary_input_absent [netCashProvidedByOperatingActivities NaN (value=NaN)],
stock_CUR6K@718712e8d985,BOTX.ST,2017-04-01,12.35,271020750.0,primary_input_absent [netCashProvidedByOperatingActivities NaN (value=NaN)],
stock_CUR6K@718712e8d985,BOTX.ST,2017-07-01,14.1,326457300.0,primary_input_absent [netCashProvidedByOperatingActivities NaN (value=NaN)],
stock_CUR6K@718712e8d985,BOTX.ST,2017-10-01,9.2,213007599.99999997,primary_input_absent [netCashProvidedByOperatingActivities NaN (value=NaN)],
stock_CUR6K@718712e8d985,BOTX.ST,2018-01-01,8.38,213287760.00000003,primary_input_absent [netCashProvidedByOperatingActivities NaN (value=NaN)],
stock_CUR6K@718712e8d985,BOTX.ST,2018-04-01,8.78,223468559.99999997,primary_input_absent [netCashProvidedByOperatingActivities NaN (value=NaN)],
stock_CUR6K@718712e8d985,BOTX.ST,2018-07-01,7.98,203106960.0,primary_input_absent [netCashProvidedByOperatingActivities NaN (value=NaN)],
stock_CUR6K@718712e8d985,BOTX.ST,2018-10-01,7.98,184760940.0,primary_input_absent [netCashProvidedByOperatingActivities NaN (value=NaN)],propertyPlantEquipmentNet
stock_CUR6K@718712e8d985,BOTX.ST,2019-01-01,7.98,203106960.0,primary_input_absent [netCashProvidedByOperatingActivities NaN (value=NaN)],
stock_CUR6K@718712e8d985,BOTX.ST,2019-04-01,7.98,203106960.0,primary_input_absent [netCashProvidedByOperatingActivities NaN (value=NaN)],
stock_CUR6K@718712e8d985,BOTX.ST,2019-07-01,7.98,203106960.0,primary_input_absent [netCashProvidedByOperatingActivities NaN (value=NaN)],
stock_CUR6K@718712e8d985,BOTX.ST,2019-10-01,7.98,184760940.0,primary_input_absent [netCashProvidedByOperatingActivities NaN (value=NaN)],
stock_CUR6K@718712e8d985,BOTX.ST,2020-01-01,7.98,216138300.0,primary_input_absent [netCashProvidedByOperatingActivities NaN (value=NaN)],
stock_CUR6K@718712e8d985,BOTX.ST,2020-04-01,7.98,237596520.0,primary_input_absent [netCashProvidedByOperatingActivities NaN (value=NaN)],
stock_CUR6K@718712e8d985,BOTX.ST,2020-07-01,7.98,237596520.0,primary_input_absent [netCashProvidedByOperatingActivities NaN (value=NaN)],
stock_CUR6K@718712e8d985,BOTX.ST,2020-10-01,7.98,216138300.0,primary_input_absent [netCashProvidedByOperatingActivities NaN (value=NaN)],
stock_CUR6K@718712e8d985,BOTX.ST,2021-01-01,7.98,219553740.0,primary_input_absent [netCashProvidedByOperatingActivities NaN (value=NaN)],
stock_CUR6K@718712e8d985,BOTX.ST,2021-04-01,7.98,254458260.0,primary_input_absent [netCashProvidedByOperatingActivities NaN (value=NaN)],
stock_CUR6K@718712e8d985,BOTX.ST,2021-07-01,7.98,231475860.0,primary_input_absent [netCashProvidedByOperatingActivities NaN (value=NaN)],
stock_CUR6K@718712e8d985,BOTX.ST,2021-10-01,7.98,228531240.0,primary_input_absent [netCashProvidedByOperatingActivities NaN (value=NaN)],
stock_CUR6K@718712e8d985,BOTX.ST,2022-01-01,7.98,231475860.0,primary_input_absent [netCashProvidedByOperatingActivities NaN (value=NaN)],
stock_CUR6K@718712e8d985,BOTX.ST,2022-04-01,7.98,254458260.0,primary_input_absent [netCashProvidedByOperatingActivities NaN (value=NaN)],
stock_CUR6K@718712e8d985,BOTX.ST,2022-07-01,7.98,231475860.0,primary_input_absent [netCashProvidedByOperatingActivities NaN (value=NaN)],
stock_CUR6K@718712e8d985,BOTX.ST,2022-10-01,5.2,157404000.0,primary_input_absent [netCashProvidedByOperatingActivities NaN (value=NaN)],
stock_CUR6K@718712e8d985,BOTX.ST,2023-01-01,6.08,240609920.0,primary_input_absent [netCashProvidedByOperatingActivities NaN (value=NaN)],
stock_CUR6K@718712e8d985,BOTX.ST,2023-04-01,6.94,274643560.0,primary_input_absent [netCashProvidedByOperatingActivities NaN (value=NaN)],
stock_CUR6K@718712e8d985,BOTX.ST,2023-07-01,9.1,360123400.0,primary_input_absent [netCashProvidedByOperatingActivities NaN (value=NaN)],
stock_CUR6K@718712e8d985,BOTX.ST,2023-10-01,8.64,341919360.0,primary_input_absent [netCashProvidedByOperatingActivities NaN (value=NaN)],
stock_CUR6K@718712e8d985,BOTX.ST,2024-01-01,9.92,384707520.0,primary_input_absent [netCashProvidedByOperatingActivities NaN (value=NaN)],
stock_CUR6K@718712e8d985,BOTX.ST,2024-04-01,10.3,407612200.0,primary_input_absent [netCashProvidedByOperatingActivities NaN (value=NaN)],
stock_CUR6K@718712e8d985,BOTX.ST,2024-07-01,14.6,595154400.0,primary_input_absent [netCashProvidedByOperatingActivities NaN (value=NaN)],
stock_CUR6K@718712e8d985,BOTX.ST,2024-10-01,12.4,505982000.0,primary_input_absent [netCashProvidedByOperatingActivities NaN (value=NaN)],
stock_CUR6K@718712e8d985,BOTX.ST,2025-01-01,12.0,489660000.0,primary_input_absent [netCashProvidedByOperatingActivities NaN (value=NaN)],
stock_CUR6K@718712e8d985,BOTX.ST,2025-04-01,10.95,446815056.59999996,primary_input_absent [netCashProvidedByOperatingActivities NaN (value=NaN)],
stock_CUR6K@718712e8d985,BOTX.ST,2025-07-01,14.299999999999999,583511900.4,primary_input_absent [netCashProvidedByOperatingActivities NaN (value=NaN)],
stock_CUR6K@718712e8d985,BOTX.ST,2025-10-01,11.05,450895559.40000004,primary_input_absent [netCashProvidedByOperatingActivities NaN (value=NaN)],
stock_CUR6K@718712e8d985,BOTX.ST,2026-01-01,12.3,501901844.40000004,primary_input_absent [netCashProvidedByOperatingActivities NaN (value=NaN)],
stock_CUR6K@718712e8d985,BOTX.ST,2026-04-01,12.4,505982347.2,primary_input_absent [netCashProvidedByOperatingActivities NaN (value=NaN)],
stock_CUR6K@718712e8d985,BOY.DE,2006-07-01,16.95,58352883600.0,primary_input_absent [netCashProvidedByOperatingActivities NaN (value=NaN)],
stock_CUR6K@718712e8d985,BOY.DE,2006-10-01,17.42740711697028,60315192960.0,primary_input_absent [netCashProvidedByOperatingActivities NaN (value=NaN)],
stock_CUR6K@718712e8d985,BOY.DE,2007-01-01,17.07,61454543430.0,primary_input_absent [netCashProvidedByOperatingActivities NaN (value=NaN)],
stock_CUR6K@718712e8d985,BOY.DE,2007-04-01,16.91,60689499610.0,primary_input_absent [netCashProvidedByOperatingActivities NaN (value=NaN)],
stock_CUR6K@718712e8d985,BOY.DE,2007-07-01,15.38,55198373980.0,primary_input_absent [netCashProvidedByOperatingActivities NaN (value=NaN)],
stock_CUR6K@718712e8d985,BOY.DE,2007-10-01,15.265807406920471,55270153400.0,primary_input_absent [netCashProvidedByOperatingActivities NaN (value=NaN)],
stock_CUR6K@718712e8d985,BOY.DE,2008-01-01,12.96,48936169440.0,primary_input_absent [netCashProvidedByOperatingActivities NaN (value=NaN)],
stock_CUR6K@718712e8d985,BOY.DE,2008-04-01,11.38076980833743,42668110700.0,primary_input_absent [netCashProvidedByOperatingActivities NaN (value=NaN)],
stock_CUR6K@718712e8d985,BOY.DE,2008-07-01,10.65,39642952950.0,primary_input_absent [netCashProvidedByOperatingActivities NaN (value=NaN)],
stock_CUR6K@718712e8d985,BOY.DE,2008-10-01,8.147403777401857,30366718199.999996,primary_input_absent [netCashProvidedByOperatingActivities NaN (value=NaN)],
stock_CUR6K@718712e8d985,BOY.DE,2009-01-01,5.68,21632422000.0,primary_input_absent [netCashProvidedByOperatingActivities NaN (value=NaN)],
stock_CUR6K@718712e8d985,BOY.DE,2009-04-01,8.44,31875483040.0,primary_input_absent [netCashProvidedByOperatingActivities NaN (value=NaN)],
stock_CUR6K@718712e8d985,BOY.DE,2009-07-01,11.45,42705408500.0,primary_input_absent [netCashProvidedByOperatingActivities NaN (value=NaN)],
stock_CUR6K@718712e8d985,BOY.DE,2009-10-01,11.77131687464307,44831354600.0,primary_input_absent [netCashProvidedByOperatingActivities NaN (value=NaN)],
stock_CUR6K@718712e8d985,BOY.DE,2010-01-01,9.56,35830583640.0,primary_input_absent [netCashProvidedByOperatingActivities NaN (value=NaN)],
stock_CUR6K@718712e8d985,BOY.DE,2010-04-01,4.2947696182296236,30627075840.000004,primary_input_absent [netCashProvidedByOperatingActivities NaN (value=NaN)],
stock_CUR6K@718712e8d985,BOY.DE,2010-07-01,9.35,38067861150.0,primary_input_absent [netCashProvidedByOperatingActivities NaN (value=NaN)],
stock_CUR6K@718712e8d985,BOY.DE,2010-10-01,4.241993685539001,30250717470.0,primary_input_absent [netCashProvidedByOperatingActivities NaN (value=NaN)],
stock_CUR6K@718712e8d985,BOY.DE,2011-01-01,8.41,40297919470.0,primary_input_absent [netCashProvidedByOperatingActivities NaN (value=NaN)],
stock_CUR6K@718712e8d985,BOY.DE,2011-04-01,5.006516192813321,35702718600.0,primary_input_absent [netCashProvidedByOperatingActivities NaN (value=NaN)],
stock_CUR6K@718712e8d985,BOY.DE,2011-07-01,6.18,31054500000.0,primary_input_absent [netCashProvidedByOperatingActivities NaN (value=NaN)],
stock_CUR6K@718712e8d985,BOY.DE,2011-10-01,4.707028921998247,33567000000.0,primary_input_absent [netCashProvidedByOperatingActivities NaN (value=NaN)],
stock_CUR6K@718712e8d985,BOY.DE,2012-01-01,5.97,29367838920.0,primary_input_absent [netCashProvidedByOperatingActivities NaN (value=NaN)],
stock_CUR6K@718712e8d985,BOY.DE,2012-04-01,5.63,31590554930.0,primary_input_absent [netCashProvidedByOperatingActivities NaN (value=NaN)],
stock_CUR6K@718712e8d985,BOY.DE,2012-07-01,6.08,29589335360.0,primary_input_absent [netCashProvidedByOperatingActivities NaN (value=NaN)],
stock_CUR6K@718712e8d985,BOY.DE,2012-10-01,6.37928028340081,37816373520.0,primary_input_absent [netCashProvidedByOperatingActivities NaN (value=NaN)],
stock_CUR6K@718712e8d985,BOY.DE,2013-01-01,6.92,39997600000.0,primary_input_absent [netCashProvidedByOperatingActivities NaN (value=NaN)],
stock_CUR6K@718712e8d985,BOY.DE,2013-04-01,6.54,37506900000.0,primary_input_absent [netCashProvidedByOperatingActivities NaN (value=NaN)],
stock_CUR6K@718712e8d985,BOY.DE,2013-07-01,8.26,53690000000.0,primary_input_absent [netCashProvidedByOperatingActivities NaN (value=NaN)],
stock_CUR6K@718712e8d985,BOY.DE,2013-10-01,8.95,50656999999.99999,primary_input_absent [netCashProvidedByOperatingActivities NaN (value=NaN)],
stock_CUR6K@718712e8d985,BOY.DE,2014-01-01,8.72,54412800000.00001,primary_input_absent [netCashProvidedByOperatingActivities NaN (value=NaN)],
stock_CUR6K@718712e8d985,BOY.DE,2014-04-01,9.36171322620092,59584000000.0,primary_input_absent [netCashProvidedByOperatingActivities NaN (value=NaN)],
stock_CUR6K@718712e8d985,BOY.DE,2014-07-01,9.55,63772779900.00001,primary_input_absent [netCashProvidedByOperatingActivities NaN (value=NaN)],
stock_CUR6K@718712e8d985,BOY.DE,2014-10-01,7.85,49169542600.0,primary_input_absent [netCashProvidedByOperatingActivities NaN (value=NaN)],
stock_CUR6K@718712e8d985,BOY.DE,2015-01-01,9.41,62842436010.0,primary_input_absent [netCashProvidedByOperatingActivities NaN (value=NaN)],
stock_CUR6K@718712e8d985,BOY.DE,2015-04-01,8.79,59723162759.99999,primary_input_absent [netCashProvidedByOperatingActivities NaN (value=NaN)],
stock_CUR6K@718712e8d985,BOY.DE,2015-07-01,7.58,47129764260.0,primary_input_absent [netCashProvidedByOperatingActivities NaN (value=NaN)],
stock_CUR6K@718712e8d985,BOY.DE,2015-10-01,6.74,45254287640.0,primary_input_absent [netCashProvidedByOperatingActivities NaN (value=NaN)],
stock_CUR6K@718712e8d985,BOY.DE,2016-01-01,5.84,41405600000.0,primary_input_absent [netCashProvidedByOperatingActivities NaN (value=NaN)],
stock_CUR6K@718712e8d985,BOY.DE,2016-04-01,5.06,33425762919.999996,primary_input_absent [netCashProvidedByOperatingActivities NaN (value=NaN)],
stock_CUR6K@718712e8d985,BOY.DE,2016-07-01,5.38,39936154260.0,primary_input_absent [netCashProvidedByOperatingActivities NaN (value=NaN)],
stock_CUR6K@718712e8d985,BOY.DE,2016-10-01,5.5812814115611245,42045651440.0,primary_input_absent [netCashProvidedByOperatingActivities NaN (value=NaN)],
stock_CUR6K@718712e8d985,BOY.DE,2017-01-01,7.27,51274881070.0,primary_input_absent [netCashProvidedByOperatingActivities NaN (value=NaN)],
stock_CUR6K@718712e8d985,BOY.DE,2017-04-01,7.27,50299312500.0,primary_input_absent [netCashProvidedByOperatingActivities NaN (value=NaN)],
stock_CUR6K@718712e8d985,BOY.DE,2017-07-01,7.56,54006750000.0,primary_input_absent [netCashProvidedByOperatingActivities NaN (value=NaN)],
stock_CUR6K@718712e8d985,BOY.DE,2017-10-01,7.08,47114192760.0,primary_input_absent [netCashProvidedByOperatingActivities NaN (value=NaN)],
stock_CUR6K@718712e8d985,BOY.DE,2018-01-01,6.43,46081668810.0,primary_input_absent [netCashProvidedByOperatingActivities NaN (value=NaN)],
stock_CUR6K@718712e8d985,BOY.DE,2018-04-01,6.112793138584154,44453821030.0,primary_input_absent [netCashProvidedByOperatingActivities NaN (value=NaN)],
stock_CUR6K@718712e8d985,BOY.DE,2018-07-01,5.52,37939385040.0,primary_input_absent [netCashProvidedByOperatingActivities NaN (value=NaN)],
stock_CUR6K@718712e8d985,BOY.DE,2018-10-01,4.64,33175999999.999996,primary_input_absent [netCashProvidedByOperatingActivities NaN (value=NaN)],
stock_CUR6K@718712e8d985,BOY.DE,2019-01-01,5.392113402061856,39227625000.0,primary_input_absent [netCashProvidedByOperatingActivities NaN (value=NaN)],
stock_CUR6K@718712e8d985,BOY.DE,2019-04-01,4.97,36836472050.0,primary_input_absent [netCashProvidedByOperatingActivities NaN (value=NaN)],
stock_CUR6K@718712e8d985,BOY.DE,2019-07-01,4.78,34444115960.0,primary_input_absent [netCashProvidedByOperatingActivities NaN (value=NaN)],
stock_CUR6K@718712e8d985,BOY.DE,2019-10-01,4.98,33143239620.000004,primary_input_absent [netCashProvidedByOperatingActivities NaN (value=NaN)],
stock_CUR6K@718712e8d985,BOY.DE,2020-01-01,2.92,18043585200.0,primary_input_absent [netCashProvidedByOperatingActivities NaN (value=NaN)],
stock_CUR6K@718712e8d985,BOY.DE,2020-04-01,3.06,24327000000.0,primary_input_absent [netCashProvidedByOperatingActivities NaN (value=NaN)],
stock_CUR6K@718712e8d985,BOY.DE,2020-07-01,2.37,16901062500.0,primary_input_absent [netCashProvidedByOperatingActivities NaN (value=NaN)],
stock_CUR6K@718712e8d985,BOY.DE,2020-10-01,4.04,29626665320.0,primary_input_absent [netCashProvidedByOperatingActivities NaN (value=NaN)],
stock_CUR6K@718712e8d985,BOY.DE,2021-01-01,4.43,31531176209.999996,primary_input_absent [netCashProvidedByOperatingActivities NaN (value=NaN)],
stock_CUR6K@718712e8d985,BOY.DE,2021-04-01,4.355141471255691,33022220000.000004,primary_input_absent [netCashProvidedByOperatingActivities NaN (value=NaN)],
stock_CUR6K@718712e8d985,BOY.DE,2021-07-01,5.72,39430694160.0,primary_input_absent [netCashProvidedByOperatingActivities NaN (value=NaN)],
stock_CUR6K@718712e8d985,BOY.DE,2021-10-01,5.25,34336328250.0,primary_input_absent [netCashProvidedByOperatingActivities NaN (value=NaN)],totalCurrentLiabilities
stock_CUR6K@718712e8d985,BOY.DE,2022-01-01,5.388596246316116,34740280000.0,primary_input_absent [netCashProvidedByOperatingActivities NaN (value=NaN)],
stock_CUR6K@718712e8d985,BOY.DE,2022-04-01,4.573184229839928,30283625970.0,primary_input_absent [netCashProvidedByOperatingActivities NaN (value=NaN)],
stock_CUR6K@718712e8d985,BOY.DE,2022-07-01,4.454673288297202,29289552600.0,primary_input_absent [netCashProvidedByOperatingActivities NaN (value=NaN)],
stock_CUR6K@718712e8d985,BOY.DE,2022-10-01,5.805914070183623,36665375000.0,primary_input_absent [netCashProvidedByOperatingActivities NaN (value=NaN)],totalCurrentLiabilities
stock_CUR6K@718712e8d985,BOY.DE,2023-01-01,6.57,39544830000.0,primary_input_absent [netCashProvidedByOperatingActivities NaN (value=NaN)],
stock_CUR6K@718712e8d985,BOY.DE,2023-04-01,7.03,41966105220.0,primary_input_absent [netCashProvidedByOperatingActivities NaN (value=NaN)],
stock_CUR6K@718712e8d985,BOY.DE,2023-07-01,7.353416557597613,44991496830.0,primary_input_absent [netCashProvidedByOperatingActivities NaN (value=NaN)],
stock_CUR6K@718712e8d985,BOY.DE,2023-10-01,8.43,49176860220.0,primary_input_absent [netCashProvidedByOperatingActivities NaN (value=NaN)],
stock_CUR6K@718712e8d985,BOY.DE,2024-01-01,10.92678143199726,63790550000.0,primary_input_absent [netCashProvidedByOperatingActivities NaN (value=NaN)],
stock_CUR6K@718712e8d985,BOY.DE,2024-04-01,9.5,54646707500.0,primary_input_absent [netCashProvidedByOperatingActivities NaN (value=NaN)],
stock_CUR6K@718712e8d985,BOY.DE,2024-07-01,9.355181028916558,55854687350.00001,primary_input_absent [netCashProvidedByOperatingActivities NaN (value=NaN)],
stock_CUR6K@718712e8d985,BOY.DE,2024-10-01,9.45,54400049549.99999,primary_input_absent [netCashProvidedByOperatingActivities NaN (value=NaN)],
stock_CUR6K@718712e8d985,BOY.DE,2025-01-01,12.513017854047495,72187600000.0,primary_input_absent [netCashProvidedByOperatingActivities NaN (value=NaN)],
stock_CUR6K@718712e8d985,BOY.DE,2025-04-01,13.06,75137902100.0,primary_input_absent [netCashProvidedByOperatingActivities NaN (value=NaN)],
stock_CUR6K@718712e8d985,BOY.DE,2025-07-01,16.34,94025016900.0,primary_input_absent [netCashProvidedByOperatingActivities NaN (value=NaN)],
stock_CUR6K@718712e8d985,BOY.DE,2025-10-01,19.83074665227739,114111768000.0,primary_input_absent [netCashProvidedByOperatingActivities NaN (value=NaN)],
stock_CUR6K@718712e8d985,BOY.DE,2026-01-01,18.25,103276750000.0,primary_input_absent [netCashProvidedByOperatingActivities NaN (value=NaN)],
stock_CUR6K@718712e8d985,BOY.DE,2026-04-01,21.87,120377378880.0,primary_input_absent [netCashProvidedByOperatingActivities NaN (value=NaN)],
stock_CUR6K@718712e8d985,BULL,2022-01-01,9.94,4970000000.0,primary_input_absent [netCashProvidedByOperatingActivities NaN (value=NaN)],nan
stock_CUR6K@718712e8d985,BULL,2022-04-01,9.94,5119100000.0,primary_input_absent [netCashProvidedByOperatingActivities NaN (value=NaN)],nan
stock_CUR6K@718712e8d985,BULL,2022-07-01,9.95,5213800000.0,primary_input_absent [netCashProvidedByOperatingActivities NaN (value=NaN)],nan
stock_CUR6K@718712e8d985,BULL,2022-10-01,10.18,5334320000.0,primary_input_absent [netCashProvidedByOperatingActivities NaN (value=NaN)],nan
stock_CUR6K@718712e8d985,BULL,2023-01-01,10.43,4791156142.15,primary_input_absent [netCashProvidedByOperatingActivities NaN (value=NaN)],nan
stock_CUR6K@718712e8d985,BULL,2023-04-01,10.59,4864654222.95,primary_input_absent [netCashProvidedByOperatingActivities NaN (value=NaN)],nan
stock_CUR6K@718712e8d985,BULL,2023-07-01,10.75,4938152303.75,primary_input_absent [netCashProvidedByOperatingActivities NaN (value=NaN)],nan
stock_CUR6K@718712e8d985,BULL,2023-10-01,10.829999999999998,4974901344.15,primary_input_absent [netCashProvidedByOperatingActivities NaN (value=NaN)],nan
stock_CUR6K@718712e8d985,BULL,2024-01-01,11.07,5085148465.35,primary_input_absent [netCashProvidedByOperatingActivities NaN (value=NaN)],nan
stock_CUR6K@718712e8d985,BULL,2024-04-01,11.12,5108116615.599999,primary_input_absent [netCashProvidedByOperatingActivities NaN (value=NaN)],nan
stock_CUR6K@718712e8d985,BULL,2024-07-01,11.34,5209176476.7,primary_input_absent [netCashProvidedByOperatingActivities NaN (value=NaN)],nan
stock_CUR6K@718712e8d985,BULL,2024-10-01,11.629999999999999,5354534852.12,primary_input_absent [netCashProvidedByOperatingActivities NaN (value=NaN)],nan
stock_CUR6K@718712e8d985,BULL,2025-01-01,12.2,5629705152.4,primary_input_absent [netCashProvidedByOperatingActivities NaN (value=NaN)],nan
stock_CUR6K@718712e8d985,BULL,2025-04-01,11.96,5159424818.6,primary_input_absent [netCashProvidedByOperatingActivities NaN (value=NaN)],nan
stock_CUR6K@718712e8d985,BULL,2025-07-01,14.79,7248637361.339999,primary_input_absent [netCashProvidedByOperatingActivities NaN (value=NaN)],nan
stock_CUR6K@718712e8d985,BULL,2025-10-01,7.77,4055702168.0699997,primary_input_absent [netCashProvidedByOperatingActivities NaN (value=NaN)],nan
stock_CUR6K@718712e8d985,BULL,2026-01-01,4.8,2525411299.2,primary_input_absent [netCashProvidedByOperatingActivities NaN (value=NaN)],nan
stock_CUR6K@718712e8d985,BULL,2026-04-01,6.52,3459789204.3199997,primary_input_absent [netCashProvidedByOperatingActivities NaN (value=NaN)],nan
stock_CUR6K@718712e8d985,BWB.DE,2002-10-01,1.09,50134539.1,primary_input_absent [netCashProvidedByOperatingActivities NaN (value=NaN)],
stock_CUR6K@718712e8d985,BWB.DE,2003-10-01,2.97,134720307.81,primary_input_absent [netCashProvidedByOperatingActivities NaN (value=NaN)],
stock_CUR6K@718712e8d985,BWB.DE,2004-10-01,2.45,110824882.7,primary_input_absent [netCashProvidedByOperatingActivities NaN (value=NaN)],
stock_CUR6K@718712e8d985,BWB.DE,2005-10-01,3.31,150326996.41,primary_input_absent [netCashProvidedByOperatingActivities NaN (value=NaN)],
stock_CUR6K@718712e8d985,BWB.DE,2006-10-01,,0.0,primary_input_absent [netCashProvidedByOperatingActivities NaN (value=NaN)],
stock_CUR6K@718712e8d985,BWB.DE,2007-10-01,4.9,224718169.9,primary_input_absent [netCashProvidedByOperatingActivities NaN (value=NaN)],
stock_CUR6K@718712e8d985,BWB.DE,2008-10-01,2.1,96456374.7,primary_input_absent [netCashProvidedByOperatingActivities NaN (value=NaN)],
stock_CUR6K@718712e8d985,BWB.DE,2009-10-01,,0.0,primary_input_absent [netCashProvidedByOperatingActivities NaN (value=NaN)],
stock_CUR6K@718712e8d985,BWB.DE,2010-04-01,3.53,161684568.82,primary_input_absent [netCashProvidedByOperatingActivities NaN (value=NaN)],
stock_CUR6K@718712e8d985,BWB.DE,2010-10-01,3.13,143384361.0,primary_input_absent [netCashProvidedByOperatingActivities NaN (value=NaN)],
stock_CUR6K@718712e8d985,BWB.DE,2011-04-01,2.98,128305470.46,primary_input_absent [netCashProvidedByOperatingActivities NaN (value=NaN)],totalCurrentAssets
stock_CUR6K@718712e8d985,BWB.DE,2011-10-01,2.04,93322900.8,primary_input_absent [netCashProvidedByOperatingActivities NaN (value=NaN)],
stock_CUR6K@718712e8d985,BWB.DE,2012-04-01,1.87,82824646.85000001,primary_input_absent [netCashProvidedByOperatingActivities NaN (value=NaN)],
stock_CUR6K@718712e8d985,BWB.DE,2012-10-01,1.97,90724813.85,primary_input_absent [netCashProvidedByOperatingActivities NaN (value=NaN)],
stock_CUR6K@718712e8d985,BWB.DE,2013-04-01,2.0,91694230.0,primary_input_absent [netCashProvidedByOperatingActivities NaN (value=NaN)],
stock_CUR6K@718712e8d985,BWB.DE,2013-10-01,2.45,112325431.75000001,primary_input_absent [netCashProvidedByOperatingActivities NaN (value=NaN)],
stock_CUR6K@718712e8d985,BWB.DE,2014-04-01,2.83,129150946.91,primary_input_absent [netCashProvidedByOperatingActivities NaN (value=NaN)],totalCurrentLiabilities
stock_CUR6K@718712e8d985,BWB.DE,2014-10-01,2.5,114090942.5,primary_input_absent [netCashProvidedByOperatingActivities NaN (value=NaN)],
stock_CUR6K@718712e8d985,BWB.DE,2015-04-01,2.55,116360855.39999999,primary_input_absent [netCashProvidedByOperatingActivities NaN (value=NaN)],
stock_CUR6K@718712e8d985,BWB.DE,2015-10-01,2.9,132331953.2,primary_input_absent [netCashProvidedByOperatingActivities NaN (value=NaN)],
stock_CUR6K@718712e8d985,BWB.DE,2016-04-01,2.07,100774499.30999999,primary_input_absent [netCashProvidedByOperatingActivities NaN (value=NaN)],
stock_CUR6K@718712e8d985,BWB.DE,2016-10-01,1.9,80902074.1,primary_input_absent [netCashProvidedByOperatingActivities NaN (value=NaN)],
stock_CUR6K@718712e8d985,BWB.DE,2017-04-01,1.92,80870400.0,primary_input_absent [netCashProvidedByOperatingActivities NaN (value=NaN)],
stock_CUR6K@718712e8d985,BWB.DE,2017-10-01,1.89,92880973.08,primary_input_absent [netCashProvidedByOperatingActivities NaN (value=NaN)],
stock_CUR6K@718712e8d985,BWB.DE,2018-04-01,2.02,85284400.0,primary_input_absent [netCashProvidedByOperatingActivities NaN (value=NaN)],
stock_CUR6K@718712e8d985,BWB.DE,2018-10-01,1.28,62775516.160000004,primary_input_absent [netCashProvidedByOperatingActivities NaN (value=NaN)],
stock_CUR6K@718712e8d985,BWB.DE,2019-04-01,1.13,51563802.919999994,primary_input_absent [netCashProvidedByOperatingActivities NaN (value=NaN)],
stock_CUR6K@718712e8d985,BWB.DE,2019-10-01,1.14,52020120.9,primary_input_absent [netCashProvidedByOperatingActivities NaN (value=NaN)],
stock_CUR6K@718712e8d985,BWB.DE,2020-04-01,1.7700000000000002,80768080.68,primary_input_absent [netCashProvidedByOperatingActivities NaN (value=NaN)],
stock_CUR6K@718712e8d985,BWB.DE,2020-10-01,4.5,205342587.0,primary_input_absent [netCashProvidedByOperatingActivities NaN (value=NaN)],
stock_CUR6K@718712e8d985,BWB.DE,2021-04-01,9.26,422806905.18,primary_input_absent [netCashProvidedByOperatingActivities NaN (value=NaN)],
stock_CUR6K@718712e8d985,BWB.DE,2021-10-01,6.48,307471081.68,primary_input_absent [netCashProvidedByOperatingActivities NaN (value=NaN)],
stock_CUR6K@718712e8d985,BWB.DE,2022-04-01,5.0,232055030.0,primary_input_absent [netCashProvidedByOperatingActivities NaN (value=NaN)],
stock_CUR6K@718712e8d985,BWB.DE,2022-10-01,4.22,205924652.42,primary_input_absent [netCashProvidedByOperatingActivities NaN (value=NaN)],
stock_CUR6K@718712e8d985,BWB.DE,2023-04-01,3.97,193725320.70000002,primary_input_absent [netCashProvidedByOperatingActivities NaN (value=NaN)],
stock_CUR6K@718712e8d985,BWB.DE,2023-10-01,3.3700000000000006,157266664.42000002,primary_input_absent [netCashProvidedByOperatingActivities NaN (value=NaN)],
stock_CUR6K@718712e8d985,BWB.DE,2024-04-01,4.32,212585139.36,primary_input_absent [netCashProvidedByOperatingActivities NaN (value=NaN)],
stock_CUR6K@718712e8d985,BWB.DE,2024-10-01,4.05,199343960.54999998,primary_input_absent [netCashProvidedByOperatingActivities NaN (value=NaN)],
stock_CUR6K@718712e8d985,BWB.DE,2025-04-01,4.46,216594940.48,primary_input_absent [netCashProvidedByOperatingActivities NaN (value=NaN)],
stock_CUR6K@718712e8d985,BWB.DE,2025-10-01,6.45,313805400.0,primary_input_absent [netCashProvidedByOperatingActivities NaN (value=NaN)],
stock_CUR6K@718712e8d985,BWB.DE,2026-04-01,6.86,334749546.6,primary_input_absent [netCashProvidedByOperatingActivities NaN (value=NaN)],
stock_CUR6K@718712e8d985,BZ,2020-01-01,263.46528,93840168702.30913,primary_input_absent [netCashProvidedByOperatingActivities NaN (value=NaN)],nan
stock_CUR6K@718712e8d985,BZ,2020-10-01,242.73000000000005,86454747088.92001,primary_input_absent [netCashProvidedByOperatingActivities NaN (value=NaN)],nan
stock_CUR6K@718712e8d985,BZ,2021-01-01,243.75672000000003,97490518445.75401,primary_input_absent [netCashProvidedByOperatingActivities NaN (value=NaN)],nan
stock_CUR6K@718712e8d985,BZ,2021-04-01,256.00419,106328462061.39183,primary_input_absent [netCashProvidedByOperatingActivities NaN (value=NaN)],nan
stock_CUR6K@718712e8d985,BZ,2021-07-01,232.01313399999998,99934423022.18382,primary_input_absent [netCashProvidedByOperatingActivities NaN (value=NaN)],nan
stock_CUR6K@718712e8d985,BZ,2021-10-01,221.561248,95664921585.92717,primary_input_absent [netCashProvidedByOperatingActivities NaN (value=NaN)],nan
stock_CUR6K@718712e8d985,BZ,2022-01-01,157.97922,68691820484.99568,primary_input_absent [netCashProvidedByOperatingActivities NaN (value=NaN)],nan
stock_CUR6K@718712e8d985,BZ,2022-04-01,176.05497599999998,80612897122.65485,primary_input_absent [netCashProvidedByOperatingActivities NaN (value=NaN)],nan
stock_CUR6K@718712e8d985,BZ,2022-07-01,120.07588,52371171190.10792,primary_input_absent [netCashProvidedByOperatingActivities NaN (value=NaN)],nan
stock_CUR6K@718712e8d985,BZ,2022-10-01,140.49596400000001,60737056014.50526,primary_input_absent [netCashProvidedByOperatingActivities NaN (value=NaN)],nan
stock_CUR6K@718712e8d985,BZ,2023-01-01,130.680913,56583931539.805695,primary_input_absent [netCashProvidedByOperatingActivities NaN (value=NaN)],nan
stock_CUR6K@718712e8d985,BZ,2023-04-01,109.12905500000001,47397122907.34964,primary_input_absent [netCashProvidedByOperatingActivities NaN (value=NaN)],nan
stock_CUR6K@718712e8d985,BZ,2023-07-01,110.74858500000002,48195487709.341446,primary_input_absent [netCashProvidedByOperatingActivities NaN (value=NaN)],nan
stock_CUR6K@718712e8d985,BZ,2023-10-01,117.886153,51647768547.594444,primary_input_absent [netCashProvidedByOperatingActivities NaN (value=NaN)],nan
stock_CUR6K@718712e8d985,BZ,2024-01-01,133.1766,58646503102.4784,primary_input_absent [netCashProvidedByOperatingActivities NaN (value=NaN)],nan
stock_CUR6K@718712e8d985,BZ,2024-04-01,135.335746,60152273017.382,primary_input_absent [netCashProvidedByOperatingActivities NaN (value=NaN)],nan
stock_CUR6K@718712e8d985,BZ,2024-07-01,121.816856,54861195634.448,primary_input_absent [netCashProvidedByOperatingActivities NaN (value=NaN)],nan
stock_CUR6K@718712e8d985,BZ,2024-10-01,100.72344000000001,45260883551.520004,primary_input_absent [netCashProvidedByOperatingActivities NaN (value=NaN)],nan
stock_CUR6K@718712e8d985,BZ,2025-01-01,139.10135400000001,60578083261.58401,primary_input_absent [netCashProvidedByOperatingActivities NaN (value=NaN)],nan
stock_CUR6K@718712e8d985,BZ,2025-04-01,127.789704,55651904933.184,primary_input_absent [netCashProvidedByOperatingActivities NaN (value=NaN)],nan
stock_CUR6K@718712e8d985,BZ,2025-07-01,166.28816,76599859017.07169,primary_input_absent [netCashProvidedByOperatingActivities NaN (value=NaN)],nan
stock_CUR6K@718712e8d985,BZ,2025-10-01,142.509188,66190131263.711975,primary_input_absent [netCashProvidedByOperatingActivities NaN (value=NaN)],nan
stock_CUR6K@718712e8d985,BZ,2026-01-01,92.35752500000001,42838096893.14708,primary_input_absent [netCashProvidedByOperatingActivities NaN (value=NaN)],nan
stock_CUR6K@718712e8d985,BZ,2026-04-01,87.31780200000001,39645871393.569016,primary_input_absent [netCashProvidedByOperatingActivities NaN (value=NaN)],nan
stock_CUR6K@718712e8d985,CDRO,2020-01-01,9.285632000000001,557026.4924160001,primary_input_absent [netCashProvidedByOperatingActivities NaN (value=NaN)],nan
stock_CUR6K@718712e8d985,CDRO,2020-07-01,8.731648,77282515.432448,primary_input_absent [netCashProvidedByOperatingActivities NaN (value=NaN)],nan
stock_CUR6K@718712e8d985,CDRO,2020-10-01,8.378368,74155686.791168,primary_input_absent [netCashProvidedByOperatingActivities NaN (value=NaN)],nan
stock_CUR6K@718712e8d985,CDRO,2021-01-01,8.317719199999999,413548680.90479994,primary_input_absent [netCashProvidedByOperatingActivities NaN (value=NaN)],nan
stock_CUR6K@718712e8d985,CDRO,2021-04-01,8.3598822,415644983.10179996,primary_input_absent [netCashProvidedByOperatingActivities NaN (value=NaN)],nan
stock_CUR6K@718712e8d985,CDRO,2021-07-01,8.558276000000001,386140384.13882005,primary_input_absent [netCashProvidedByOperatingActivities NaN (value=NaN)],nan
stock_CUR6K@718712e8d985,CDRO,2021-10-01,5.293988,238859153.40265998,primary_input_absent [netCashProvidedByOperatingActivities NaN (value=NaN)],nan
stock_CUR6K@718712e8d985,CDRO,2022-01-01,4.579731,207274892.579235,primary_input_absent [netCashProvidedByOperatingActivities NaN (value=NaN)],nan
stock_CUR6K@718712e8d985,CDRO,2022-04-01,2.681021,121340825.427885,primary_input_absent [netCashProvidedByOperatingActivities NaN (value=NaN)],nan
stock_CUR6K@718712e8d985,CDRO,2022-07-01,2.75535,123847471.8,primary_input_absent [netCashProvidedByOperatingActivities NaN (value=NaN)],nan
stock_CUR6K@718712e8d985,CDRO,2022-10-01,2.409462,108300497.976,primary_input_absent [netCashProvidedByOperatingActivities NaN (value=NaN)],nan
stock_CUR6K@718712e8d985,CDRO,2023-01-01,2.80288,122157919.04,primary_input_absent [netCashProvidedByOperatingActivities NaN (value=NaN)],nan
stock_CUR6K@718712e8d985,CDRO,2023-04-01,3.2994,143797750.2,primary_input_absent [netCashProvidedByOperatingActivities NaN (value=NaN)],nan
stock_CUR6K@718712e8d985,CDRO,2023-07-01,2.845955,128294680.929345,primary_input_absent [netCashProvidedByOperatingActivities NaN (value=NaN)],nan
stock_CUR6K@718712e8d985,CDRO,2023-10-01,2.659818,119904595.44,primary_input_absent [netCashProvidedByOperatingActivities NaN (value=NaN)],nan
stock_CUR6K@718712e8d985,CDRO,2024-01-01,6.42045,269658900.0,primary_input_absent [netCashProvidedByOperatingActivities NaN (value=NaN)],nan
stock_CUR6K@718712e8d985,CDRO,2024-04-01,7.575534,318172428.0,primary_input_absent [netCashProvidedByOperatingActivities NaN (value=NaN)],nan
stock_CUR6K@718712e8d985,CDRO,2024-07-01,7.174221,334824301.824975,primary_input_absent [netCashProvidedByOperatingActivities NaN (value=NaN)],nan
stock_CUR6K@718712e8d985,CDRO,2024-10-01,6.228765000000001,290699421.21337503,primary_input_absent [netCashProvidedByOperatingActivities NaN (value=NaN)],nan
stock_CUR6K@718712e8d985,CDRO,2025-01-01,6.699725,305211848.033825,primary_input_absent [netCashProvidedByOperatingActivities NaN (value=NaN)],nan
stock_CUR6K@718712e8d985,CDRO,2025-04-01,7.203765,328173832.276905,primary_input_absent [netCashProvidedByOperatingActivities NaN (value=NaN)],nan
stock_CUR6K@718712e8d985,CDRO,2025-07-01,5.8788,267108774.678,primary_input_absent [netCashProvidedByOperatingActivities NaN (value=NaN)],nan
stock_CUR6K@718712e8d985,CDRO,2025-10-01,6.834332999999999,310524309.956355,primary_input_absent [netCashProvidedByOperatingActivities NaN (value=NaN)],nan
stock_CUR6K@718712e8d985,CDRO,2026-04-01,8.376621,380884202.97411,primary_input_absent [netCashProvidedByOperatingActivities NaN (value=NaN)],nan
stock_CUR6K@718712e8d985,CHAR.L,2008-01-01,,0.0,primary_input_absent [revenue impossible: < 0 (value=-78000)],nan
stock_CUR6K@718712e8d985,CHAR.L,2009-01-01,,0.0,primary_input_absent [revenue impossible: < 0 (value=-78000)],nan
stock_CUR6K@718712e8d985,CHAR.L,2010-01-01,,0.0,primary_input_absent [revenue impossible: < 0 (value=-78000)],nan
stock_CUR6K@718712e8d985,CHAR.L,2011-01-01,,0.0,primary_input_absent [revenue impossible: < 0 (value=-78000)],nan
stock_CUR6K@718712e8d985,CHAR.L,2011-10-01,,324003890.33571,primary_input_absent [revenue impossible: < 0 (value=-78000)],nan
stock_CUR6K@718712e8d985,CHAR.L,2012-10-01,0.440231289,87306669.23448001,primary_input_absent [revenue impossible: < 0 (value=-78000)],nan
stock_CUR6K@718712e8d985,CHAR.L,2013-04-01,0.26580604999999996,53338502.63534999,primary_input_absent [revenue impossible: < 0 (value=-78000)],nan
stock_CUR6K@718712e8d985,CHAR.L,2013-10-01,0.30988518,62336502.8088,primary_input_absent [revenue impossible: < 0 (value=-78000)],nan
stock_CUR6K@718712e8d985,CHAR.L,2014-04-01,0.315589095,63762567.521084994,primary_input_absent [revenue impossible: < 0 (value=-78000)],nan
stock_CUR6K@718712e8d985,CHAR.L,2014-10-01,0.136436124,33134331.330144,primary_input_absent [revenue impossible: < 0 (value=-78000)],nan
stock_CUR6K@718712e8d985,CHAR.L,2015-04-01,0.13749050000000002,36062933.207,primary_input_absent [revenue impossible: < 0 (value=-78000)],nan
stock_CUR6K@718712e8d985,CHAR.L,2015-10-01,0.08442009,22284286.73721,primary_input_absent [revenue impossible: < 0 (value=-78000)],nan
stock_CUR6K@718712e8d985,CHAR.L,2016-04-01,0.07026518400000001,18590832.647904,primary_input_absent [revenue impossible: < 0 (value=-78000)],nan
stock_CUR6K@718712e8d985,CHAR.L,2016-10-01,0.099502293,26667709.049223002,primary_input_absent [revenue impossible: < 0 (value=-78000)],nan
stock_CUR6K@718712e8d985,CHAR.L,2017-04-01,0.16348131999999999,43889993.46172,primary_input_absent [revenue impossible: < 0 (value=-78000)],nan
stock_CUR6K@718712e8d985,CHAR.L,2017-10-01,0.22435957499999998,60289904.993999995,primary_input_absent [revenue impossible: < 0 (value=-78000)],nan
stock_CUR6K@718712e8d985,CHAR.L,2018-04-01,0.10562480000000002,33696106.821600005,primary_input_absent [revenue impossible: < 0 (value=-78000)],nan
stock_CUR6K@718712e8d985,CHAR.L,2018-10-01,0.032102532,11793988.718820002,primary_input_absent [revenue impossible: < 0 (value=-78000)],nan
stock_CUR6K@718712e8d985,CHAR.L,2019-04-01,0.051435439000000006,18890899.423286002,primary_input_absent [revenue impossible: < 0 (value=-78000)],nan
stock_CUR6K@718712e8d985,CHAR.L,2019-10-01,0.042268138000000004,15535020.099830002,primary_input_absent [revenue impossible: < 0 (value=-78000)],nan
stock_CUR6K@718712e8d985,CHAR.L,2020-04-01,0.027030256000000003,10042253.678864,primary_input_absent [revenue impossible: < 0 (value=-78000)],nan
stock_CUR6K@718712e8d985,CHAR.L,2020-10-01,0.11607685,44942634.783,primary_input_absent [revenue impossible: < 0 (value=-78000)],nan
stock_CUR6K@718712e8d985,CHAR.L,2021-04-01,0.073840986,28902026.489274,primary_input_absent [revenue impossible: < 0 (value=-78000)],nan
stock_CUR6K@718712e8d985,CHAR.L,2021-10-01,0.095402715,61849580.1345,primary_input_absent [revenue impossible: < 0 (value=-78000)],nan
stock_CUR6K@718712e8d985,CHAR.L,2022-04-01,0.21672212,178152301.02572,primary_input_absent [revenue impossible: < 0 (value=-78000)],nan
stock_CUR6K@718712e8d985,CHAR.L,2022-10-01,0.19470062700000001,186990287.470173,primary_input_absent [revenue impossible: < 0 (value=-78000)],nan
stock_CUR6K@718712e8d985,CHAR.L,2023-04-01,0.21882732000000002,210526762.09776002,primary_input_absent [revenue impossible: < 0 (value=-78000)],nan
stock_CUR6K@718712e8d985,CHAR.L,2023-10-01,0.1264089,133173545.8746,primary_input_absent [revenue impossible: < 0 (value=-78000)],nan
stock_CUR6K@718712e8d985,CHAR.L,2024-04-01,0.093229026,100115667.692568,primary_input_absent [revenue impossible: < 0 (value=-78000)],nan
stock_CUR6K@718712e8d985,CHAR.L,2024-10-01,0.025022600000000002,28672802.527775403,primary_input_absent [revenue impossible: < 0 (value=-78000)],nan
stock_CUR6K@718712e8d985,CHAR.L,2025-04-01,0.020871424,25554546.039878912,primary_input_absent [revenue impossible: < 0 (value=-78000)],nan
stock_CUR6K@718712e8d985,CHAR.L,2025-10-01,0.019779437999999996,27933072.686682906,primary_input_absent [revenue impossible: < 0 (value=-78000)],nan
stock_CUR6K@718712e8d985,CWC.DE,2009-04-01,23.89,162233143.71,primary_input_absent [netCashProvidedByOperatingActivities NaN (value=NaN)],nan
stock_CUR6K@718712e8d985,CWC.DE,2009-10-01,22.6,153467989.4,primary_input_absent [netCashProvidedByOperatingActivities NaN (value=NaN)],nan
stock_CUR6K@718712e8d985,CWC.DE,2010-01-01,27.77,188576711.51,primary_input_absent [netCashProvidedByOperatingActivities NaN (value=NaN)],nan
stock_CUR6K@718712e8d985,CWC.DE,2010-04-01,25.62,173976786.06,primary_input_absent [netCashProvidedByOperatingActivities NaN (value=NaN)],nan
stock_CUR6K@718712e8d985,CWC.DE,2010-07-01,27.23,184841188.35,primary_input_absent [netCashProvidedByOperatingActivities NaN (value=NaN)],nan
stock_CUR6K@718712e8d985,CWC.DE,2010-10-01,33.35,226075447.9,primary_input_absent [netCashProvidedByOperatingActivities NaN (value=NaN)],nan
stock_CUR6K@718712e8d985,CWC.DE,2011-01-01,31.61,214283020.43,primary_input_absent [netCashProvidedByOperatingActivities NaN (value=NaN)],nan
stock_CUR6K@718712e8d985,CWC.DE,2011-04-01,32.3,218495610.99999997,primary_input_absent [netCashProvidedByOperatingActivities NaN (value=NaN)],nan
stock_CUR6K@718712e8d985,CWC.DE,2011-07-01,28.489999999999995,192047899.11999997,primary_input_absent [netCashProvidedByOperatingActivities NaN (value=NaN)],nan
stock_CUR6K@718712e8d985,CWC.DE,2011-10-01,31.389999999999997,223053635.98,primary_input_absent [netCashProvidedByOperatingActivities NaN (value=NaN)],nan
stock_CUR6K@718712e8d985,CWC.DE,2012-01-01,31.469999999999995,205477574.51999998,primary_input_absent [netCashProvidedByOperatingActivities NaN (value=NaN)],nan
stock_CUR6K@718712e8d985,CWC.DE,2012-04-01,28.88,189014459.35999998,primary_input_absent [netCashProvidedByOperatingActivities NaN (value=NaN)],nan
stock_CUR6K@718712e8d985,CWC.DE,2012-07-01,32.14,210350321.96,primary_input_absent [netCashProvidedByOperatingActivities NaN (value=NaN)],nan
stock_CUR6K@718712e8d985,CWC.DE,2012-10-01,31.5,223835283.0,primary_input_absent [netCashProvidedByOperatingActivities NaN (value=NaN)],nan
stock_CUR6K@718712e8d985,CWC.DE,2013-01-01,32.6,213360806.0,primary_input_absent [netCashProvidedByOperatingActivities NaN (value=NaN)],nan
stock_CUR6K@718712e8d985,CWC.DE,2013-04-01,34.21,224422320.98000002,primary_input_absent [netCashProvidedByOperatingActivities NaN (value=NaN)],nan
stock_CUR6K@718712e8d985,CWC.DE,2013-07-01,37.71,249232856.58,primary_input_absent [netCashProvidedByOperatingActivities NaN (value=NaN)],nan
stock_CUR6K@718712e8d985,CWC.DE,2013-10-01,42.75,303776455.5,primary_input_absent [netCashProvidedByOperatingActivities NaN (value=NaN)],nan
stock_CUR6K@718712e8d985,CWC.DE,2014-01-01,55.82,367384967.82,primary_input_absent [netCashProvidedByOperatingActivities NaN (value=NaN)],nan
stock_CUR6K@718712e8d985,CWC.DE,2014-04-01,52.06,366686171.8,primary_input_absent [netCashProvidedByOperatingActivities NaN (value=NaN)],nan
stock_CUR6K@718712e8d985,CWC.DE,2014-07-01,52.28,371301029.36,primary_input_absent [netCashProvidedByOperatingActivities NaN (value=NaN)],nan
stock_CUR6K@718712e8d985,CWC.DE,2014-10-01,51.51,366023981.82,primary_input_absent [netCashProvidedByOperatingActivities NaN (value=NaN)],nan
stock_CUR6K@718712e8d985,CWC.DE,2015-01-01,59.15,421079740.9,primary_input_absent [netCashProvidedByOperatingActivities NaN (value=NaN)],nan
stock_CUR6K@718712e8d985,CWC.DE,2015-04-01,50.230000000000004,357731479.87,primary_input_absent [netCashProvidedByOperatingActivities NaN (value=NaN)],nan
stock_CUR6K@718712e8d985,CWC.DE,2015-07-01,49.76,355165134.88,primary_input_absent [netCashProvidedByOperatingActivities NaN (value=NaN)],nan
stock_CUR6K@718712e8d985,CWC.DE,2015-10-01,54.61,388052216.02,primary_input_absent [netCashProvidedByOperatingActivities NaN (value=NaN)],nan
stock_CUR6K@718712e8d985,CWC.DE,2016-01-01,57.8,413616915.59999996,primary_input_absent [netCashProvidedByOperatingActivities NaN (value=NaN)],nan
stock_CUR6K@718712e8d985,CWC.DE,2016-04-01,65.61,469164840.93,primary_input_absent [netCashProvidedByOperatingActivities NaN (value=NaN)],nan
stock_CUR6K@718712e8d985,CWC.DE,2016-07-01,80.0,570769440.0,primary_input_absent [netCashProvidedByOperatingActivities NaN (value=NaN)],nan
stock_CUR6K@718712e8d985,CWC.DE,2016-10-01,84.57000000000001,600944440.74,primary_input_absent [netCashProvidedByOperatingActivities NaN (value=NaN)],nan
stock_CUR6K@718712e8d985,CWC.DE,2017-01-01,82.15,586832938.8000001,primary_input_absent [netCashProvidedByOperatingActivities NaN (value=NaN)],nan
stock_CUR6K@718712e8d985,CWC.DE,2017-04-01,73.83,527399510.72999996,primary_input_absent [netCashProvidedByOperatingActivities NaN (value=NaN)],nan
stock_CUR6K@718712e8d985,CWC.DE,2017-07-01,80.41,568154062.74,primary_input_absent [netCashProvidedByOperatingActivities NaN (value=NaN)],nan
stock_CUR6K@718712e8d985,CWC.DE,2017-10-01,87.6,622475263.1999999,primary_input_absent [netCashProvidedByOperatingActivities NaN (value=NaN)],nan
stock_CUR6K@718712e8d985,CWC.DE,2018-01-01,79.9,572082402.0,primary_input_absent [netCashProvidedByOperatingActivities NaN (value=NaN)],nan
stock_CUR6K@718712e8d985,CWC.DE,2018-04-01,79.2,567512827.2,primary_input_absent [netCashProvidedByOperatingActivities NaN (value=NaN)],nan
stock_CUR6K@718712e8d985,CWC.DE,2018-07-01,73.8,528406524.0,primary_input_absent [netCashProvidedByOperatingActivities NaN (value=NaN)],nan
stock_CUR6K@718712e8d985,CWC.DE,2018-10-01,63.3,449802330.59999996,primary_input_absent [netCashProvidedByOperatingActivities NaN (value=NaN)],nan
stock_CUR6K@718712e8d985,CWC.DE,2019-01-01,80.2,566913750.0,primary_input_absent [netCashProvidedByOperatingActivities NaN (value=NaN)],nan
stock_CUR6K@718712e8d985,CWC.DE,2019-04-01,87.0,625880958.0,primary_input_absent [netCashProvidedByOperatingActivities NaN (value=NaN)],nan
stock_CUR6K@718712e8d985,CWC.DE,2019-07-01,77.1,547410000.0,primary_input_absent [netCashProvidedByOperatingActivities NaN (value=NaN)],nan
stock_CUR6K@718712e8d985,CWC.DE,2019-10-01,105.8,717591885.6,primary_input_absent [netCashProvidedByOperatingActivities NaN (value=NaN)],nan
stock_CUR6K@718712e8d985,CWC.DE,2020-01-01,80.0,581000000.0,primary_input_absent [netCashProvidedByOperatingActivities NaN (value=NaN)],nan
stock_CUR6K@718712e8d985,CWC.DE,2020-04-01,98.5,708890710.0,primary_input_absent [netCashProvidedByOperatingActivities NaN (value=NaN)],nan
stock_CUR6K@718712e8d985,CWC.DE,2020-07-01,93.5,664399967.0,primary_input_absent [netCashProvidedByOperatingActivities NaN (value=NaN)],nan
stock_CUR6K@718712e8d985,CWC.DE,2020-10-01,92.5,657294085.0,primary_input_absent [netCashProvidedByOperatingActivities NaN (value=NaN)],nan
stock_CUR6K@718712e8d985,CWC.DE,2021-01-01,120.4,865074000.0,primary_input_absent [netCashProvidedByOperatingActivities NaN (value=NaN)],nan
stock_CUR6K@718712e8d985,CWC.DE,2021-04-01,130.6,942760130.4,primary_input_absent [netCashProvidedByOperatingActivities NaN (value=NaN)],nan
stock_CUR6K@718712e8d985,CWC.DE,2021-07-01,115.8,851543521.8,primary_input_absent [netCashProvidedByOperatingActivities NaN (value=NaN)],nan
stock_CUR6K@718712e8d985,CWC.DE,2021-10-01,128.4,927894926.4000001,primary_input_absent [netCashProvidedByOperatingActivities NaN (value=NaN)],nan
stock_CUR6K@718712e8d985,CWC.DE,2022-01-01,91.5,643729401.0,primary_input_absent [netCashProvidedByOperatingActivities NaN (value=NaN)],nan
stock_CUR6K@718712e8d985,CWC.DE,2022-04-01,80.5,567323750.0,primary_input_absent [netCashProvidedByOperatingActivities NaN (value=NaN)],nan
stock_CUR6K@718712e8d985,CWC.DE,2022-07-01,74.4,546840000.0,primary_input_absent [netCashProvidedByOperatingActivities NaN (value=NaN)],nan
stock_CUR6K@718712e8d985,CWC.DE,2022-10-01,88.7,622565076.4,primary_input_absent [netCashProvidedByOperatingActivities NaN (value=NaN)],nan
stock_CUR6K@718712e8d985,CWC.DE,2023-01-01,95.0,668031830.0,primary_input_absent [netCashProvidedByOperatingActivities NaN (value=NaN)],nan
stock_CUR6K@718712e8d985,CWC.DE,2023-04-01,91.2,645739137.6,primary_input_absent [netCashProvidedByOperatingActivities NaN (value=NaN)],nan
stock_CUR6K@718712e8d985,CWC.DE,2023-07-01,88.1,502169999.99999994,primary_input_absent [netCashProvidedByOperatingActivities NaN (value=NaN)],nan
stock_CUR6K@718712e8d985,CWC.DE,2023-10-01,102.4,722337689.6,primary_input_absent [netCashProvidedByOperatingActivities NaN (value=NaN)],nan
stock_CUR6K@718712e8d985,CWC.DE,2024-01-01,102.0,713754180.0,primary_input_absent [netCashProvidedByOperatingActivities NaN (value=NaN)],nan
stock_CUR6K@718712e8d985,CWC.DE,2024-04-01,104.8,728854132.0,primary_input_absent [netCashProvidedByOperatingActivities NaN (value=NaN)],nan
stock_CUR6K@718712e8d985,CWC.DE,2024-07-01,106.0,737246536.0,primary_input_absent [netCashProvidedByOperatingActivities NaN (value=NaN)],nan
stock_CUR6K@718712e8d985,CWC.DE,2024-10-01,103.4,715856295.0,primary_input_absent [netCashProvidedByOperatingActivities NaN (value=NaN)],nan
stock_CUR6K@718712e8d985,CWC.DE,2025-01-01,103.0,707781598.0,primary_input_absent [netCashProvidedByOperatingActivities NaN (value=NaN)],nan
stock_CUR6K@718712e8d985,CWC.DE,2025-04-01,98.1,673119036.0,primary_input_absent [netCashProvidedByOperatingActivities NaN (value=NaN)],nan
stock_CUR6K@718712e8d985,CWC.DE,2025-07-01,99.9,685415098.8000001,primary_input_absent [netCashProvidedByOperatingActivities NaN (value=NaN)],nan
stock_CUR6K@718712e8d985,CWC.DE,2025-10-01,103.8,712483200.0,primary_input_absent [netCashProvidedByOperatingActivities NaN (value=NaN)],nan
stock_CUR6K@718712e8d985,CWC.DE,2026-01-01,93.5,635696495.5,primary_input_absent [netCashProvidedByOperatingActivities NaN (value=NaN)],nan
stock_CUR6K@718712e8d985,CWC.DE,2026-04-01,91.1,614063102.9,primary_input_absent [netCashProvidedByOperatingActivities NaN (value=NaN)],nan
stock_CUR6K@718712e8d985,ECCC,2014-04-01,19.16,47900000.0,primary_input_absent [revenue impossible: < 0 (value=-6.2534e+07)],nan
stock_CUR6K@718712e8d985,ECCC,2014-10-01,20.1,220768731.9,primary_input_absent [revenue impossible: < 0 (value=-6.2534e+07)],nan
stock_CUR6K@718712e8d985,ECCC,2015-01-01,21.0,290038518.0,primary_input_absent [revenue impossible: < 0 (value=-6.2534e+07)],nan
stock_CUR6K@718712e8d985,ECCC,2015-04-01,20.23,279467860.98,primary_input_absent [revenue impossible: < 0 (value=-6.2534e+07)],nan
stock_CUR6K@718712e8d985,ECCC,2015-07-01,19.04,263074975.51999998,primary_input_absent [revenue impossible: < 0 (value=-6.2534e+07)],nan
stock_CUR6K@718712e8d985,ECCC,2015-10-01,16.43,227064407.29999998,primary_input_absent [revenue impossible: < 0 (value=-6.2534e+07)],nan
stock_CUR6K@718712e8d985,ECCC,2016-01-01,16.4,226732213.99999997,primary_input_absent [revenue impossible: < 0 (value=-6.2534e+07)],nan
stock_CUR6K@718712e8d985,ECCC,2016-04-01,16.1,243472105.10000002,primary_input_absent [revenue impossible: < 0 (value=-6.2534e+07)],nan
stock_CUR6K@718712e8d985,ECCC,2016-07-01,17.16,273742257.36,primary_input_absent [revenue impossible: < 0 (value=-6.2534e+07)],nan
stock_CUR6K@718712e8d985,ECCC,2016-10-01,16.71,266070957.18,primary_input_absent [revenue impossible: < 0 (value=-6.2534e+07)],nan
stock_CUR6K@718712e8d985,ECCC,2017-01-01,20.85,343804636.35,primary_input_absent [revenue impossible: < 0 (value=-6.2534e+07)],nan
stock_CUR6K@718712e8d985,ECCC,2017-04-01,20.68,369424231.88,primary_input_absent [revenue impossible: < 0 (value=-6.2534e+07)],nan
stock_CUR6K@718712e8d985,ECCC,2017-07-01,20.69,355039675.85,primary_input_absent [revenue impossible: < 0 (value=-6.2534e+07)],nan
stock_CUR6K@718712e8d985,ECCC,2017-10-01,19.04,366309322.4,primary_input_absent [revenue impossible: < 0 (value=-6.2534e+07)],nan
stock_CUR6K@718712e8d985,ECCC,2018-01-01,18.2,388338568.8,primary_input_absent [revenue impossible: < 0 (value=-6.2534e+07)],nan
stock_CUR6K@718712e8d985,ECCC,2018-04-01,18.17,375500275.16,primary_input_absent [revenue impossible: < 0 (value=-6.2534e+07)],nan
stock_CUR6K@718712e8d985,ECCC,2018-07-01,17.92,414266872.32000005,primary_input_absent [revenue impossible: < 0 (value=-6.2534e+07)],nan
stock_CUR6K@718712e8d985,ECCC,2018-10-01,14.21,329008662.99,primary_input_absent [revenue impossible: < 0 (value=-6.2534e+07)],nan
stock_CUR6K@718712e8d985,ECCC,2019-01-01,16.89,399403876.62,primary_input_absent [revenue impossible: < 0 (value=-6.2534e+07)],nan
stock_CUR6K@718712e8d985,ECCC,2019-04-01,18.15,443265870.29999995,primary_input_absent [revenue impossible: < 0 (value=-6.2534e+07)],nan
stock_CUR6K@718712e8d985,ECCC,2019-07-01,15.77,428377510.06,primary_input_absent [revenue impossible: < 0 (value=-6.2534e+07)],nan
stock_CUR6K@718712e8d985,ECCC,2019-10-01,14.61,418315258.59,primary_input_absent [revenue impossible: < 0 (value=-6.2534e+07)],nan
stock_CUR6K@718712e8d985,ECCC,2020-01-01,6.84,203794106.4,primary_input_absent [revenue impossible: < 0 (value=-6.2534e+07)],nan
stock_CUR6K@718712e8d985,ECCC,2020-04-01,7.11,213046187.22,primary_input_absent [revenue impossible: < 0 (value=-6.2534e+07)],nan
stock_CUR6K@718712e8d985,ECCC,2020-07-01,8.62,273746331.29999995,primary_input_absent [revenue impossible: < 0 (value=-6.2534e+07)],nan
stock_CUR6K@718712e8d985,ECCC,2020-10-01,10.09,326460830.01,primary_input_absent [revenue impossible: < 0 (value=-6.2534e+07)],nan
stock_CUR6K@718712e8d985,ECCC,2021-01-01,11.98,387611570.22,primary_input_absent [revenue impossible: < 0 (value=-6.2534e+07)],nan
stock_CUR6K@718712e8d985,ECCC,2021-04-01,13.55,467333524.45000005,primary_input_absent [revenue impossible: < 0 (value=-6.2534e+07)],nan
stock_CUR6K@718712e8d985,ECCC,2021-07-01,13.62,480678715.26,primary_input_absent [revenue impossible: < 0 (value=-6.2534e+07)],nan
stock_CUR6K@718712e8d985,ECCC,2021-10-01,14.0,513291450.0,primary_input_absent [revenue impossible: < 0 (value=-6.2534e+07)],nan
stock_CUR6K@718712e8d985,ECCC,2022-01-01,13.15,526525224.15000004,primary_input_absent [revenue impossible: < 0 (value=-6.2534e+07)],nan
stock_CUR6K@718712e8d985,ECCC,2022-04-01,11.78,514575573.85999995,primary_input_absent [revenue impossible: < 0 (value=-6.2534e+07)],nan
stock_CUR6K@718712e8d985,ECCC,2022-07-01,11.0,528275473.0,primary_input_absent [revenue impossible: < 0 (value=-6.2534e+07)],nan
stock_CUR6K@718712e8d985,ECCC,2022-10-01,10.12,557065327.7199999,primary_input_absent [revenue impossible: < 0 (value=-6.2534e+07)],nan
stock_CUR6K@718712e8d985,ECCC,2023-01-01,11.17,622452963.74,primary_input_absent [revenue impossible: < 0 (value=-6.2534e+07)],nan
stock_CUR6K@718712e8d985,ECCC,2023-04-01,10.16,638367816.48,primary_input_absent [revenue impossible: < 0 (value=-6.2534e+07)],nan
stock_CUR6K@718712e8d985,ECCC,2023-07-01,10.15,730704661.0500001,primary_input_absent [revenue impossible: < 0 (value=-6.2534e+07)],nan
stock_CUR6K@718712e8d985,ECCC,2023-10-01,9.5,731007311.0,primary_input_absent [revenue impossible: < 0 (value=-6.2534e+07)],nan
stock_CUR6K@718712e8d985,ECCC,2024-01-01,10.15,819401725.1,primary_input_absent [revenue impossible: < 0 (value=-6.2534e+07)],nan
stock_CUR6K@718712e8d985,ECCC,2024-04-01,10.04,981716842.4799999,primary_input_absent [revenue impossible: < 0 (value=-6.2534e+07)],nan
stock_CUR6K@718712e8d985,ECCC,2024-07-01,9.86,1044496964.3,primary_input_absent [revenue impossible: < 0 (value=-6.2534e+07)],nan
stock_CUR6K@718712e8d985,ECCC,2024-10-01,8.88,993094835.5200001,primary_input_absent [revenue impossible: < 0 (value=-6.2534e+07)],nan
stock_CUR6K@718712e8d985,ECCC,2025-01-01,8.1,973486188.0,primary_input_absent [revenue impossible: < 0 (value=-6.2534e+07)],nan
stock_CUR6K@718712e8d985,ECCC,2025-04-01,7.660000000000001,920605456.8000001,primary_input_absent [revenue impossible: < 0 (value=-6.2534e+07)],nan
stock_CUR6K@718712e8d985,ECCC,2025-07-01,6.61,794412802.8000001,primary_input_absent [revenue impossible: < 0 (value=-6.2534e+07)],nan
stock_CUR6K@718712e8d985,ECCC,2025-10-01,5.76,759225732.48,primary_input_absent [revenue impossible: < 0 (value=-6.2534e+07)],nan
stock_CUR6K@718712e8d985,ECCC,2026-01-01,3.76,498315582.4,primary_input_absent [revenue impossible: < 0 (value=-6.2534e+07)],nan
stock_CUR6K@718712e8d985,ECCC,2026-04-01,3.72,494799982.56,primary_input_absent [revenue impossible: < 0 (value=-6.2534e+07)],nan
stock_CUR6K@718712e8d985,ECCU,2014-04-01,19.16,47900000.0,primary_input_absent [revenue impossible: < 0 (value=-6.2534e+07)],nan
stock_CUR6K@718712e8d985,ECCU,2014-10-01,20.1,220768731.9,primary_input_absent [revenue impossible: < 0 (value=-6.2534e+07)],nan
stock_CUR6K@718712e8d985,ECCU,2015-01-01,21.0,290038518.0,primary_input_absent [revenue impossible: < 0 (value=-6.2534e+07)],nan
stock_CUR6K@718712e8d985,ECCU,2015-04-01,20.23,279467860.98,primary_input_absent [revenue impossible: < 0 (value=-6.2534e+07)],nan
stock_CUR6K@718712e8d985,ECCU,2015-07-01,19.04,263074975.51999998,primary_input_absent [revenue impossible: < 0 (value=-6.2534e+07)],nan
stock_CUR6K@718712e8d985,ECCU,2015-10-01,16.43,227064407.29999998,primary_input_absent [revenue impossible: < 0 (value=-6.2534e+07)],nan
stock_CUR6K@718712e8d985,ECCU,2016-01-01,16.4,226732213.99999997,primary_input_absent [revenue impossible: < 0 (value=-6.2534e+07)],nan
stock_CUR6K@718712e8d985,ECCU,2016-04-01,16.1,243472105.10000002,primary_input_absent [revenue impossible: < 0 (value=-6.2534e+07)],nan
stock_CUR6K@718712e8d985,ECCU,2016-07-01,17.16,273742257.36,primary_input_absent [revenue impossible: < 0 (value=-6.2534e+07)],nan
stock_CUR6K@718712e8d985,ECCU,2016-10-01,16.71,266070957.18,primary_input_absent [revenue impossible: < 0 (value=-6.2534e+07)],nan
stock_CUR6K@718712e8d985,ECCU,2017-01-01,20.85,343804636.35,primary_input_absent [revenue impossible: < 0 (value=-6.2534e+07)],nan
stock_CUR6K@718712e8d985,ECCU,2017-04-01,20.68,369424231.88,primary_input_absent [revenue impossible: < 0 (value=-6.2534e+07)],nan
stock_CUR6K@718712e8d985,ECCU,2017-07-01,20.69,355039675.85,primary_input_absent [revenue impossible: < 0 (value=-6.2534e+07)],nan
stock_CUR6K@718712e8d985,ECCU,2017-10-01,19.04,366309322.4,primary_input_absent [revenue impossible: < 0 (value=-6.2534e+07)],nan
stock_CUR6K@718712e8d985,ECCU,2018-01-01,18.2,388338568.8,primary_input_absent [revenue impossible: < 0 (value=-6.2534e+07)],nan
stock_CUR6K@718712e8d985,ECCU,2018-04-01,18.17,375500275.16,primary_input_absent [revenue impossible: < 0 (value=-6.2534e+07)],nan
stock_CUR6K@718712e8d985,ECCU,2018-07-01,17.92,414266872.32000005,primary_input_absent [revenue impossible: < 0 (value=-6.2534e+07)],nan
stock_CUR6K@718712e8d985,ECCU,2018-10-01,14.21,329008662.99,primary_input_absent [revenue impossible: < 0 (value=-6.2534e+07)],nan
stock_CUR6K@718712e8d985,ECCU,2019-01-01,16.89,399403876.62,primary_input_absent [revenue impossible: < 0 (value=-6.2534e+07)],nan
stock_CUR6K@718712e8d985,ECCU,2019-04-01,18.15,443265870.29999995,primary_input_absent [revenue impossible: < 0 (value=-6.2534e+07)],nan
stock_CUR6K@718712e8d985,ECCU,2019-07-01,15.77,428377510.06,primary_input_absent [revenue impossible: < 0 (value=-6.2534e+07)],nan
stock_CUR6K@718712e8d985,ECCU,2019-10-01,14.61,418315258.59,primary_input_absent [revenue impossible: < 0 (value=-6.2534e+07)],nan
stock_CUR6K@718712e8d985,ECCU,2020-01-01,6.84,203794106.4,primary_input_absent [revenue impossible: < 0 (value=-6.2534e+07)],nan
stock_CUR6K@718712e8d985,ECCU,2020-04-01,7.11,213046187.22,primary_input_absent [revenue impossible: < 0 (value=-6.2534e+07)],nan
stock_CUR6K@718712e8d985,ECCU,2020-07-01,8.62,273746331.29999995,primary_input_absent [revenue impossible: < 0 (value=-6.2534e+07)],nan
stock_CUR6K@718712e8d985,ECCU,2020-10-01,10.09,326460830.01,primary_input_absent [revenue impossible: < 0 (value=-6.2534e+07)],nan
stock_CUR6K@718712e8d985,ECCU,2021-01-01,11.98,387611570.22,primary_input_absent [revenue impossible: < 0 (value=-6.2534e+07)],nan
stock_CUR6K@718712e8d985,ECCU,2021-04-01,13.55,467333524.45000005,primary_input_absent [revenue impossible: < 0 (value=-6.2534e+07)],nan
stock_CUR6K@718712e8d985,ECCU,2021-07-01,13.62,480678715.26,primary_input_absent [revenue impossible: < 0 (value=-6.2534e+07)],nan
stock_CUR6K@718712e8d985,ECCU,2021-10-01,14.0,513291450.0,primary_input_absent [revenue impossible: < 0 (value=-6.2534e+07)],nan
stock_CUR6K@718712e8d985,ECCU,2022-01-01,13.15,526525224.15000004,primary_input_absent [revenue impossible: < 0 (value=-6.2534e+07)],nan
stock_CUR6K@718712e8d985,ECCU,2022-04-01,11.78,514575573.85999995,primary_input_absent [revenue impossible: < 0 (value=-6.2534e+07)],nan
stock_CUR6K@718712e8d985,ECCU,2022-07-01,11.0,528275473.0,primary_input_absent [revenue impossible: < 0 (value=-6.2534e+07)],nan
stock_CUR6K@718712e8d985,ECCU,2022-10-01,10.12,557065327.7199999,primary_input_absent [revenue impossible: < 0 (value=-6.2534e+07)],nan
stock_CUR6K@718712e8d985,ECCU,2023-01-01,11.17,622452963.74,primary_input_absent [revenue impossible: < 0 (value=-6.2534e+07)],nan
stock_CUR6K@718712e8d985,ECCU,2023-04-01,10.16,638367816.48,primary_input_absent [revenue impossible: < 0 (value=-6.2534e+07)],nan
stock_CUR6K@718712e8d985,ECCU,2023-07-01,10.15,730704661.0500001,primary_input_absent [revenue impossible: < 0 (value=-6.2534e+07)],nan
stock_CUR6K@718712e8d985,ECCU,2023-10-01,9.5,731007311.0,primary_input_absent [revenue impossible: < 0 (value=-6.2534e+07)],nan
stock_CUR6K@718712e8d985,ECCU,2024-01-01,10.15,819401725.1,primary_input_absent [revenue impossible: < 0 (value=-6.2534e+07)],nan
stock_CUR6K@718712e8d985,ECCU,2024-04-01,10.04,981716842.4799999,primary_input_absent [revenue impossible: < 0 (value=-6.2534e+07)],nan
stock_CUR6K@718712e8d985,ECCU,2024-07-01,9.86,1044496964.3,primary_input_absent [revenue impossible: < 0 (value=-6.2534e+07)],nan
stock_CUR6K@718712e8d985,ECCU,2024-10-01,8.88,993094835.5200001,primary_input_absent [revenue impossible: < 0 (value=-6.2534e+07)],nan
stock_CUR6K@718712e8d985,ECCU,2025-01-01,8.1,973486188.0,primary_input_absent [revenue impossible: < 0 (value=-6.2534e+07)],nan
stock_CUR6K@718712e8d985,ECCU,2025-04-01,7.660000000000001,920605456.8000001,primary_input_absent [revenue impossible: < 0 (value=-6.2534e+07)],nan
stock_CUR6K@718712e8d985,ECCU,2025-07-01,6.61,794412802.8000001,primary_input_absent [revenue impossible: < 0 (value=-6.2534e+07)],nan
stock_CUR6K@718712e8d985,ECCU,2025-10-01,5.76,759225732.48,primary_input_absent [revenue impossible: < 0 (value=-6.2534e+07)],nan
stock_CUR6K@718712e8d985,ECCU,2026-01-01,3.76,498315582.4,primary_input_absent [revenue impossible: < 0 (value=-6.2534e+07)],nan
stock_CUR6K@718712e8d985,ECCU,2026-04-01,3.72,494799982.56,primary_input_absent [revenue impossible: < 0 (value=-6.2534e+07)],nan
stock_CUR6K@718712e8d985,ECCV,2014-04-01,19.16,47900000.0,primary_input_absent [revenue impossible: < 0 (value=-6.2534e+07)],nan
stock_CUR6K@718712e8d985,ECCV,2014-10-01,20.1,220768731.9,primary_input_absent [revenue impossible: < 0 (value=-6.2534e+07)],nan
stock_CUR6K@718712e8d985,ECCV,2015-01-01,21.0,290038518.0,primary_input_absent [revenue impossible: < 0 (value=-6.2534e+07)],nan
stock_CUR6K@718712e8d985,ECCV,2015-04-01,20.23,279467860.98,primary_input_absent [revenue impossible: < 0 (value=-6.2534e+07)],nan
stock_CUR6K@718712e8d985,ECCV,2015-07-01,19.04,263074975.51999998,primary_input_absent [revenue impossible: < 0 (value=-6.2534e+07)],nan
stock_CUR6K@718712e8d985,ECCV,2015-10-01,16.43,227064407.29999998,primary_input_absent [revenue impossible: < 0 (value=-6.2534e+07)],nan
stock_CUR6K@718712e8d985,ECCV,2016-01-01,16.4,226732213.99999997,primary_input_absent [revenue impossible: < 0 (value=-6.2534e+07)],nan
stock_CUR6K@718712e8d985,ECCV,2016-04-01,16.1,243472105.10000002,primary_input_absent [revenue impossible: < 0 (value=-6.2534e+07)],nan
stock_CUR6K@718712e8d985,ECCV,2016-07-01,17.16,273742257.36,primary_input_absent [revenue impossible: < 0 (value=-6.2534e+07)],nan
stock_CUR6K@718712e8d985,ECCV,2016-10-01,16.71,266070957.18,primary_input_absent [revenue impossible: < 0 (value=-6.2534e+07)],nan
stock_CUR6K@718712e8d985,ECCV,2017-01-01,20.85,343804636.35,primary_input_absent [revenue impossible: < 0 (value=-6.2534e+07)],nan
stock_CUR6K@718712e8d985,ECCV,2017-04-01,20.68,369424231.88,primary_input_absent [revenue impossible: < 0 (value=-6.2534e+07)],nan
stock_CUR6K@718712e8d985,ECCV,2017-07-01,20.69,355039675.85,primary_input_absent [revenue impossible: < 0 (value=-6.2534e+07)],nan
stock_CUR6K@718712e8d985,ECCV,2017-10-01,19.04,366309322.4,primary_input_absent [revenue impossible: < 0 (value=-6.2534e+07)],nan
stock_CUR6K@718712e8d985,ECCV,2018-01-01,18.2,388338568.8,primary_input_absent [revenue impossible: < 0 (value=-6.2534e+07)],nan
stock_CUR6K@718712e8d985,ECCV,2018-04-01,18.17,375500275.16,primary_input_absent [revenue impossible: < 0 (value=-6.2534e+07)],nan
stock_CUR6K@718712e8d985,ECCV,2018-07-01,17.92,414266872.32000005,primary_input_absent [revenue impossible: < 0 (value=-6.2534e+07)],nan
stock_CUR6K@718712e8d985,ECCV,2018-10-01,14.21,329008662.99,primary_input_absent [revenue impossible: < 0 (value=-6.2534e+07)],nan
stock_CUR6K@718712e8d985,ECCV,2019-01-01,16.89,399403876.62,primary_input_absent [revenue impossible: < 0 (value=-6.2534e+07)],nan
stock_CUR6K@718712e8d985,ECCV,2019-04-01,18.15,443265870.29999995,primary_input_absent [revenue impossible: < 0 (value=-6.2534e+07)],nan
stock_CUR6K@718712e8d985,ECCV,2019-07-01,15.77,428377510.06,primary_input_absent [revenue impossible: < 0 (value=-6.2534e+07)],nan
stock_CUR6K@718712e8d985,ECCV,2019-10-01,14.61,418315258.59,primary_input_absent [revenue impossible: < 0 (value=-6.2534e+07)],nan
stock_CUR6K@718712e8d985,ECCV,2020-01-01,6.84,203794106.4,primary_input_absent [revenue impossible: < 0 (value=-6.2534e+07)],nan
stock_CUR6K@718712e8d985,ECCV,2020-04-01,7.11,213046187.22,primary_input_absent [revenue impossible: < 0 (value=-6.2534e+07)],nan
stock_CUR6K@718712e8d985,ECCV,2020-07-01,8.62,273746331.29999995,primary_input_absent [revenue impossible: < 0 (value=-6.2534e+07)],nan
stock_CUR6K@718712e8d985,ECCV,2020-10-01,10.09,326460830.01,primary_input_absent [revenue impossible: < 0 (value=-6.2534e+07)],nan
stock_CUR6K@718712e8d985,ECCV,2021-01-01,11.98,387611570.22,primary_input_absent [revenue impossible: < 0 (value=-6.2534e+07)],nan
stock_CUR6K@718712e8d985,ECCV,2021-04-01,13.55,467333524.45000005,primary_input_absent [revenue impossible: < 0 (value=-6.2534e+07)],nan
stock_CUR6K@718712e8d985,ECCV,2021-07-01,13.62,480678715.26,primary_input_absent [revenue impossible: < 0 (value=-6.2534e+07)],nan
stock_CUR6K@718712e8d985,ECCV,2021-10-01,14.0,513291450.0,primary_input_absent [revenue impossible: < 0 (value=-6.2534e+07)],nan
stock_CUR6K@718712e8d985,ECCV,2022-01-01,13.15,526525224.15000004,primary_input_absent [revenue impossible: < 0 (value=-6.2534e+07)],nan
stock_CUR6K@718712e8d985,ECCV,2022-04-01,11.78,514575573.85999995,primary_input_absent [revenue impossible: < 0 (value=-6.2534e+07)],nan
stock_CUR6K@718712e8d985,ECCV,2022-07-01,11.0,528275473.0,primary_input_absent [revenue impossible: < 0 (value=-6.2534e+07)],nan
stock_CUR6K@718712e8d985,ECCV,2022-10-01,10.12,557065327.7199999,primary_input_absent [revenue impossible: < 0 (value=-6.2534e+07)],nan
stock_CUR6K@718712e8d985,ECCV,2023-01-01,11.17,622452963.74,primary_input_absent [revenue impossible: < 0 (value=-6.2534e+07)],nan
stock_CUR6K@718712e8d985,ECCV,2023-04-01,10.16,638367816.48,primary_input_absent [revenue impossible: < 0 (value=-6.2534e+07)],nan
stock_CUR6K@718712e8d985,ECCV,2023-07-01,10.15,730704661.0500001,primary_input_absent [revenue impossible: < 0 (value=-6.2534e+07)],nan
stock_CUR6K@718712e8d985,ECCV,2023-10-01,9.5,731007311.0,primary_input_absent [revenue impossible: < 0 (value=-6.2534e+07)],nan
stock_CUR6K@718712e8d985,ECCV,2024-01-01,10.15,819401725.1,primary_input_absent [revenue impossible: < 0 (value=-6.2534e+07)],nan
stock_CUR6K@718712e8d985,ECCV,2024-04-01,10.04,981716842.4799999,primary_input_absent [revenue impossible: < 0 (value=-6.2534e+07)],nan
stock_CUR6K@718712e8d985,ECCV,2024-07-01,9.86,1044496964.3,primary_input_absent [revenue impossible: < 0 (value=-6.2534e+07)],nan
stock_CUR6K@718712e8d985,ECCV,2024-10-01,8.88,993094835.5200001,primary_input_absent [revenue impossible: < 0 (value=-6.2534e+07)],nan
stock_CUR6K@718712e8d985,ECCV,2025-01-01,8.1,973486188.0,primary_input_absent [revenue impossible: < 0 (value=-6.2534e+07)],nan
stock_CUR6K@718712e8d985,ECCV,2025-04-01,7.660000000000001,920605456.8000001,primary_input_absent [revenue impossible: < 0 (value=-6.2534e+07)],nan
stock_CUR6K@718712e8d985,ECCV,2025-07-01,6.61,794412802.8000001,primary_input_absent [revenue impossible: < 0 (value=-6.2534e+07)],nan
stock_CUR6K@718712e8d985,ECCV,2025-10-01,5.76,759225732.48,primary_input_absent [revenue impossible: < 0 (value=-6.2534e+07)],nan
stock_CUR6K@718712e8d985,ECCV,2026-01-01,3.76,498315582.4,primary_input_absent [revenue impossible: < 0 (value=-6.2534e+07)],nan
stock_CUR6K@718712e8d985,ECCV,2026-04-01,3.72,494799982.56,primary_input_absent [revenue impossible: < 0 (value=-6.2534e+07)],nan
stock_CUR6K@718712e8d985,ECO.L,2007-07-01,0.36216895,669520.7320659,primary_input_absent [revenue impossible: < 0 (value=-2.01812e+06)],nan
stock_CUR6K@718712e8d985,ECO.L,2007-10-01,0.35063063749999995,1200671.8552346374,primary_input_absent [revenue impossible: < 0 (value=-2.01812e+06)],nan
stock_CUR6K@718712e8d985,ECO.L,2008-01-01,0.3634577375,1817288.6875,primary_input_absent [revenue impossible: < 0 (value=-2.01812e+06)],nan
stock_CUR6K@718712e8d985,ECO.L,2008-04-01,0.3637258625,1818629.3125,primary_input_absent [revenue impossible: < 0 (value=-2.01812e+06)],nan
stock_CUR6K@718712e8d985,ECO.L,2008-07-01,0.33869192499999995,1693459.6249999998,primary_input_absent [revenue impossible: < 0 (value=-2.01812e+06)],nan
stock_CUR6K@718712e8d985,ECO.L,2008-10-01,0.3167682375,1583841.1875,primary_input_absent [revenue impossible: < 0 (value=-2.01812e+06)],nan
stock_CUR6K@718712e8d985,ECO.L,2009-01-01,0.3225668875,1612834.4375,primary_input_absent [revenue impossible: < 0 (value=-2.01812e+06)],nan
stock_CUR6K@718712e8d985,ECO.L,2009-04-01,0.341845075,1709225.375,primary_input_absent [revenue impossible: < 0 (value=-2.01812e+06)],nan
stock_CUR6K@718712e8d985,ECO.L,2009-07-01,0.3054337,1527168.4999999998,primary_input_absent [revenue impossible: < 0 (value=-2.01812e+06)],nan
stock_CUR6K@718712e8d985,ECO.L,2009-10-01,0.302302,1511510.0,primary_input_absent [revenue impossible: < 0 (value=-2.01812e+06)],nan
stock_CUR6K@718712e8d985,ECO.L,2010-01-01,0.27543945000000003,1377197.2500000002,primary_input_absent [revenue impossible: < 0 (value=-2.01812e+06)],nan
stock_CUR6K@718712e8d985,ECO.L,2010-04-01,0.28414815,852568.9068897,primary_input_absent [revenue impossible: < 0 (value=-2.01812e+06)],nan
stock_CUR6K@718712e8d985,ECO.L,2010-07-01,0.2890798625,1456962.507,primary_input_absent [revenue impossible: < 0 (value=-2.01812e+06)],nan
stock_CUR6K@718712e8d985,ECO.L,2010-10-01,0.27730202499999995,1394882.4277387997,primary_input_absent [revenue impossible: < 0 (value=-2.01812e+06)],nan
stock_CUR6K@718712e8d985,ECO.L,2011-01-01,0.278031325,1401277.878,primary_input_absent [revenue impossible: < 0 (value=-2.01812e+06)],nan
stock_CUR6K@718712e8d985,ECO.L,2011-04-01,0.2763921875,1393016.625,primary_input_absent [revenue impossible: < 0 (value=-2.01812e+06)],nan
stock_CUR6K@718712e8d985,ECO.L,2011-07-01,0.2921633,1472503.0320000001,primary_input_absent [revenue impossible: < 0 (value=-2.01812e+06)],nan
stock_CUR6K@718712e8d985,ECO.L,2011-10-01,0.28333841249999997,14280247.773186035,primary_input_absent [revenue impossible: < 0 (value=-2.01812e+06)],nan
stock_CUR6K@718712e8d985,ECO.L,2012-01-01,0.2854726875,14387815.171292063,primary_input_absent [revenue impossible: < 0 (value=-2.01812e+06)],nan
stock_CUR6K@718712e8d985,ECO.L,2012-04-01,0.28516345,17342028.1445268,primary_input_absent [revenue impossible: < 0 (value=-2.01812e+06)],nan
stock_CUR6K@718712e8d985,ECO.L,2012-07-01,0.2832490375,17238865.27438254,primary_input_absent [revenue impossible: < 0 (value=-2.01812e+06)],nan
stock_CUR6K@718712e8d985,ECO.L,2012-10-01,0.2892425249999999,18684757.625498246,primary_input_absent [revenue impossible: < 0 (value=-2.01812e+06)],nan
stock_CUR6K@718712e8d985,ECO.L,2013-01-01,0.27676935,17651867.84110035,primary_input_absent [revenue impossible: < 0 (value=-2.01812e+06)],nan
stock_CUR6K@718712e8d985,ECO.L,2013-04-01,0.2854834125,19686839.34712316,primary_input_absent [revenue impossible: < 0 (value=-2.01812e+06)],nan
stock_CUR6K@718712e8d985,ECO.L,2013-07-01,0.29813176249999995,20559065.27533251,primary_input_absent [revenue impossible: < 0 (value=-2.01812e+06)],nan
stock_CUR6K@718712e8d985,ECO.L,2013-10-01,0.3150576,21726265.2914736,primary_input_absent [revenue impossible: < 0 (value=-2.01812e+06)],nan
stock_CUR6K@718712e8d985,ECO.L,2014-01-01,0.3289875875,22686872.507207837,primary_input_absent [revenue impossible: < 0 (value=-2.01812e+06)],nan
stock_CUR6K@718712e8d985,ECO.L,2014-04-01,0.326165125,22492236.450022627,primary_input_absent [revenue impossible: < 0 (value=-2.01812e+06)],nan
stock_CUR6K@718712e8d985,ECO.L,2014-07-01,0.3244527,22836845.980119597,primary_input_absent [revenue impossible: < 0 (value=-2.01812e+06)],nan
stock_CUR6K@718712e8d985,ECO.L,2014-10-01,0.3233355125,23622782.932511263,primary_input_absent [revenue impossible: < 0 (value=-2.01812e+06)],nan
stock_CUR6K@718712e8d985,ECO.L,2015-01-01,0.3358909125,24907873.72639995,primary_input_absent [revenue impossible: < 0 (value=-2.01812e+06)],nan
stock_CUR6K@718712e8d985,ECO.L,2015-04-01,0.35068604999999997,31842486.918699596,primary_input_absent [revenue impossible: < 0 (value=-2.01812e+06)],nan
stock_CUR6K@718712e8d985,ECO.L,2015-07-01,0.35989525,32155041.9327995,primary_input_absent [revenue impossible: < 0 (value=-2.01812e+06)],nan
stock_CUR6K@718712e8d985,ECO.L,2015-10-01,0.3641870375,31859913.843693648,primary_input_absent [revenue impossible: < 0 (value=-2.01812e+06)],nan
stock_CUR6K@718712e8d985,ECO.L,2016-01-01,0.3337280375,29568865.11933104,primary_input_absent [revenue impossible: < 0 (value=-2.01812e+06)],nan
stock_CUR6K@718712e8d985,ECO.L,2016-04-01,0.307382075,26141008.870851874,primary_input_absent [revenue impossible: < 0 (value=-2.01812e+06)],nan
stock_CUR6K@718712e8d985,ECO.L,2016-07-01,0.30401978749999997,26110350.00008971,primary_input_absent [revenue impossible: < 0 (value=-2.01812e+06)],nan
stock_CUR6K@718712e8d985,ECO.L,2016-10-01,0.2963621375,25478093.221682888,primary_input_absent [revenue impossible: < 0 (value=-2.01812e+06)],nan
stock_CUR6K@718712e8d985,ECO.L,2017-01-01,0.300753,26438026.30083,primary_input_absent [revenue impossible: < 0 (value=-2.01812e+06)],nan
stock_CUR6K@718712e8d985,ECO.L,2017-04-01,0.29127142500000003,34562153.40337283,primary_input_absent [revenue impossible: < 0 (value=-2.01812e+06)],nan
stock_CUR6K@718712e8d985,ECO.L,2017-07-01,0.3068716875,26381593.570535436,primary_input_absent [revenue impossible: < 0 (value=-2.01812e+06)],nan
stock_CUR6K@718712e8d985,ECO.L,2017-10-01,0.4335255,58924056.3365835,primary_input_absent [revenue impossible: < 0 (value=-2.01812e+06)],nan
stock_CUR6K@718712e8d985,ECO.L,2018-01-01,0.5480330519130999,101220456.81709035,primary_input_absent [revenue impossible: < 0 (value=-2.01812e+06)],nan
stock_CUR6K@718712e8d985,ECO.L,2018-04-01,0.5514437826590001,86949908.67576766,primary_input_absent [revenue impossible: < 0 (value=-2.01812e+06)],nan
stock_CUR6K@718712e8d985,ECO.L,2018-07-01,0.7569312732907,120499838.30559929,primary_input_absent [revenue impossible: < 0 (value=-2.01812e+06)],nan
stock_CUR6K@718712e8d985,ECO.L,2018-10-01,0.6710069252327999,107216987.1568257,primary_input_absent [revenue impossible: < 0 (value=-2.01812e+06)],nan
stock_CUR6K@718712e8d985,ECO.L,2019-01-01,1.4034692000000002,259217565.54063162,primary_input_absent [revenue impossible: < 0 (value=-2.01812e+06)],nan
stock_CUR6K@718712e8d985,ECO.L,2019-04-01,1.2201,219843572.088,primary_input_absent [revenue impossible: < 0 (value=-2.01812e+06)],nan
stock_CUR6K@718712e8d985,ECO.L,2019-07-01,2.4973836,454619225.2430544,primary_input_absent [revenue impossible: < 0 (value=-2.01812e+06)],nan
stock_CUR6K@718712e8d985,ECO.L,2019-10-01,0.91978805,169647391.1541315,primary_input_absent [revenue impossible: < 0 (value=-2.01812e+06)],nan
stock_CUR6K@718712e8d985,ECO.L,2020-01-01,0.2705029,49961269.6948967,primary_input_absent [revenue impossible: < 0 (value=-2.01812e+06)],nan
stock_CUR6K@718712e8d985,ECO.L,2020-04-01,0.4039776,74613742.8630048,primary_input_absent [revenue impossible: < 0 (value=-2.01812e+06)],nan
stock_CUR6K@718712e8d985,ECO.L,2020-07-01,0.3954988000000001,73047727.80923241,primary_input_absent [revenue impossible: < 0 (value=-2.01812e+06)],nan
stock_CUR6K@718712e8d985,ECO.L,2020-10-01,0.4050010499999999,74802771.74760914,primary_input_absent [revenue impossible: < 0 (value=-2.01812e+06)],nan
stock_CUR6K@718712e8d985,ECO.L,2021-01-01,0.3850318,71114496.7425914,primary_input_absent [revenue impossible: < 0 (value=-2.01812e+06)],nan
stock_CUR6K@718712e8d985,ECO.L,2021-04-01,0.49684539999999994,91766214.0630242,primary_input_absent [revenue impossible: < 0 (value=-2.01812e+06)],nan
stock_CUR6K@718712e8d985,ECO.L,2021-07-01,0.44391620000000004,88074698.69443701,primary_input_absent [revenue impossible: < 0 (value=-2.01812e+06)],nan
stock_CUR6K@718712e8d985,ECO.L,2021-10-01,0.3121991,62406613.2549276,primary_input_absent [revenue impossible: < 0 (value=-2.01812e+06)],nan
stock_CUR6K@718712e8d985,ECO.L,2022-01-01,0.599841,119904398.51187599,primary_input_absent [revenue impossible: < 0 (value=-2.01812e+06)],nan
stock_CUR6K@718712e8d985,ECO.L,2022-04-01,0.403577175,118512388.73439112,primary_input_absent [revenue impossible: < 0 (value=-2.01812e+06)],nan
stock_CUR6K@718712e8d985,ECO.L,2022-07-01,0.4936544,169800340.2107968,primary_input_absent [revenue impossible: < 0 (value=-2.01812e+06)],nan
stock_CUR6K@718712e8d985,ECO.L,2022-10-01,0.3027747,110620447.322055,primary_input_absent [revenue impossible: < 0 (value=-2.01812e+06)],nan
stock_CUR6K@718712e8d985,ECO.L,2023-01-01,0.3373731,123483026.4804405,primary_input_absent [revenue impossible: < 0 (value=-2.01812e+06)],nan
stock_CUR6K@718712e8d985,ECO.L,2023-04-01,0.24382475000000006,89568700.06383002,primary_input_absent [revenue impossible: < 0 (value=-2.01812e+06)],nan
stock_CUR6K@718712e8d985,ECO.L,2023-07-01,0.17385795,64226818.429710306,primary_input_absent [revenue impossible: < 0 (value=-2.01812e+06)],nan
stock_CUR6K@718712e8d985,ECO.L,2023-10-01,0.186299685,68963239.9792908,primary_input_absent [revenue impossible: < 0 (value=-2.01812e+06)],nan
stock_CUR6K@718712e8d985,ECO.L,2024-01-01,0.14465214999999998,53546418.68541199,primary_input_absent [revenue impossible: < 0 (value=-2.01812e+06)],nan
stock_CUR6K@718712e8d985,ECO.L,2024-04-01,0.223710144,82811607.25780992,primary_input_absent [revenue impossible: < 0 (value=-2.01812e+06)],nan
stock_CUR6K@718712e8d985,ECO.L,2024-07-01,0.20846816499999998,77169427.8008972,primary_input_absent [revenue impossible: < 0 (value=-2.01812e+06)],nan
stock_CUR6K@718712e8d985,ECO.L,2024-10-01,0.193400025,71591598.966342,primary_input_absent [revenue impossible: < 0 (value=-2.01812e+06)],nan
stock_CUR6K@718712e8d985,ECO.L,2025-01-01,0.16069278,59484237.7220304,primary_input_absent [revenue impossible: < 0 (value=-2.01812e+06)],nan
stock_CUR6K@718712e8d985,ECO.L,2025-04-01,0.18394776499999999,57986210.08382303,primary_input_absent [revenue impossible: < 0 (value=-2.01812e+06)],nan
stock_CUR6K@718712e8d985,ECO.L,2025-07-01,0.14593878,46004564.15687808,primary_input_absent [revenue impossible: < 0 (value=-2.01812e+06)],nan
stock_CUR6K@718712e8d985,ECO.L,2025-10-01,0.5390174,169915498.53968638,primary_input_absent [revenue impossible: < 0 (value=-2.01812e+06)],nan
stock_CUR6K@718712e8d985,ECO.L,2026-01-01,1.029896,331715550.628784,primary_input_absent [revenue impossible: < 0 (value=-2.01812e+06)],nan
stock_CUR6K@718712e8d985,EEM.PA,2004-10-01,,0.0,primary_input_absent [revenue impossible: < 0 (value=-256000)],nan
stock_CUR6K@718712e8d985,EEM.PA,2005-10-01,,0.0,primary_input_absent [revenue impossible: < 0 (value=-256000)],nan
stock_CUR6K@718712e8d985,EEM.PA,2006-10-01,,0.0,primary_input_absent [revenue impossible: < 0 (value=-256000)],nan
stock_CUR6K@718712e8d985,EEM.PA,2007-10-01,,0.0,primary_input_absent [revenue impossible: < 0 (value=-256000)],nan
stock_CUR6K@718712e8d985,EEM.PA,2008-10-01,,28589796.72,primary_input_absent [revenue impossible: < 0 (value=-256000)],nan
stock_CUR6K@718712e8d985,EEM.PA,2009-10-01,7.19,25286870.5,primary_input_absent [revenue impossible: < 0 (value=-256000)],nan
stock_CUR6K@718712e8d985,EEM.PA,2010-04-01,10.33,36330093.5,primary_input_absent [revenue impossible: < 0 (value=-256000)],nan
stock_CUR6K@718712e8d985,EEM.PA,2010-10-01,11.9,41227561.9,primary_input_absent [revenue impossible: < 0 (value=-256000)],nan
stock_CUR6K@718712e8d985,EEM.PA,2011-04-01,16.79,60046160.949999996,primary_input_absent [revenue impossible: < 0 (value=-256000)],nan
stock_CUR6K@718712e8d985,EEM.PA,2011-10-01,15.170000000000002,53101219.7,primary_input_absent [revenue impossible: < 0 (value=-256000)],nan
stock_CUR6K@718712e8d985,EEM.PA,2012-04-01,11.99,42695059.11,primary_input_absent [revenue impossible: < 0 (value=-256000)],nan
stock_CUR6K@718712e8d985,EEM.PA,2012-10-01,5.529999999999999,19401673.2,primary_input_absent [revenue impossible: < 0 (value=-256000)],nan
stock_CUR6K@718712e8d985,EEM.PA,2013-04-01,3.52,11378505.6,primary_input_absent [revenue impossible: < 0 (value=-256000)],nan
stock_CUR6K@718712e8d985,EEM.PA,2013-10-01,3.87,11983811.040000001,primary_input_absent [revenue impossible: < 0 (value=-256000)],nan
stock_CUR6K@718712e8d985,EEM.PA,2014-04-01,3.75,12281250.0,primary_input_absent [revenue impossible: < 0 (value=-256000)],nan
stock_CUR6K@718712e8d985,EEM.PA,2014-10-01,2.63,8026691.62,primary_input_absent [revenue impossible: < 0 (value=-256000)],nan
stock_CUR6K@718712e8d985,EEM.PA,2015-04-01,3.22,10559378.200000001,primary_input_absent [revenue impossible: < 0 (value=-256000)],nan
stock_CUR6K@718712e8d985,EEM.PA,2015-10-01,3.55,10808422.299999999,primary_input_absent [revenue impossible: < 0 (value=-256000)],nan
stock_CUR6K@718712e8d985,EEM.PA,2016-04-01,3.04,9764480.0,primary_input_absent [revenue impossible: < 0 (value=-256000)],nan
stock_CUR6K@718712e8d985,EEM.PA,2016-10-01,3.32,11549201.0,primary_input_absent [revenue impossible: < 0 (value=-256000)],nan
stock_CUR6K@718712e8d985,EEM.PA,2017-04-01,5.75,18763152.75,primary_input_absent [revenue impossible: < 0 (value=-256000)],nan
stock_CUR6K@718712e8d985,EEM.PA,2017-10-01,6.25,29574018.75,primary_input_absent [revenue impossible: < 0 (value=-256000)],nan
stock_CUR6K@718712e8d985,EEM.PA,2018-04-01,4.74,22491300.0,primary_input_absent [revenue impossible: < 0 (value=-256000)],nan
stock_CUR6K@718712e8d985,EEM.PA,2018-10-01,3.18,22639831.92,primary_input_absent [revenue impossible: < 0 (value=-256000)],nan
stock_CUR6K@718712e8d985,EEM.PA,2019-04-01,2.82,16057077.18,primary_input_absent [revenue impossible: < 0 (value=-256000)],nan
stock_CUR6K@718712e8d985,EEM.PA,2019-10-01,3.4199999999999995,19473476.58,primary_input_absent [revenue impossible: < 0 (value=-256000)],nan
stock_CUR6K@718712e8d985,EEM.PA,2020-04-01,3.28,18676316.72,primary_input_absent [revenue impossible: < 0 (value=-256000)],nan
stock_CUR6K@718712e8d985,EEM.PA,2020-10-01,3.28,18676316.72,primary_input_absent [revenue impossible: < 0 (value=-256000)],nan
stock_CUR6K@718712e8d985,EEM.PA,2021-04-01,3.28,18676316.72,primary_input_absent [revenue impossible: < 0 (value=-256000)],nan
stock_CUR6K@718712e8d985,EEM.PA,2021-10-01,3.28,18676316.72,primary_input_absent [revenue impossible: < 0 (value=-256000)],nan
stock_CUR6K@718712e8d985,EEM.PA,2022-04-01,3.28,18676316.72,primary_input_absent [revenue impossible: < 0 (value=-256000)],nan
stock_CUR6K@718712e8d985,EEM.PA,2022-10-01,3.96,22532400.0,primary_input_absent [revenue impossible: < 0 (value=-256000)],nan
stock_CUR6K@718712e8d985,EEM.PA,2023-04-01,3.3,18790196.7,primary_input_absent [revenue impossible: < 0 (value=-256000)],nan
stock_CUR6K@718712e8d985,EEM.PA,2023-10-01,3.46,19633880.72,primary_input_absent [revenue impossible: < 0 (value=-256000)],nan
stock_CUR6K@718712e8d985,EEM.PA,2024-04-01,3.6399999999999997,20806782.36,primary_input_absent [revenue impossible: < 0 (value=-256000)],nan
stock_CUR6K@718712e8d985,EEM.PA,2024-10-01,3.98,22826864.14,primary_input_absent [revenue impossible: < 0 (value=-256000)],nan
stock_CUR6K@718712e8d985,EEM.PA,2025-04-01,3.52,20198812.48,primary_input_absent [revenue impossible: < 0 (value=-256000)],nan
stock_CUR6K@718712e8d985,EEM.PA,2025-10-01,2.86,16354335.139999999,primary_input_absent [revenue impossible: < 0 (value=-256000)],nan
stock_CUR6K@718712e8d985,EFFH.ST,2021-04-01,10.3,93091400.0,primary_input_absent [netCashProvidedByOperatingActivities NaN (value=NaN)],nan
stock_CUR6K@718712e8d985,EFFH.ST,2021-07-01,12.55,157201300.0,primary_input_absent [netCashProvidedByOperatingActivities NaN (value=NaN)],nan
stock_CUR6K@718712e8d985,EFFH.ST,2021-10-01,11.15,151160550.0,primary_input_absent [netCashProvidedByOperatingActivities NaN (value=NaN)],nan
stock_CUR6K@718712e8d985,EFFH.ST,2022-01-01,10.0,135570000.0,primary_input_absent [netCashProvidedByOperatingActivities NaN (value=NaN)],nan
stock_CUR6K@718712e8d985,EFFH.ST,2022-04-01,10.6,143704200.0,primary_input_absent [netCashProvidedByOperatingActivities NaN (value=NaN)],nan
stock_CUR6K@718712e8d985,EFFH.ST,2022-07-01,8.0,108456000.0,primary_input_absent [netCashProvidedByOperatingActivities NaN (value=NaN)],nan
stock_CUR6K@718712e8d985,EFFH.ST,2022-10-01,9.02,122284140.0,primary_input_absent [netCashProvidedByOperatingActivities NaN (value=NaN)],nan
stock_CUR6K@718712e8d985,EFFH.ST,2023-01-01,9.2,124724399.99999999,primary_input_absent [netCashProvidedByOperatingActivities NaN (value=NaN)],nan
stock_CUR6K@718712e8d985,EFFH.ST,2023-04-01,6.8,92187600.0,primary_input_absent [netCashProvidedByOperatingActivities NaN (value=NaN)],nan
stock_CUR6K@718712e8d985,EFFH.ST,2023-07-01,7.8,105744600.0,primary_input_absent [netCashProvidedByOperatingActivities NaN (value=NaN)],nan
stock_CUR6K@718712e8d985,EFFH.ST,2023-10-01,5.92,80257440.0,primary_input_absent [netCashProvidedByOperatingActivities NaN (value=NaN)],nan
stock_CUR6K@718712e8d985,EFFH.ST,2024-01-01,4.98,67513860.0,primary_input_absent [netCashProvidedByOperatingActivities NaN (value=NaN)],nan
stock_CUR6K@718712e8d985,EFFH.ST,2024-04-01,5.8,78630600.0,primary_input_absent [netCashProvidedByOperatingActivities NaN (value=NaN)],nan
stock_CUR6K@718712e8d985,EFFH.ST,2024-07-01,4.64,62904479.99999999,primary_input_absent [netCashProvidedByOperatingActivities NaN (value=NaN)],nan
stock_CUR6K@718712e8d985,EFFH.ST,2024-10-01,4.04,54770280.0,primary_input_absent [netCashProvidedByOperatingActivities NaN (value=NaN)],nan
stock_CUR6K@718712e8d985,EFFH.ST,2025-01-01,2.84,38501880.0,primary_input_absent [netCashProvidedByOperatingActivities NaN (value=NaN)],nan
stock_CUR6K@718712e8d985,EFFH.ST,2025-04-01,4.14,56125979.99999999,primary_input_absent [netCashProvidedByOperatingActivities NaN (value=NaN)],nan
stock_CUR6K@718712e8d985,EFFH.ST,2025-07-01,5.3,71852100.0,primary_input_absent [netCashProvidedByOperatingActivities NaN (value=NaN)],nan
stock_CUR6K@718712e8d985,EFFH.ST,2025-10-01,4.16,56397120.0,primary_input_absent [netCashProvidedByOperatingActivities NaN (value=NaN)],nan
stock_CUR6K@718712e8d985,EFFH.ST,2026-01-01,4.46,60464500.98,primary_input_absent [netCashProvidedByOperatingActivities NaN (value=NaN)],nan
stock_CUR6K@718712e8d985,EFFH.ST,2026-04-01,8.6,116590200.0,primary_input_absent [netCashProvidedByOperatingActivities NaN (value=NaN)],nan
stock_CUR6K@718712e8d985,EXO.AS,2004-04-01,66.12,10869070080.0,primary_input_absent [revenue impossible: < 0 (value=-3.034e+09)],
stock_CUR6K@718712e8d985,EXO.AS,2005-04-01,66.12,5716074000.0,primary_input_absent [revenue impossible: < 0 (value=-3.034e+09)],
stock_CUR6K@718712e8d985,EXO.AS,2006-04-01,66.12,5716074000.0,primary_input_absent [revenue impossible: < 0 (value=-3.034e+09)],
stock_CUR6K@718712e8d985,EXO.AS,2007-04-01,66.12,5716074000.0,primary_input_absent [revenue impossible: < 0 (value=-3.034e+09)],
stock_CUR6K@718712e8d985,EXO.AS,2008-04-01,66.12,5716074000.0,primary_input_absent [revenue impossible: < 0 (value=-3.034e+09)],
stock_CUR6K@718712e8d985,EXO.AS,2009-04-01,66.12,5716074000.0,primary_input_absent [revenue impossible: < 0 (value=-3.034e+09)],
stock_CUR6K@718712e8d985,EXO.AS,2009-10-01,66.12,15275505240.000002,primary_input_absent [revenue impossible: < 0 (value=-3.034e+09)],
stock_CUR6K@718712e8d985,EXO.AS,2010-04-01,66.12,10596325080.0,primary_input_absent [revenue impossible: < 0 (value=-3.034e+09)],
stock_CUR6K@718712e8d985,EXO.AS,2010-10-01,66.12,10596325080.0,primary_input_absent [revenue impossible: < 0 (value=-3.034e+09)],
stock_CUR6K@718712e8d985,EXO.AS,2011-04-01,66.12,10902989640.0,primary_input_absent [revenue impossible: < 0 (value=-3.034e+09)],
stock_CUR6K@718712e8d985,EXO.AS,2011-10-01,66.12,10763211960.0,primary_input_absent [revenue impossible: < 0 (value=-3.034e+09)],
stock_CUR6K@718712e8d985,EXO.AS,2012-04-01,66.12,15018761280.000002,primary_input_absent [revenue impossible: < 0 (value=-3.034e+09)],
stock_CUR6K@718712e8d985,EXO.AS,2012-10-01,66.12,15018761280.000002,primary_input_absent [revenue impossible: < 0 (value=-3.034e+09)],
stock_CUR6K@718712e8d985,EXO.AS,2013-04-01,66.12,14701517520.000002,primary_input_absent [revenue impossible: < 0 (value=-3.034e+09)],
stock_CUR6K@718712e8d985,EXO.AS,2013-10-01,66.12,14728725900.000002,primary_input_absent [revenue impossible: < 0 (value=-3.034e+09)],
stock_CUR6K@718712e8d985,EXO.AS,2014-04-01,66.12,14701517520.000002,primary_input_absent [revenue impossible: < 0 (value=-3.034e+09)],
stock_CUR6K@718712e8d985,EXO.AS,2014-10-01,66.12,14701517520.000002,primary_input_absent [revenue impossible: < 0 (value=-3.034e+09)],
stock_CUR6K@718712e8d985,EXO.AS,2015-04-01,66.12,14701517520.000002,primary_input_absent [revenue impossible: < 0 (value=-3.034e+09)],
stock_CUR6K@718712e8d985,EXO.AS,2015-10-01,66.12,14899877520.000002,primary_input_absent [revenue impossible: < 0 (value=-3.034e+09)],
stock_CUR6K@718712e8d985,EXO.AS,2016-04-01,66.12,15779471880.000002,primary_input_absent [revenue impossible: < 0 (value=-3.034e+09)],
stock_CUR6K@718712e8d985,EXO.AS,2016-10-01,66.12,15637942020.000002,primary_input_absent [revenue impossible: < 0 (value=-3.034e+09)],
stock_CUR6K@718712e8d985,EXO.AS,2017-04-01,66.12,15605774640.000002,primary_input_absent [revenue impossible: < 0 (value=-3.034e+09)],
stock_CUR6K@718712e8d985,EXO.AS,2017-10-01,,,primary_input_absent [revenue impossible: < 0 (value=-3.034e+09)],bookValuePerShare|earningsYield|marketCap|price
stock_CUR6K@718712e8d985,EXO.AS,2018-04-01,66.12,15855972720.000002,primary_input_absent [revenue impossible: < 0 (value=-3.034e+09)],
stock_CUR6K@718712e8d985,EXO.AS,2018-10-01,66.12,15559755120.000002,primary_input_absent [revenue impossible: < 0 (value=-3.034e+09)],
stock_CUR6K@718712e8d985,EXO.AS,2019-04-01,66.12,15361791840.000002,primary_input_absent [revenue impossible: < 0 (value=-3.034e+09)],
stock_CUR6K@718712e8d985,EXO.AS,2019-10-01,66.12,15341889720.000002,primary_input_absent [revenue impossible: < 0 (value=-3.034e+09)],
stock_CUR6K@718712e8d985,EXO.AS,2020-04-01,66.12,15313392000.000002,primary_input_absent [revenue impossible: < 0 (value=-3.034e+09)],
stock_CUR6K@718712e8d985,EXO.AS,2020-10-01,66.12,14672358600.000002,primary_input_absent [revenue impossible: < 0 (value=-3.034e+09)],
stock_CUR6K@718712e8d985,EXO.AS,2021-04-01,66.12,15297787680.000002,primary_input_absent [revenue impossible: < 0 (value=-3.034e+09)],
stock_CUR6K@718712e8d985,EXO.AS,2021-10-01,66.12,13841891400.0,primary_input_absent [revenue impossible: < 0 (value=-3.034e+09)],
stock_CUR6K@718712e8d985,EXO.AS,2022-04-01,66.12,15329657520.000002,primary_input_absent [revenue impossible: < 0 (value=-3.034e+09)],
stock_CUR6K@718712e8d985,EXO.AS,2022-10-01,68.3,16027551200.0,primary_input_absent [revenue impossible: < 0 (value=-3.034e+09)],
stock_CUR6K@718712e8d985,EXO.AS,2023-04-01,81.68,18798978720.0,primary_input_absent [revenue impossible: < 0 (value=-3.034e+09)],
stock_CUR6K@718712e8d985,EXO.AS,2023-10-01,90.5,20414628000.0,primary_input_absent [revenue impossible: < 0 (value=-3.034e+09)],
stock_CUR6K@718712e8d985,EXO.AS,2024-04-01,97.7,21430983500.0,primary_input_absent [revenue impossible: < 0 (value=-3.034e+09)],
stock_CUR6K@718712e8d985,EXO.AS,2024-10-01,88.55,18645707850.0,primary_input_absent [revenue impossible: < 0 (value=-3.034e+09)],
stock_CUR6K@718712e8d985,EXO.AS,2025-04-01,85.6,17773042400.0,primary_input_absent [revenue impossible: < 0 (value=-3.034e+09)],
stock_CUR6K@718712e8d985,EXO.AS,2025-10-01,72.45,15042721050.0,primary_input_absent [revenue impossible: < 0 (value=-3.034e+09)],
stock_CUR6K@718712e8d985,FFSB.OL,2014-04-01,,0.0,primary_input_absent [netCashProvidedByOperatingActivities NaN (value=NaN)],nan
stock_CUR6K@718712e8d985,FFSB.OL,2016-01-01,,0.0,primary_input_absent [netCashProvidedByOperatingActivities NaN (value=NaN)],nan
stock_CUR6K@718712e8d985,FFSB.OL,2016-10-01,,0.0,primary_input_absent [netCashProvidedByOperatingActivities NaN (value=NaN)],nan
stock_CUR6K@718712e8d985,FFSB.OL,2017-01-01,,0.0,primary_input_absent [netCashProvidedByOperatingActivities NaN (value=NaN)],nan
stock_CUR6K@718712e8d985,FFSB.OL,2017-04-01,,0.0,primary_input_absent [netCashProvidedByOperatingActivities NaN (value=NaN)],nan
stock_CUR6K@718712e8d985,FFSB.OL,2017-07-01,,0.0,primary_input_absent [netCashProvidedByOperatingActivities NaN (value=NaN)],nan
stock_CUR6K@718712e8d985,FFSB.OL,2017-10-01,,0.0,primary_input_absent [netCashProvidedByOperatingActivities NaN (value=NaN)],nan
stock_CUR6K@718712e8d985,FFSB.OL,2018-01-01,,0.0,primary_input_absent [netCashProvidedByOperatingActivities NaN (value=NaN)],nan
stock_CUR6K@718712e8d985,FFSB.OL,2018-04-01,,0.0,primary_input_absent [netCashProvidedByOperatingActivities NaN (value=NaN)],nan
stock_CUR6K@718712e8d985,FFSB.OL,2018-07-01,,0.0,primary_input_absent [netCashProvidedByOperatingActivities NaN (value=NaN)],nan
stock_CUR6K@718712e8d985,FFSB.OL,2018-10-01,,0.0,primary_input_absent [netCashProvidedByOperatingActivities NaN (value=NaN)],nan
stock_CUR6K@718712e8d985,FFSB.OL,2019-01-01,,0.0,primary_input_absent [netCashProvidedByOperatingActivities NaN (value=NaN)],nan
stock_CUR6K@718712e8d985,FFSB.OL,2019-04-01,,0.0,primary_input_absent [netCashProvidedByOperatingActivities NaN (value=NaN)],nan
stock_CUR6K@718712e8d985,FFSB.OL,2019-07-01,,0.0,primary_input_absent [netCashProvidedByOperatingActivities NaN (value=NaN)],nan
stock_CUR6K@718712e8d985,FFSB.OL,2019-10-01,,0.0,primary_input_absent [netCashProvidedByOperatingActivities NaN (value=NaN)],nan
stock_CUR6K@718712e8d985,FFSB.OL,2020-01-01,,0.0,primary_input_absent [netCashProvidedByOperatingActivities NaN (value=NaN)],nan
stock_CUR6K@718712e8d985,FFSB.OL,2020-04-01,,0.0,primary_input_absent [netCashProvidedByOperatingActivities NaN (value=NaN)],nan
stock_CUR6K@718712e8d985,FFSB.OL,2020-07-01,,0.0,primary_input_absent [netCashProvidedByOperatingActivities NaN (value=NaN)],nan
stock_CUR6K@718712e8d985,FFSB.OL,2020-10-01,,0.0,primary_input_absent [netCashProvidedByOperatingActivities NaN (value=NaN)],nan
stock_CUR6K@718712e8d985,FFSB.OL,2021-01-01,113.0,169500000.0,primary_input_absent [netCashProvidedByOperatingActivities NaN (value=NaN)],nan
stock_CUR6K@718712e8d985,FFSB.OL,2021-04-01,113.0,169500000.0,primary_input_absent [netCashProvidedByOperatingActivities NaN (value=NaN)],nan
stock_CUR6K@718712e8d985,FFSB.OL,2021-07-01,113.0,169500000.0,primary_input_absent [netCashProvidedByOperatingActivities NaN (value=NaN)],nan
stock_CUR6K@718712e8d985,FFSB.OL,2021-10-01,113.0,169500000.0,primary_input_absent [netCashProvidedByOperatingActivities NaN (value=NaN)],nan
stock_CUR6K@718712e8d985,FFSB.OL,2022-01-01,113.0,169500000.0,primary_input_absent [netCashProvidedByOperatingActivities NaN (value=NaN)],nan
stock_CUR6K@718712e8d985,FFSB.OL,2022-04-01,113.0,169500000.0,primary_input_absent [netCashProvidedByOperatingActivities NaN (value=NaN)],nan
stock_CUR6K@718712e8d985,FFSB.OL,2022-07-01,113.0,169500000.0,primary_input_absent [netCashProvidedByOperatingActivities NaN (value=NaN)],nan
stock_CUR6K@718712e8d985,FFSB.OL,2022-10-01,113.0,169500000.0,primary_input_absent [netCashProvidedByOperatingActivities NaN (value=NaN)],nan
stock_CUR6K@718712e8d985,FFSB.OL,2023-01-01,113.0,169500000.0,primary_input_absent [netCashProvidedByOperatingActivities NaN (value=NaN)],nan
stock_CUR6K@718712e8d985,FFSB.OL,2023-04-01,113.0,169500000.0,primary_input_absent [netCashProvidedByOperatingActivities NaN (value=NaN)],nan
stock_CUR6K@718712e8d985,FFSB.OL,2023-07-01,113.0,169500000.0,primary_input_absent [netCashProvidedByOperatingActivities NaN (value=NaN)],nan
stock_CUR6K@718712e8d985,FFSB.OL,2023-10-01,113.0,169500000.0,primary_input_absent [netCashProvidedByOperatingActivities NaN (value=NaN)],nan
stock_CUR6K@718712e8d985,FFSB.OL,2024-01-01,113.0,169500000.0,primary_input_absent [netCashProvidedByOperatingActivities NaN (value=NaN)],nan
stock_CUR6K@718712e8d985,FFSB.OL,2024-04-01,111.98,167970000.0,primary_input_absent [netCashProvidedByOperatingActivities NaN (value=NaN)],nan
stock_CUR6K@718712e8d985,FFSB.OL,2024-07-01,110.5,165750000.0,primary_input_absent [netCashProvidedByOperatingActivities NaN (value=NaN)],nan
stock_CUR6K@718712e8d985,FFSB.OL,2024-10-01,112.0,168000000.0,primary_input_absent [netCashProvidedByOperatingActivities NaN (value=NaN)],nan
stock_CUR6K@718712e8d985,FFSB.OL,2025-01-01,118.0,173696000.0,primary_input_absent [netCashProvidedByOperatingActivities NaN (value=NaN)],nan
stock_CUR6K@718712e8d985,FFSB.OL,2025-04-01,121.02,181347743.88,primary_input_absent [netCashProvidedByOperatingActivities NaN (value=NaN)],nan
stock_CUR6K@718712e8d985,FFSB.OL,2025-07-01,123.02,184344731.88,primary_input_absent [netCashProvidedByOperatingActivities NaN (value=NaN)],nan
stock_CUR6K@718712e8d985,FFSB.OL,2025-10-01,121.39999999999999,181917171.6,primary_input_absent [netCashProvidedByOperatingActivities NaN (value=NaN)],nan
stock_CUR6K@718712e8d985,FFSB.OL,2026-01-01,119.0,178500000.0,primary_input_absent [netCashProvidedByOperatingActivities NaN (value=NaN)],nan
stock_CUR6K@718712e8d985,FFSB.OL,2026-04-01,119.0,178500000.0,primary_input_absent [netCashProvidedByOperatingActivities NaN (value=NaN)],nan
stock_CUR6K@718712e8d985,FIH-U.TO,2015-01-01,11.5,1226807108.5,primary_input_absent [revenue impossible: < 0 (value=-1.11493e+08)],nan
stock_CUR6K@718712e8d985,FIH-U.TO,2015-04-01,11.349999999999998,1210805276.6499999,primary_input_absent [revenue impossible: < 0 (value=-1.11493e+08)],nan
stock_CUR6K@718712e8d985,FIH-U.TO,2015-07-01,11.099999999999998,1184135556.8999999,primary_input_absent [revenue impossible: < 0 (value=-1.11493e+08)],nan
stock_CUR6K@718712e8d985,FIH-U.TO,2015-10-01,10.099999999999998,1077456677.8999999,primary_input_absent [revenue impossible: < 0 (value=-1.11493e+08)],nan
stock_CUR6K@718712e8d985,FIH-U.TO,2016-01-01,10.849999999999998,1157465837.1499999,primary_input_absent [revenue impossible: < 0 (value=-1.11493e+08)],nan
stock_CUR6K@718712e8d985,FIH-U.TO,2016-04-01,10.5,1120128229.5,primary_input_absent [revenue impossible: < 0 (value=-1.11493e+08)],nan
stock_CUR6K@718712e8d985,FIH-U.TO,2016-07-01,11.0,1173467669.0,primary_input_absent [revenue impossible: < 0 (value=-1.11493e+08)],nan
stock_CUR6K@718712e8d985,FIH-U.TO,2016-10-01,11.55,1637336443.0500002,primary_input_absent [revenue impossible: < 0 (value=-1.11493e+08)],nan
stock_CUR6K@718712e8d985,FIH-U.TO,2017-01-01,13.2,1871241649.1999998,primary_input_absent [revenue impossible: < 0 (value=-1.11493e+08)],nan
stock_CUR6K@718712e8d985,FIH-U.TO,2017-04-01,15.99,2357478150.69,primary_input_absent [revenue impossible: < 0 (value=-1.11493e+08)],nan
stock_CUR6K@718712e8d985,FIH-U.TO,2017-07-01,17.65,2602219472.1499996,primary_input_absent [revenue impossible: < 0 (value=-1.11493e+08)],nan
stock_CUR6K@718712e8d985,FIH-U.TO,2017-10-01,15.100000000000001,2226491058.9,primary_input_absent [revenue impossible: < 0 (value=-1.11493e+08)],nan
stock_CUR6K@718712e8d985,FIH-U.TO,2018-01-01,17.09,2553094377.52,primary_input_absent [revenue impossible: < 0 (value=-1.11493e+08)],nan
stock_CUR6K@718712e8d985,FIH-U.TO,2018-04-01,16.459999,2547537994.528545,primary_input_absent [revenue impossible: < 0 (value=-1.11493e+08)],nan
stock_CUR6K@718712e8d985,FIH-U.TO,2018-07-01,14.75,2280150712.75,primary_input_absent [revenue impossible: < 0 (value=-1.11493e+08)],nan
stock_CUR6K@718712e8d985,FIH-U.TO,2018-10-01,13.13,2005297041.15,primary_input_absent [revenue impossible: < 0 (value=-1.11493e+08)],nan
stock_CUR6K@718712e8d985,FIH-U.TO,2019-01-01,14.0,2138168970.0,primary_input_absent [revenue impossible: < 0 (value=-1.11493e+08)],nan
stock_CUR6K@718712e8d985,FIH-U.TO,2019-04-01,12.96,1978103993.7600002,primary_input_absent [revenue impossible: < 0 (value=-1.11493e+08)],nan
stock_CUR6K@718712e8d985,FIH-U.TO,2019-07-01,12.0,1831577772.0,primary_input_absent [revenue impossible: < 0 (value=-1.11493e+08)],nan
stock_CUR6K@718712e8d985,FIH-U.TO,2019-10-01,12.8,1950252160.0,primary_input_absent [revenue impossible: < 0 (value=-1.11493e+08)],nan
stock_CUR6K@718712e8d985,FIH-U.TO,2020-01-01,6.55,995478412.35,primary_input_absent [revenue impossible: < 0 (value=-1.11493e+08)],nan
stock_CUR6K@718712e8d985,FIH-U.TO,2020-04-01,8.4,1271242316.4,primary_input_absent [revenue impossible: < 0 (value=-1.11493e+08)],nan
stock_CUR6K@718712e8d985,FIH-U.TO,2020-07-01,6.84,1028871548.28,primary_input_absent [revenue impossible: < 0 (value=-1.11493e+08)],nan
stock_CUR6K@718712e8d985,FIH-U.TO,2020-10-01,9.6,1433982288.0,primary_input_absent [revenue impossible: < 0 (value=-1.11493e+08)],nan
stock_CUR6K@718712e8d985,FIH-U.TO,2021-01-01,12.44,1858202048.1999998,primary_input_absent [revenue impossible: < 0 (value=-1.11493e+08)],nan
stock_CUR6K@718712e8d985,FIH-U.TO,2021-04-01,13.5,2016710419.5,primary_input_absent [revenue impossible: < 0 (value=-1.11493e+08)],nan
stock_CUR6K@718712e8d985,FIH-U.TO,2021-07-01,13.1,1905498424.5,primary_input_absent [revenue impossible: < 0 (value=-1.11493e+08)],nan
stock_CUR6K@718712e8d985,FIH-U.TO,2021-10-01,12.61,1834224055.9499998,primary_input_absent [revenue impossible: < 0 (value=-1.11493e+08)],nan
stock_CUR6K@718712e8d985,FIH-U.TO,2022-01-01,12.29,1716612693.85,primary_input_absent [revenue impossible: < 0 (value=-1.11493e+08)],nan
stock_CUR6K@718712e8d985,FIH-U.TO,2022-04-01,10.71,1491945443.73,primary_input_absent [revenue impossible: < 0 (value=-1.11493e+08)],nan
stock_CUR6K@718712e8d985,FIH-U.TO,2022-07-01,9.48,1316025762.8400002,primary_input_absent [revenue impossible: < 0 (value=-1.11493e+08)],nan
stock_CUR6K@718712e8d985,FIH-U.TO,2022-10-01,12.28,1700476733.12,primary_input_absent [revenue impossible: < 0 (value=-1.11493e+08)],nan
stock_CUR6K@718712e8d985,FIH-U.TO,2023-01-01,13.56,1873984040.28,primary_input_absent [revenue impossible: < 0 (value=-1.11493e+08)],nan
stock_CUR6K@718712e8d985,FIH-U.TO,2023-04-01,14.01,1921909480.62,primary_input_absent [revenue impossible: < 0 (value=-1.11493e+08)],nan
stock_CUR6K@718712e8d985,FIH-U.TO,2023-07-01,13.05,1780825080.6000001,primary_input_absent [revenue impossible: < 0 (value=-1.11493e+08)],nan
stock_CUR6K@718712e8d985,FIH-U.TO,2023-10-01,15.2,2059055308.0,primary_input_absent [revenue impossible: < 0 (value=-1.11493e+08)],nan
stock_CUR6K@718712e8d985,FIH-U.TO,2024-01-01,14.82,2006123127.06,primary_input_absent [revenue impossible: < 0 (value=-1.11493e+08)],nan
stock_CUR6K@718712e8d985,FIH-U.TO,2024-04-01,14.35,1939437614.45,primary_input_absent [revenue impossible: < 0 (value=-1.11493e+08)],nan
stock_CUR6K@718712e8d985,FIH-U.TO,2024-07-01,15.07,2036747376.29,primary_input_absent [revenue impossible: < 0 (value=-1.11493e+08)],nan
stock_CUR6K@718712e8d985,FIH-U.TO,2024-10-01,16.01,2161262953.63,primary_input_absent [revenue impossible: < 0 (value=-1.11493e+08)],nan
stock_CUR6K@718712e8d985,FIH-U.TO,2025-01-01,17.0,2292270854.0,primary_input_absent [revenue impossible: < 0 (value=-1.11493e+08)],nan
stock_CUR6K@718712e8d985,FIH-U.TO,2025-04-01,18.59,2506180882.92,primary_input_absent [revenue impossible: < 0 (value=-1.11493e+08)],nan
stock_CUR6K@718712e8d985,FIH-U.TO,2025-07-01,17.25,2325484644.0,primary_input_absent [revenue impossible: < 0 (value=-1.11493e+08)],nan
stock_CUR6K@718712e8d985,FIH-U.TO,2025-10-01,17.29,1696068480.47,primary_input_absent [revenue impossible: < 0 (value=-1.11493e+08)],nan
stock_CUR6K@718712e8d985,FIH-U.TO,2026-01-01,16.05,2154211804.2000003,primary_input_absent [revenue impossible: < 0 (value=-1.11493e+08)],nan
stock_CUR6K@718712e8d985,FIH-U.TO,2026-04-01,18.3,1729167695.4,primary_input_absent [revenue impossible: < 0 (value=-1.11493e+08)],nan
stock_CUR6K@718712e8d985,FINV,2015-10-01,84.36349999999999,11220345499.999998,primary_input_absent [netCashProvidedByOperatingActivities NaN (value=NaN)],nan
stock_CUR6K@718712e8d985,FINV,2016-01-01,83.8994,11158620200.0,primary_input_absent [netCashProvidedByOperatingActivities NaN (value=NaN)],nan
stock_CUR6K@718712e8d985,FINV,2016-07-01,86.6905,25974660307.791,primary_input_absent [netCashProvidedByOperatingActivities NaN (value=NaN)],nan
stock_CUR6K@718712e8d985,FINV,2016-10-01,90.2577,12004274100.0,primary_input_absent [netCashProvidedByOperatingActivities NaN (value=NaN)],nan
stock_CUR6K@718712e8d985,FINV,2017-01-01,89.4803,26810554752.1266,primary_input_absent [netCashProvidedByOperatingActivities NaN (value=NaN)],nan
stock_CUR6K@718712e8d985,FINV,2017-04-01,88.12960000000001,26405850964.771202,primary_input_absent [netCashProvidedByOperatingActivities NaN (value=NaN)],nan
stock_CUR6K@718712e8d985,FINV,2017-07-01,86.4916,25915064851.1352,primary_input_absent [netCashProvidedByOperatingActivities NaN (value=NaN)],nan
stock_CUR6K@718712e8d985,FINV,2017-10-01,46.779578,10483055123.799976,primary_input_absent [netCashProvidedByOperatingActivities NaN (value=NaN)],nan
stock_CUR6K@718712e8d985,FINV,2018-01-01,45.101432,13557805718.20968,primary_input_absent [netCashProvidedByOperatingActivities NaN (value=NaN)],nan
stock_CUR6K@718712e8d985,FINV,2018-04-01,39.37115,11855291392.5992,primary_input_absent [netCashProvidedByOperatingActivities NaN (value=NaN)],nan
stock_CUR6K@718712e8d985,FINV,2018-07-01,36.40464,10800455094.23184,primary_input_absent [netCashProvidedByOperatingActivities NaN (value=NaN)],nan
stock_CUR6K@718712e8d985,FINV,2018-10-01,24.75144,7360342544.197439,primary_input_absent [netCashProvidedByOperatingActivities NaN (value=NaN)],nan
stock_CUR6K@718712e8d985,FINV,2019-01-01,25.570434000000002,7639336203.639174,primary_input_absent [netCashProvidedByOperatingActivities NaN (value=NaN)],nan
stock_CUR6K@718712e8d985,FINV,2019-04-01,30.204971999999998,9266630328.61146,primary_input_absent [netCashProvidedByOperatingActivities NaN (value=NaN)],nan
stock_CUR6K@718712e8d985,FINV,2019-07-01,20.72804,6439785498.0362,primary_input_absent [netCashProvidedByOperatingActivities NaN (value=NaN)],nan
stock_CUR6K@718712e8d985,FINV,2019-10-01,18.448505,5674061954.328276,primary_input_absent [netCashProvidedByOperatingActivities NaN (value=NaN)],nan
stock_CUR6K@718712e8d985,FINV,2020-01-01,12.606672,3840793974.685824,primary_input_absent [netCashProvidedByOperatingActivities NaN (value=NaN)],nan
stock_CUR6K@718712e8d985,FINV,2020-04-01,12.787650000000001,3871732289.1318,primary_input_absent [netCashProvidedByOperatingActivities NaN (value=NaN)],nan
stock_CUR6K@718712e8d985,FINV,2020-07-01,12.494888000000001,3633001577.3130803,primary_input_absent [netCashProvidedByOperatingActivities NaN (value=NaN)],nan
stock_CUR6K@718712e8d985,FINV,2020-10-01,17.42175,4942840669.08975,primary_input_absent [netCashProvidedByOperatingActivities NaN (value=NaN)],nan
stock_CUR6K@718712e8d985,FINV,2021-01-01,45.933726,12910093848.091722,primary_input_absent [netCashProvidedByOperatingActivities NaN (value=NaN)],nan
stock_CUR6K@718712e8d985,FINV,2021-04-01,61.466832,17481957975.994175,primary_input_absent [netCashProvidedByOperatingActivities NaN (value=NaN)],nan
stock_CUR6K@718712e8d985,FINV,2021-07-01,36.358824,10361280570.275496,primary_input_absent [netCashProvidedByOperatingActivities NaN (value=NaN)],nan
stock_CUR6K@718712e8d985,FINV,2021-10-01,31.315852999999997,8961631786.115421,primary_input_absent [netCashProvidedByOperatingActivities NaN (value=NaN)],nan
stock_CUR6K@718712e8d985,FINV,2022-01-01,25.17774,7209628174.22652,primary_input_absent [netCashProvidedByOperatingActivities NaN (value=NaN)],nan
stock_CUR6K@718712e8d985,FINV,2022-04-01,31.821199999999997,9055254669.57,primary_input_absent [netCashProvidedByOperatingActivities NaN (value=NaN)],nan
stock_CUR6K@718712e8d985,FINV,2022-07-01,30.44578,8599661373.33564,primary_input_absent [netCashProvidedByOperatingActivities NaN (value=NaN)],nan
stock_CUR6K@718712e8d985,FINV,2022-10-01,34.210111999999995,9713124454.640255,primary_input_absent [netCashProvidedByOperatingActivities NaN (value=NaN)],nan
stock_CUR6K@718712e8d985,FINV,2023-01-01,28.635807,8078583504.2174425,primary_input_absent [netCashProvidedByOperatingActivities NaN (value=NaN)],nan
stock_CUR6K@718712e8d985,FINV,2023-04-01,33.355059999999995,9253295235.862158,primary_input_absent [netCashProvidedByOperatingActivities NaN (value=NaN)],nan
stock_CUR6K@718712e8d985,FINV,2023-07-01,36.35649000000001,9865716177.200762,primary_input_absent [netCashProvidedByOperatingActivities NaN (value=NaN)],nan
stock_CUR6K@718712e8d985,FINV,2023-10-01,34.77677,9510961667.71912,primary_input_absent [netCashProvidedByOperatingActivities NaN (value=NaN)],nan
stock_CUR6K@718712e8d985,FINV,2024-01-01,36.8007,9652898830.6308,primary_input_absent [netCashProvidedByOperatingActivities NaN (value=NaN)],nan
stock_CUR6K@718712e8d985,FINV,2024-04-01,34.88784,9309609660.54912,primary_input_absent [netCashProvidedByOperatingActivities NaN (value=NaN)],nan
stock_CUR6K@718712e8d985,FINV,2024-07-01,43.365677999999996,11438188948.997417,primary_input_absent [netCashProvidedByOperatingActivities NaN (value=NaN)],nan
stock_CUR6K@718712e8d985,FINV,2024-10-01,49.558852,12918936765.940437,primary_input_absent [netCashProvidedByOperatingActivities NaN (value=NaN)],nan
stock_CUR6K@718712e8d985,FINV,2025-01-01,69.877206,17689554453.312,primary_input_absent [netCashProvidedByOperatingActivities NaN (value=NaN)],nan
stock_CUR6K@718712e8d985,FINV,2025-04-01,67.906188,17384473052.5536,primary_input_absent [netCashProvidedByOperatingActivities NaN (value=NaN)],nan
stock_CUR6K@718712e8d985,FINV,2025-07-01,52.46334516741383,13152570234.262812,primary_input_absent [netCashProvidedByOperatingActivities NaN (value=NaN)],nan
stock_CUR6K@718712e8d985,FINV,2025-10-01,36.571298000000006,9072967835.125301,primary_input_absent [netCashProvidedByOperatingActivities NaN (value=NaN)],nan
stock_CUR6K@718712e8d985,FINV,2026-01-01,33.039025,7891668373.357925,primary_input_absent [netCashProvidedByOperatingActivities NaN (value=NaN)],nan
stock_CUR6K@718712e8d985,FINV,2026-04-01,32.498234000000004,7667204125.783563,primary_input_absent [netCashProvidedByOperatingActivities NaN (value=NaN)],nan
stock_CUR6K@718712e8d985,FIRST-B.ST,2020-01-01,8.0,320704000.0,primary_input_absent [revenue impossible: < 0 (value=-3.257e+06)],nan
stock_CUR6K@718712e8d985,FIRST-B.ST,2020-10-01,8.0,314024000.0,primary_input_absent [revenue impossible: < 0 (value=-3.257e+06)],nan
stock_CUR6K@718712e8d985,FIRST-B.ST,2021-01-01,8.0,314024000.0,primary_input_absent [revenue impossible: < 0 (value=-3.257e+06)],nan
stock_CUR6K@718712e8d985,FIRST-B.ST,2021-04-01,8.0,300192000.0,primary_input_absent [revenue impossible: < 0 (value=-3.257e+06)],nan
stock_CUR6K@718712e8d985,FIRST-B.ST,2021-07-01,6.9,258915600.0,primary_input_absent [revenue impossible: < 0 (value=-3.257e+06)],nan
stock_CUR6K@718712e8d985,FIRST-B.ST,2021-10-01,7.39,277302360.0,primary_input_absent [revenue impossible: < 0 (value=-3.257e+06)],nan
stock_CUR6K@718712e8d985,FIRST-B.ST,2022-01-01,5.4,202629600.0,primary_input_absent [revenue impossible: < 0 (value=-3.257e+06)],nan
stock_CUR6K@718712e8d985,FIRST-B.ST,2022-04-01,4.8,180115200.0,primary_input_absent [revenue impossible: < 0 (value=-3.257e+06)],nan
stock_CUR6K@718712e8d985,FIRST-B.ST,2022-07-01,4.285,160790340.0,primary_input_absent [revenue impossible: < 0 (value=-3.257e+06)],nan
stock_CUR6K@718712e8d985,FIRST-B.ST,2022-10-01,3.88,145593120.0,primary_input_absent [revenue impossible: < 0 (value=-3.257e+06)],nan
stock_CUR6K@718712e8d985,FIRST-B.ST,2023-01-01,3.65,136962600.0,primary_input_absent [revenue impossible: < 0 (value=-3.257e+06)],nan
stock_CUR6K@718712e8d985,FIRST-B.ST,2023-04-01,3.11,116699640.0,primary_input_absent [revenue impossible: < 0 (value=-3.257e+06)],nan
stock_CUR6K@718712e8d985,FIRST-B.ST,2023-07-01,3.2,120076800.0,primary_input_absent [revenue impossible: < 0 (value=-3.257e+06)],nan
stock_CUR6K@718712e8d985,FIRST-B.ST,2023-10-01,2.76,103566239.99999999,primary_input_absent [revenue impossible: < 0 (value=-3.257e+06)],nan
stock_CUR6K@718712e8d985,FIRST-B.ST,2024-01-01,2.98,111821520.0,primary_input_absent [revenue impossible: < 0 (value=-3.257e+06)],nan
stock_CUR6K@718712e8d985,FIRST-B.ST,2024-04-01,2.29,85929960.0,primary_input_absent [revenue impossible: < 0 (value=-3.257e+06)],nan
stock_CUR6K@718712e8d985,FIRST-B.ST,2024-07-01,2.21,82928040.0,primary_input_absent [revenue impossible: < 0 (value=-3.257e+06)],nan
stock_CUR6K@718712e8d985,FIRST-B.ST,2024-10-01,1.77,66417480.0,primary_input_absent [revenue impossible: < 0 (value=-3.257e+06)],nan
stock_CUR6K@718712e8d985,FIRST-B.ST,2025-01-01,1.58,59287920.0,primary_input_absent [revenue impossible: < 0 (value=-3.257e+06)],nan
stock_CUR6K@718712e8d985,FIRST-B.ST,2025-04-01,1.7899999999999998,67168328.74,primary_input_absent [revenue impossible: < 0 (value=-3.257e+06)],nan
stock_CUR6K@718712e8d985,FIRST-B.ST,2025-07-01,2.07,77675106.41999999,primary_input_absent [revenue impossible: < 0 (value=-3.257e+06)],nan
stock_CUR6K@718712e8d985,FIRST-B.ST,2025-10-01,1.37,51408162.220000006,primary_input_absent [revenue impossible: < 0 (value=-3.257e+06)],nan
stock_CUR6K@718712e8d985,FIRST-B.ST,2026-01-01,1.3,68650236.2,primary_input_absent [revenue impossible: < 0 (value=-3.257e+06)],nan
stock_CUR6K@718712e8d985,FIRST-B.ST,2026-04-01,1.33,70234472.42,primary_input_absent [revenue impossible: < 0 (value=-3.257e+06)],nan
stock_CUR6K@718712e8d985,FLERIE.ST,2021-10-01,47.08,2507895104.0,primary_input_absent [revenue impossible: < 0 (value=-800000)],nan
stock_CUR6K@718712e8d985,FLERIE.ST,2022-01-01,47.08,2507895104.0,primary_input_absent [revenue impossible: < 0 (value=-800000)],nan
stock_CUR6K@718712e8d985,FLERIE.ST,2022-04-01,47.07999999999999,2507893220.7999997,primary_input_absent [revenue impossible: < 0 (value=-800000)],nan
stock_CUR6K@718712e8d985,FLERIE.ST,2022-07-01,47.07999999999999,2507893220.7999997,primary_input_absent [revenue impossible: < 0 (value=-800000)],nan
stock_CUR6K@718712e8d985,FLERIE.ST,2022-10-01,47.08,2507895104.0,primary_input_absent [revenue impossible: < 0 (value=-800000)],nan
stock_CUR6K@718712e8d985,FLERIE.ST,2023-01-01,47.08,2507895104.0,primary_input_absent [revenue impossible: < 0 (value=-800000)],nan
stock_CUR6K@718712e8d985,FLERIE.ST,2023-04-01,47.07999999999999,2507893220.7999997,primary_input_absent [revenue impossible: < 0 (value=-800000)],nan
stock_CUR6K@718712e8d985,FLERIE.ST,2023-07-01,47.07999999999999,2507893220.7999997,primary_input_absent [revenue impossible: < 0 (value=-800000)],nan
stock_CUR6K@718712e8d985,FLERIE.ST,2023-10-01,47.08,2507895104.0,primary_input_absent [revenue impossible: < 0 (value=-800000)],nan
stock_CUR6K@718712e8d985,FLERIE.ST,2024-01-01,47.08,2507895104.0,primary_input_absent [revenue impossible: < 0 (value=-800000)],nan
stock_CUR6K@718712e8d985,FLERIE.ST,2024-04-01,40.69,2628164902.74,primary_input_absent [revenue impossible: < 0 (value=-800000)],nan
stock_CUR6K@718712e8d985,FLERIE.ST,2024-07-01,36.83,2875185732.98,primary_input_absent [revenue impossible: < 0 (value=-800000)],nan
stock_CUR6K@718712e8d985,FLERIE.ST,2024-10-01,41.08,3206967958.48,primary_input_absent [revenue impossible: < 0 (value=-800000)],nan
stock_CUR6K@718712e8d985,FLERIE.ST,2025-01-01,38.68,3019608584.08,primary_input_absent [revenue impossible: < 0 (value=-800000)],nan
stock_CUR6K@718712e8d985,FLERIE.ST,2025-04-01,39.86,3111726943.16,primary_input_absent [revenue impossible: < 0 (value=-800000)],nan
stock_CUR6K@718712e8d985,FLERIE.ST,2025-07-01,37.06,2881829479.04,primary_input_absent [revenue impossible: < 0 (value=-800000)],nan
stock_CUR6K@718712e8d985,FLERIE.ST,2025-10-01,32.77,2538231874.7400002,primary_input_absent [revenue impossible: < 0 (value=-800000)],nan
stock_CUR6K@718712e8d985,FLERIE.ST,2026-01-01,36.4,2874263646.7999997,primary_input_absent [revenue impossible: < 0 (value=-800000)],nan
stock_CUR6K@718712e8d985,FLERIE.ST,2026-04-01,20.2,1834972423.8,primary_input_absent [revenue impossible: < 0 (value=-800000)],nan
stock_CUR6K@718712e8d985,FSDV.PA,2010-07-01,58.0,6554000.0,primary_input_absent [totalAssets impossible: <= 0 (value=0)],
stock_CUR6K@718712e8d985,FSDV.PA,2012-01-01,,0.0,primary_input_absent [totalAssets impossible: <= 0 (value=0)],totalStockholdersEquity
stock_CUR6K@718712e8d985,FSDV.PA,2012-07-01,,0.0,primary_input_absent [totalAssets impossible: <= 0 (value=0)],
stock_CUR6K@718712e8d985,FSDV.PA,2013-01-01,56.950001,6435350.113,primary_input_absent [totalAssets impossible: <= 0 (value=0)],
stock_CUR6K@718712e8d985,FSDV.PA,2014-01-01,47.830002,5437840.757382,primary_input_absent [totalAssets impossible: <= 0 (value=0)],
stock_CUR6K@718712e8d985,FSDV.PA,2014-07-01,45.849998,5181049.774,primary_input_absent [totalAssets impossible: <= 0 (value=0)],
stock_CUR6K@718712e8d985,FSDV.PA,2015-01-01,49.5,5593500.0,primary_input_absent [totalAssets impossible: <= 0 (value=0)],
stock_CUR6K@718712e8d985,FSDV.PA,2015-07-01,43.700001,5156600.118,primary_input_absent [totalAssets impossible: <= 0 (value=0)],
stock_CUR6K@718712e8d985,FSDV.PA,2016-01-01,35.799999,3866399.892,primary_input_absent [totalAssets impossible: <= 0 (value=0)],
stock_CUR6K@718712e8d985,FSDV.PA,2016-07-01,49.990002,5648870.226,primary_input_absent [totalAssets impossible: <= 0 (value=0)],
stock_CUR6K@718712e8d985,FSDV.PA,2017-01-01,37.0,4181000.0,primary_input_absent [totalAssets impossible: <= 0 (value=0)],
stock_CUR6K@718712e8d985,FSDV.PA,2017-07-01,37.5,3750000.0,primary_input_absent [totalAssets impossible: <= 0 (value=0)],
stock_CUR6K@718712e8d985,FSDV.PA,2018-01-01,43.799999,5562599.873,primary_input_absent [totalAssets impossible: <= 0 (value=0)],
stock_CUR6K@718712e8d985,FSDV.PA,2018-07-01,48.599998,5525382.372618,primary_input_absent [totalAssets impossible: <= 0 (value=0)],
stock_CUR6K@718712e8d985,FSDV.PA,2019-01-01,35.0,3979185.0,primary_input_absent [totalAssets impossible: <= 0 (value=0)],
stock_CUR6K@718712e8d985,FSDV.PA,2019-07-01,36.599998,4161090.372618,primary_input_absent [totalAssets impossible: <= 0 (value=0)],
stock_CUR6K@718712e8d985,FSDV.PA,2020-01-01,30.0,3410730.0,primary_input_absent [totalAssets impossible: <= 0 (value=0)],
stock_CUR6K@718712e8d985,FSDV.PA,2020-07-01,33.0,3751803.0,primary_input_absent [totalAssets impossible: <= 0 (value=0)],
stock_CUR6K@718712e8d985,FSDV.PA,2021-01-01,33.0,3751803.0,primary_input_absent [totalAssets impossible: <= 0 (value=0)],
stock_CUR6K@718712e8d985,FSDV.PA,2021-07-01,39.400002,4479425.627382,primary_input_absent [totalAssets impossible: <= 0 (value=0)],
stock_CUR6K@718712e8d985,FSDV.PA,2022-01-01,24.0,2728584.0,primary_input_absent [totalAssets impossible: <= 0 (value=0)],
stock_CUR6K@718712e8d985,FSDV.PA,2023-01-01,20.0,2273820.0,primary_input_absent [totalAssets impossible: <= 0 (value=0)],
stock_CUR6K@718712e8d985,FSDV.PA,2023-07-01,20.0,2273820.0,primary_input_absent [totalAssets impossible: <= 0 (value=0)],propertyPlantEquipmentNet|totalAssets|totalCurrentAssets|totalCurrentLiabilities|totalLiabilities|totalStockholdersEquity
stock_CUR6K@718712e8d985,FSDV.PA,2024-01-01,21.4,2432987.4,primary_input_absent [totalAssets impossible: <= 0 (value=0)],
stock_CUR6K@718712e8d985,FSDV.PA,2024-07-01,16.2,1830600.0,primary_input_absent [totalAssets impossible: <= 0 (value=0)],
stock_CUR6K@718712e8d985,FSDV.PA,2025-01-01,14.2,1604600.0,primary_input_absent [totalAssets impossible: <= 0 (value=0)],
stock_CUR6K@718712e8d985,FSDV.PA,2025-10-01,18.2,1343687.8,primary_input_absent [totalAssets impossible: <= 0 (value=0)],
stock_CUR6K@718712e8d985,GABA.ST,2014-10-01,20.41,47963500.0,primary_input_absent [netCashProvidedByOperatingActivities NaN (value=NaN)],nan
stock_CUR6K@718712e8d985,GABA.ST,2015-01-01,25.7,66331700.0,primary_input_absent [netCashProvidedByOperatingActivities NaN (value=NaN)],nan
stock_CUR6K@718712e8d985,GABA.ST,2015-04-01,38.28,123797520.0,primary_input_absent [netCashProvidedByOperatingActivities NaN (value=NaN)],nan
stock_CUR6K@718712e8d985,GABA.ST,2015-07-01,34.27,106716780.00000001,primary_input_absent [netCashProvidedByOperatingActivities NaN (value=NaN)],nan
stock_CUR6K@718712e8d985,GABA.ST,2015-10-01,53.77,167124096.33,primary_input_absent [netCashProvidedByOperatingActivities NaN (value=NaN)],nan
stock_CUR6K@718712e8d985,GABA.ST,2016-01-01,52.49,169752660.0,primary_input_absent [netCashProvidedByOperatingActivities NaN (value=NaN)],nan
stock_CUR6K@718712e8d985,GABA.ST,2016-04-01,42.98,164312540.0,primary_input_absent [netCashProvidedByOperatingActivities NaN (value=NaN)],nan
stock_CUR6K@718712e8d985,GABA.ST,2016-07-01,53.0,202619000.0,primary_input_absent [netCashProvidedByOperatingActivities NaN (value=NaN)],nan
stock_CUR6K@718712e8d985,GABA.ST,2016-10-01,42.98,153681265.07999998,primary_input_absent [netCashProvidedByOperatingActivities NaN (value=NaN)],nan
stock_CUR6K@718712e8d985,GABA.ST,2017-01-01,32.38,123788740.00000001,primary_input_absent [netCashProvidedByOperatingActivities NaN (value=NaN)],nan
stock_CUR6K@718712e8d985,GABA.ST,2017-04-01,40.48,154755040.0,primary_input_absent [netCashProvidedByOperatingActivities NaN (value=NaN)],nan
stock_CUR6K@718712e8d985,GABA.ST,2017-07-01,31.03,114221430.0,primary_input_absent [netCashProvidedByOperatingActivities NaN (value=NaN)],nan
stock_CUR6K@718712e8d985,GABA.ST,2017-10-01,15.0,55702920.0,primary_input_absent [netCashProvidedByOperatingActivities NaN (value=NaN)],nan
stock_CUR6K@718712e8d985,GABA.ST,2018-01-01,11.8,38007800.0,primary_input_absent [netCashProvidedByOperatingActivities NaN (value=NaN)],nan
stock_CUR6K@718712e8d985,GABA.ST,2018-04-01,11.2,57713600.0,primary_input_absent [netCashProvidedByOperatingActivities NaN (value=NaN)],nan
stock_CUR6K@718712e8d985,GABA.ST,2018-07-01,12.5,66887500.0,primary_input_absent [netCashProvidedByOperatingActivities NaN (value=NaN)],nan
stock_CUR6K@718712e8d985,GABA.ST,2018-10-01,12.0,61836000.0,primary_input_absent [netCashProvidedByOperatingActivities NaN (value=NaN)],nan
stock_CUR6K@718712e8d985,GABA.ST,2019-01-01,11.25,60198750.0,primary_input_absent [netCashProvidedByOperatingActivities NaN (value=NaN)],nan
stock_CUR6K@718712e8d985,GABA.ST,2019-04-01,12.3,65817300.00000001,primary_input_absent [netCashProvidedByOperatingActivities NaN (value=NaN)],nan
stock_CUR6K@718712e8d985,GABA.ST,2019-07-01,5.9,30402700.0,primary_input_absent [netCashProvidedByOperatingActivities NaN (value=NaN)],nan
stock_CUR6K@718712e8d985,GABA.ST,2019-10-01,5.2,27033442.8,primary_input_absent [netCashProvidedByOperatingActivities NaN (value=NaN)],nan
stock_CUR6K@718712e8d985,GABA.ST,2020-01-01,3.79,50797370.0,primary_input_absent [netCashProvidedByOperatingActivities NaN (value=NaN)],nan
stock_CUR6K@718712e8d985,GABA.ST,2020-04-01,5.76,80173440.0,primary_input_absent [netCashProvidedByOperatingActivities NaN (value=NaN)],nan
stock_CUR6K@718712e8d985,GABA.ST,2020-07-01,6.8,91140400.0,primary_input_absent [netCashProvidedByOperatingActivities NaN (value=NaN)],nan
stock_CUR6K@718712e8d985,GABA.ST,2020-10-01,5.6,75056800.0,primary_input_absent [netCashProvidedByOperatingActivities NaN (value=NaN)],nan
stock_CUR6K@718712e8d985,GABA.ST,2021-01-01,5.34,71572020.0,primary_input_absent [netCashProvidedByOperatingActivities NaN (value=NaN)],nan
stock_CUR6K@718712e8d985,GABA.ST,2021-04-01,6.75,90504000.0,primary_input_absent [netCashProvidedByOperatingActivities NaN (value=NaN)],nan
stock_CUR6K@718712e8d985,GABA.ST,2021-07-01,5.1899999999999995,69587068.47,primary_input_absent [netCashProvidedByOperatingActivities NaN (value=NaN)],nan
stock_CUR6K@718712e8d985,GABA.ST,2021-10-01,4.53,60733710.0,primary_input_absent [netCashProvidedByOperatingActivities NaN (value=NaN)],nan
stock_CUR6K@718712e8d985,GABA.ST,2022-01-01,3.88,52515800.0,primary_input_absent [netCashProvidedByOperatingActivities NaN (value=NaN)],nan
stock_CUR6K@718712e8d985,GABA.ST,2022-04-01,5.23,71269210.0,primary_input_absent [netCashProvidedByOperatingActivities NaN (value=NaN)],nan
stock_CUR6K@718712e8d985,GABA.ST,2022-07-01,4.09,55734430.0,primary_input_absent [netCashProvidedByOperatingActivities NaN (value=NaN)],nan
stock_CUR6K@718712e8d985,GABA.ST,2022-10-01,4.53,61730310.0,primary_input_absent [netCashProvidedByOperatingActivities NaN (value=NaN)],nan
stock_CUR6K@718712e8d985,GABA.ST,2023-01-01,3.2,43948800.0,primary_input_absent [netCashProvidedByOperatingActivities NaN (value=NaN)],nan
stock_CUR6K@718712e8d985,GABA.ST,2023-04-01,3.55,52149500.0,primary_input_absent [netCashProvidedByOperatingActivities NaN (value=NaN)],nan
stock_CUR6K@718712e8d985,GABA.ST,2023-07-01,2.14,31436600.0,primary_input_absent [netCashProvidedByOperatingActivities NaN (value=NaN)],nan
stock_CUR6K@718712e8d985,GABA.ST,2023-10-01,1.41,20712900.0,primary_input_absent [netCashProvidedByOperatingActivities NaN (value=NaN)],nan
stock_CUR6K@718712e8d985,GABA.ST,2024-01-01,1.64,27851300.0,primary_input_absent [netCashProvidedByOperatingActivities NaN (value=NaN)],nan
stock_CUR6K@718712e8d985,GABA.ST,2024-04-01,1.52,29298000.0,primary_input_absent [netCashProvidedByOperatingActivities NaN (value=NaN)],nan
stock_CUR6K@718712e8d985,GABA.ST,2024-07-01,0.71,15962930.0,primary_input_absent [netCashProvidedByOperatingActivities NaN (value=NaN)],nan
stock_CUR6K@718712e8d985,GABA.ST,2024-10-01,0.4,9487200.0,primary_input_absent [netCashProvidedByOperatingActivities NaN (value=NaN)],nan
stock_CUR6K@718712e8d985,GABA.ST,2025-01-01,0.052399999999999995,1242823.2,primary_input_absent [netCashProvidedByOperatingActivities NaN (value=NaN)],nan
stock_CUR6K@718712e8d985,GABA.ST,2025-04-01,0.0496,11715761.8496,primary_input_absent [netCashProvidedByOperatingActivities NaN (value=NaN)],nan
stock_CUR6K@718712e8d985,GABA.ST,2025-07-01,0.0342,8078206.7592,primary_input_absent [netCashProvidedByOperatingActivities NaN (value=NaN)],nan
stock_CUR6K@718712e8d985,GABA.ST,2025-10-01,0.027399999999999997,5903144.9678,primary_input_absent [netCashProvidedByOperatingActivities NaN (value=NaN)],nan
stock_CUR6K@718712e8d985,GABA.ST,2026-01-01,0.0478,23304056.607,primary_input_absent [netCashProvidedByOperatingActivities NaN (value=NaN)],nan
stock_CUR6K@718712e8d985,GABA.ST,2026-04-01,0.0368,22466079.472,primary_input_absent [netCashProvidedByOperatingActivities NaN (value=NaN)],nan
stock_CUR6K@718712e8d985,GEA.PA,2008-07-01,11.01,13212000.0,primary_input_absent [netCashProvidedByOperatingActivities NaN (value=NaN)],nan
stock_CUR6K@718712e8d985,GEA.PA,2009-07-01,31.0,37200000.0,primary_input_absent [netCashProvidedByOperatingActivities NaN (value=NaN)],nan
stock_CUR6K@718712e8d985,GEA.PA,2010-01-01,40.0,48000000.0,primary_input_absent [netCashProvidedByOperatingActivities NaN (value=NaN)],nan
stock_CUR6K@718712e8d985,GEA.PA,2010-07-01,44.5,53400000.0,primary_input_absent [netCashProvidedByOperatingActivities NaN (value=NaN)],nan
stock_CUR6K@718712e8d985,GEA.PA,2011-01-01,66.15,79074982.35000001,primary_input_absent [netCashProvidedByOperatingActivities NaN (value=NaN)],nan
stock_CUR6K@718712e8d985,GEA.PA,2011-07-01,57.10000000000001,68256711.9,primary_input_absent [netCashProvidedByOperatingActivities NaN (value=NaN)],nan
stock_CUR6K@718712e8d985,GEA.PA,2012-01-01,69.9,83554615.5,primary_input_absent [netCashProvidedByOperatingActivities NaN (value=NaN)],nan
stock_CUR6K@718712e8d985,GEA.PA,2012-07-01,66.3,79251373.5,primary_input_absent [netCashProvidedByOperatingActivities NaN (value=NaN)],nan
stock_CUR6K@718712e8d985,GEA.PA,2013-01-01,80.6,96251955.8,primary_input_absent [netCashProvidedByOperatingActivities NaN (value=NaN)],nan
stock_CUR6K@718712e8d985,GEA.PA,2013-07-01,79.95,95689196.85000001,primary_input_absent [netCashProvidedByOperatingActivities NaN (value=NaN)],nan
stock_CUR6K@718712e8d985,GEA.PA,2014-01-01,91.6,109454763.6,primary_input_absent [netCashProvidedByOperatingActivities NaN (value=NaN)],nan
stock_CUR6K@718712e8d985,GEA.PA,2014-07-01,70.7,84610012.9,primary_input_absent [netCashProvidedByOperatingActivities NaN (value=NaN)],nan
stock_CUR6K@718712e8d985,GEA.PA,2015-01-01,76.0,90748256.0,primary_input_absent [netCashProvidedByOperatingActivities NaN (value=NaN)],nan
stock_CUR6K@718712e8d985,GEA.PA,2015-07-01,75.0,89726550.0,primary_input_absent [netCashProvidedByOperatingActivities NaN (value=NaN)],nan
stock_CUR6K@718712e8d985,GEA.PA,2016-01-01,75.0,89554125.0,primary_input_absent [netCashProvidedByOperatingActivities NaN (value=NaN)],nan
stock_CUR6K@718712e8d985,GEA.PA,2016-07-01,85.65,102620434.05000001,primary_input_absent [netCashProvidedByOperatingActivities NaN (value=NaN)],nan
stock_CUR6K@718712e8d985,GEA.PA,2017-01-01,88.0,105115296.0,primary_input_absent [netCashProvidedByOperatingActivities NaN (value=NaN)],nan
stock_CUR6K@718712e8d985,GEA.PA,2017-07-01,88.73,105995970.7,primary_input_absent [netCashProvidedByOperatingActivities NaN (value=NaN)],nan
stock_CUR6K@718712e8d985,GEA.PA,2018-01-01,101.0,120651974.0,primary_input_absent [netCashProvidedByOperatingActivities NaN (value=NaN)],nan
stock_CUR6K@718712e8d985,GEA.PA,2018-07-01,95.0,113886000.0,primary_input_absent [netCashProvidedByOperatingActivities NaN (value=NaN)],nan
stock_CUR6K@718712e8d985,GEA.PA,2019-01-01,86.0,102718142.0,primary_input_absent [netCashProvidedByOperatingActivities NaN (value=NaN)],nan
stock_CUR6K@718712e8d985,GEA.PA,2019-07-01,105.0,122268510.0,primary_input_absent [netCashProvidedByOperatingActivities NaN (value=NaN)],nan
stock_CUR6K@718712e8d985,GEA.PA,2020-01-01,89.0,103603832.0,primary_input_absent [netCashProvidedByOperatingActivities NaN (value=NaN)],nan
stock_CUR6K@718712e8d985,GEA.PA,2020-07-01,112.0,128249744.0,primary_input_absent [netCashProvidedByOperatingActivities NaN (value=NaN)],nan
stock_CUR6K@718712e8d985,GEA.PA,2021-01-01,105.0,115371480.0,primary_input_absent [netCashProvidedByOperatingActivities NaN (value=NaN)],nan
stock_CUR6K@718712e8d985,GEA.PA,2021-07-01,108.0,118678608.0,primary_input_absent [netCashProvidedByOperatingActivities NaN (value=NaN)],nan
stock_CUR6K@718712e8d985,GEA.PA,2022-01-01,93.0,102179844.0,primary_input_absent [netCashProvidedByOperatingActivities NaN (value=NaN)],nan
stock_CUR6K@718712e8d985,GEA.PA,2022-07-01,80.0,87874320.0,primary_input_absent [netCashProvidedByOperatingActivities NaN (value=NaN)],nan
stock_CUR6K@718712e8d985,GEA.PA,2023-01-01,86.0,94560268.0,primary_input_absent [netCashProvidedByOperatingActivities NaN (value=NaN)],nan
stock_CUR6K@718712e8d985,GEA.PA,2023-07-01,98.0,107643788.0,primary_input_absent [netCashProvidedByOperatingActivities NaN (value=NaN)],nan
stock_CUR6K@718712e8d985,GEA.PA,2024-01-01,96.5,105988362.5,primary_input_absent [netCashProvidedByOperatingActivities NaN (value=NaN)],nan
stock_CUR6K@718712e8d985,GEA.PA,2024-07-01,77.5,85100037.5,primary_input_absent [netCashProvidedByOperatingActivities NaN (value=NaN)],nan
stock_CUR6K@718712e8d985,GEA.PA,2025-01-01,87.0,95550273.0,primary_input_absent [netCashProvidedByOperatingActivities NaN (value=NaN)],nan
stock_CUR6K@718712e8d985,GEA.PA,2025-07-01,83.5,91706296.5,primary_input_absent [netCashProvidedByOperatingActivities NaN (value=NaN)],nan
stock_CUR6K@718712e8d985,GEA.PA,2026-01-01,95.5,105050000.0,primary_input_absent [netCashProvidedByOperatingActivities NaN (value=NaN)],nan
stock_CUR6K@718712e8d985,H2A.DE,2010-10-01,9.7,194717800.0,primary_input_absent [netCashProvidedByOperatingActivities NaN (value=NaN)],nan
stock_CUR6K@718712e8d985,H2A.DE,2011-04-01,9.9,260528400.0,primary_input_absent [netCashProvidedByOperatingActivities NaN (value=NaN)],nan
stock_CUR6K@718712e8d985,H2A.DE,2011-07-01,9.959,341434356.0,primary_input_absent [netCashProvidedByOperatingActivities NaN (value=NaN)],nan
stock_CUR6K@718712e8d985,H2A.DE,2011-10-01,9.959,341434356.0,primary_input_absent [netCashProvidedByOperatingActivities NaN (value=NaN)],nan
stock_CUR6K@718712e8d985,H2A.DE,2012-01-01,9.959,341434356.0,primary_input_absent [netCashProvidedByOperatingActivities NaN (value=NaN)],nan
stock_CUR6K@718712e8d985,H2A.DE,2012-04-01,9.959,353215853.0,primary_input_absent [netCashProvidedByOperatingActivities NaN (value=NaN)],nan
stock_CUR6K@718712e8d985,H2A.DE,2012-07-01,4.7,164735000.0,primary_input_absent [netCashProvidedByOperatingActivities NaN (value=NaN)],nan
stock_CUR6K@718712e8d985,H2A.DE,2012-10-01,3.8,131734600.0,primary_input_absent [netCashProvidedByOperatingActivities NaN (value=NaN)],nan
stock_CUR6K@718712e8d985,H2A.DE,2013-01-01,4.5,154278000.0,primary_input_absent [netCashProvidedByOperatingActivities NaN (value=NaN)],nan
stock_CUR6K@718712e8d985,H2A.DE,2013-04-01,4.82,165248880.0,primary_input_absent [netCashProvidedByOperatingActivities NaN (value=NaN)],nan
stock_CUR6K@718712e8d985,H2A.DE,2013-07-01,4.62,158392080.0,primary_input_absent [netCashProvidedByOperatingActivities NaN (value=NaN)],nan
stock_CUR6K@718712e8d985,H2A.DE,2013-10-01,5.499,188527716.0,primary_input_absent [netCashProvidedByOperatingActivities NaN (value=NaN)],nan
stock_CUR6K@718712e8d985,H2A.DE,2014-01-01,6.059,207726756.0,primary_input_absent [netCashProvidedByOperatingActivities NaN (value=NaN)],nan
stock_CUR6K@718712e8d985,H2A.DE,2014-04-01,5.799,198812916.0,primary_input_absent [netCashProvidedByOperatingActivities NaN (value=NaN)],nan
stock_CUR6K@718712e8d985,H2A.DE,2014-07-01,5.52,189247680.0,primary_input_absent [netCashProvidedByOperatingActivities NaN (value=NaN)],nan
stock_CUR6K@718712e8d985,H2A.DE,2014-10-01,5.25,179991000.0,primary_input_absent [netCashProvidedByOperatingActivities NaN (value=NaN)],nan
stock_CUR6K@718712e8d985,H2A.DE,2015-01-01,5.01,171762840.0,primary_input_absent [netCashProvidedByOperatingActivities NaN (value=NaN)],nan
stock_CUR6K@718712e8d985,H2A.DE,2015-04-01,4.8,153960000.0,primary_input_absent [netCashProvidedByOperatingActivities NaN (value=NaN)],nan
stock_CUR6K@718712e8d985,H2A.DE,2015-07-01,3.999,137101716.0,primary_input_absent [netCashProvidedByOperatingActivities NaN (value=NaN)],nan
stock_CUR6K@718712e8d985,H2A.DE,2015-10-01,3.98,136450320.0,primary_input_absent [netCashProvidedByOperatingActivities NaN (value=NaN)],nan
stock_CUR6K@718712e8d985,H2A.DE,2016-01-01,3.799,130244916.0,primary_input_absent [netCashProvidedByOperatingActivities NaN (value=NaN)],nan
stock_CUR6K@718712e8d985,H2A.DE,2016-04-01,2.59,88476990.0,primary_input_absent [netCashProvidedByOperatingActivities NaN (value=NaN)],nan
stock_CUR6K@718712e8d985,H2A.DE,2016-07-01,2.9,58304500.0,primary_input_absent [netCashProvidedByOperatingActivities NaN (value=NaN)],nan
stock_CUR6K@718712e8d985,H2A.DE,2016-10-01,2.5,50185000.0,primary_input_absent [netCashProvidedByOperatingActivities NaN (value=NaN)],nan
stock_CUR6K@718712e8d985,H2A.DE,2017-01-01,3.581,71884994.0,primary_input_absent [netCashProvidedByOperatingActivities NaN (value=NaN)],nan
stock_CUR6K@718712e8d985,H2A.DE,2017-04-01,2.88,57242880.0,primary_input_absent [netCashProvidedByOperatingActivities NaN (value=NaN)],nan
stock_CUR6K@718712e8d985,H2A.DE,2017-07-01,3.44,72886720.0,primary_input_absent [netCashProvidedByOperatingActivities NaN (value=NaN)],nan
stock_CUR6K@718712e8d985,H2A.DE,2017-10-01,4.3,86318200.0,primary_input_absent [netCashProvidedByOperatingActivities NaN (value=NaN)],nan
stock_CUR6K@718712e8d985,H2A.DE,2018-01-01,4.34,86904160.0,primary_input_absent [netCashProvidedByOperatingActivities NaN (value=NaN)],nan
stock_CUR6K@718712e8d985,H2A.DE,2018-04-01,5.2,81900000.0,primary_input_absent [netCashProvidedByOperatingActivities NaN (value=NaN)],nan
stock_CUR6K@718712e8d985,H2A.DE,2018-07-01,6.25,124562500.0,primary_input_absent [netCashProvidedByOperatingActivities NaN (value=NaN)],nan
stock_CUR6K@718712e8d985,H2A.DE,2018-10-01,6.3,126466200.0,primary_input_absent [netCashProvidedByOperatingActivities NaN (value=NaN)],nan
stock_CUR6K@718712e8d985,H2A.DE,2019-01-01,5.9,118436600.0,primary_input_absent [netCashProvidedByOperatingActivities NaN (value=NaN)],nan
stock_CUR6K@718712e8d985,H2A.DE,2019-04-01,6.2,112840000.0,primary_input_absent [netCashProvidedByOperatingActivities NaN (value=NaN)],nan
stock_CUR6K@718712e8d985,H2A.DE,2019-07-01,6.55,128052500.0,primary_input_absent [netCashProvidedByOperatingActivities NaN (value=NaN)],nan
stock_CUR6K@718712e8d985,H2A.DE,2019-10-01,4.94,99165560.00000001,primary_input_absent [netCashProvidedByOperatingActivities NaN (value=NaN)],nan
stock_CUR6K@718712e8d985,H2A.DE,2020-01-01,4.16,84697600.0,primary_input_absent [netCashProvidedByOperatingActivities NaN (value=NaN)],nan
stock_CUR6K@718712e8d985,H2A.DE,2020-04-01,4.32,89208000.0,primary_input_absent [netCashProvidedByOperatingActivities NaN (value=NaN)],nan
stock_CUR6K@718712e8d985,H2A.DE,2020-07-01,3.96,79493040.0,primary_input_absent [netCashProvidedByOperatingActivities NaN (value=NaN)],nan
stock_CUR6K@718712e8d985,H2A.DE,2020-10-01,4.14,83106360.0,primary_input_absent [netCashProvidedByOperatingActivities NaN (value=NaN)],nan
stock_CUR6K@718712e8d985,H2A.DE,2021-01-01,4.52,90734479.99999999,primary_input_absent [netCashProvidedByOperatingActivities NaN (value=NaN)],nan
stock_CUR6K@718712e8d985,H2A.DE,2021-04-01,5.15,104926100.0,primary_input_absent [netCashProvidedByOperatingActivities NaN (value=NaN)],nan
stock_CUR6K@718712e8d985,H2A.DE,2021-07-01,5.15,97448300.0,primary_input_absent [netCashProvidedByOperatingActivities NaN (value=NaN)],nan
stock_CUR6K@718712e8d985,H2A.DE,2021-10-01,4.78,100164900.0,primary_input_absent [netCashProvidedByOperatingActivities NaN (value=NaN)],nan
stock_CUR6K@718712e8d985,H2A.DE,2022-01-01,4.84,95638400.0,primary_input_absent [netCashProvidedByOperatingActivities NaN (value=NaN)],nan
stock_CUR6K@718712e8d985,H2A.DE,2022-04-01,4.58,91938920.0,primary_input_absent [netCashProvidedByOperatingActivities NaN (value=NaN)],nan
stock_CUR6K@718712e8d985,H2A.DE,2022-07-01,4.4,88325600.0,primary_input_absent [netCashProvidedByOperatingActivities NaN (value=NaN)],nan
stock_CUR6K@718712e8d985,H2A.DE,2022-10-01,5.2,104384800.0,primary_input_absent [netCashProvidedByOperatingActivities NaN (value=NaN)],nan
stock_CUR6K@718712e8d985,H2A.DE,2023-01-01,6.15,123455100.0,primary_input_absent [netCashProvidedByOperatingActivities NaN (value=NaN)],nan
stock_CUR6K@718712e8d985,H2A.DE,2023-04-01,6.4,232697600.0,primary_input_absent [netCashProvidedByOperatingActivities NaN (value=NaN)],nan
stock_CUR6K@718712e8d985,H2A.DE,2023-07-01,5.9,214518100.0,primary_input_absent [netCashProvidedByOperatingActivities NaN (value=NaN)],nan
stock_CUR6K@718712e8d985,H2A.DE,2025-07-01,1.8399999999999999,92280484.08,primary_input_absent [netCashProvidedByOperatingActivities NaN (value=NaN)],nan
stock_CUR6K@718712e8d985,H2A.DE,2025-10-01,1.16,58176825.76,primary_input_absent [netCashProvidedByOperatingActivities NaN (value=NaN)],nan
stock_CUR6K@718712e8d985,H2A.DE,2026-01-01,0.945,47394053.91,primary_input_absent [netCashProvidedByOperatingActivities NaN (value=NaN)],nan
stock_CUR6K@718712e8d985,HEI.DE,2009-10-01,48.23,8917823460.0,primary_input_absent [netCashProvidedByOperatingActivities NaN (value=NaN)],nan
stock_CUR6K@718712e8d985,HEI.DE,2010-01-01,41.3,7749594321.7,primary_input_absent [netCashProvidedByOperatingActivities NaN (value=NaN)],nan
stock_CUR6K@718712e8d985,HEI.DE,2010-04-01,39.17,7350495312.5,primary_input_absent [netCashProvidedByOperatingActivities NaN (value=NaN)],nan
stock_CUR6K@718712e8d985,HEI.DE,2010-07-01,35.35,6613738363.05,primary_input_absent [netCashProvidedByOperatingActivities NaN (value=NaN)],nan
stock_CUR6K@718712e8d985,HEI.DE,2010-10-01,46.9,8874923066.1,primary_input_absent [netCashProvidedByOperatingActivities NaN (value=NaN)],nan
stock_CUR6K@718712e8d985,HEI.DE,2011-01-01,49.29,9241875000.0,primary_input_absent [netCashProvidedByOperatingActivities NaN (value=NaN)],nan
stock_CUR6K@718712e8d985,HEI.DE,2011-04-01,44.03,8255625000.0,primary_input_absent [netCashProvidedByOperatingActivities NaN (value=NaN)],nan
stock_CUR6K@718712e8d985,HEI.DE,2011-07-01,27.410000000000004,5131228665.77,primary_input_absent [netCashProvidedByOperatingActivities NaN (value=NaN)],nan
stock_CUR6K@718712e8d985,HEI.DE,2011-10-01,32.79,6148125000.0,primary_input_absent [netCashProvidedByOperatingActivities NaN (value=NaN)],nan
stock_CUR6K@718712e8d985,HEI.DE,2012-01-01,45.38,8508750000.000001,primary_input_absent [netCashProvidedByOperatingActivities NaN (value=NaN)],nan
stock_CUR6K@718712e8d985,HEI.DE,2012-04-01,37.76,7080000000.0,primary_input_absent [netCashProvidedByOperatingActivities NaN (value=NaN)],nan
stock_CUR6K@718712e8d985,HEI.DE,2012-07-01,41.94,7820577635.04,primary_input_absent [netCashProvidedByOperatingActivities NaN (value=NaN)],nan
stock_CUR6K@718712e8d985,HEI.DE,2012-10-01,47.56,8917500000.0,primary_input_absent [netCashProvidedByOperatingActivities NaN (value=NaN)],nan
stock_CUR6K@718712e8d985,HEI.DE,2013-01-01,57.19,10723125000.0,primary_input_absent [netCashProvidedByOperatingActivities NaN (value=NaN)],nan
stock_CUR6K@718712e8d985,HEI.DE,2013-04-01,51.89,9745259670.58,primary_input_absent [netCashProvidedByOperatingActivities NaN (value=NaN)],nan
stock_CUR6K@718712e8d985,HEI.DE,2013-07-01,57.01,10673248296.25,primary_input_absent [netCashProvidedByOperatingActivities NaN (value=NaN)],nan
stock_CUR6K@718712e8d985,HEI.DE,2013-10-01,55.15,10340625000.0,primary_input_absent [netCashProvidedByOperatingActivities NaN (value=NaN)],nan
stock_CUR6K@718712e8d985,HEI.DE,2014-01-01,62.21,11677874570.0,primary_input_absent [netCashProvidedByOperatingActivities NaN (value=NaN)],nan
stock_CUR6K@718712e8d985,HEI.DE,2014-04-01,62.33,11732114487.98,primary_input_absent [netCashProvidedByOperatingActivities NaN (value=NaN)],nan
stock_CUR6K@718712e8d985,HEI.DE,2014-07-01,52.32,9810000000.0,primary_input_absent [netCashProvidedByOperatingActivities NaN (value=NaN)],nan
stock_CUR6K@718712e8d985,HEI.DE,2014-10-01,58.81,11051281150.0,primary_input_absent [netCashProvidedByOperatingActivities NaN (value=NaN)],nan
stock_CUR6K@718712e8d985,HEI.DE,2015-01-01,73.81,13870079960.0,primary_input_absent [netCashProvidedByOperatingActivities NaN (value=NaN)],nan
stock_CUR6K@718712e8d985,HEI.DE,2015-04-01,71.13,13410968773.71,primary_input_absent [netCashProvidedByOperatingActivities NaN (value=NaN)],nan
stock_CUR6K@718712e8d985,HEI.DE,2015-07-01,61.26,11516880000.0,primary_input_absent [netCashProvidedByOperatingActivities NaN (value=NaN)],nan
stock_CUR6K@718712e8d985,HEI.DE,2015-10-01,75.62,14210207920.0,primary_input_absent [netCashProvidedByOperatingActivities NaN (value=NaN)],nan
stock_CUR6K@718712e8d985,HEI.DE,2016-01-01,75.25,14140679000.0,primary_input_absent [netCashProvidedByOperatingActivities NaN (value=NaN)],nan
stock_CUR6K@718712e8d985,HEI.DE,2016-04-01,67.47,12707515366.65,primary_input_absent [netCashProvidedByOperatingActivities NaN (value=NaN)],nan
stock_CUR6K@718712e8d985,HEI.DE,2016-07-01,84.09,16299044535.390001,primary_input_absent [netCashProvidedByOperatingActivities NaN (value=NaN)],nan
stock_CUR6K@718712e8d985,HEI.DE,2016-10-01,88.63,17589155280.0,primary_input_absent [netCashProvidedByOperatingActivities NaN (value=NaN)],nan
stock_CUR6K@718712e8d985,HEI.DE,2017-01-01,87.76,17412988160.0,primary_input_absent [netCashProvidedByOperatingActivities NaN (value=NaN)],nan
stock_CUR6K@718712e8d985,HEI.DE,2017-04-01,84.65,16831241638.45,primary_input_absent [netCashProvidedByOperatingActivities NaN (value=NaN)],nan
stock_CUR6K@718712e8d985,HEI.DE,2017-07-01,86.96999999999998,17275404577.079998,primary_input_absent [netCashProvidedByOperatingActivities NaN (value=NaN)],nan
stock_CUR6K@718712e8d985,HEI.DE,2017-10-01,90.0,17857440000.0,primary_input_absent [netCashProvidedByOperatingActivities NaN (value=NaN)],nan
stock_CUR6K@718712e8d985,HEI.DE,2018-01-01,79.78,15829628480.0,primary_input_absent [netCashProvidedByOperatingActivities NaN (value=NaN)],nan
stock_CUR6K@718712e8d985,HEI.DE,2018-04-01,72.08,14268971143.92,primary_input_absent [netCashProvidedByOperatingActivities NaN (value=NaN)],nan
stock_CUR6K@718712e8d985,HEI.DE,2018-07-01,67.8,13445338267.199999,primary_input_absent [netCashProvidedByOperatingActivities NaN (value=NaN)],nan
stock_CUR6K@718712e8d985,HEI.DE,2018-10-01,53.28,10571604480.0,primary_input_absent [netCashProvidedByOperatingActivities NaN (value=NaN)],nan
stock_CUR6K@718712e8d985,HEI.DE,2019-01-01,66.56,13206568960.0,primary_input_absent [netCashProvidedByOperatingActivities NaN (value=NaN)],nan
stock_CUR6K@718712e8d985,HEI.DE,2019-04-01,71.8,14246268800.0,primary_input_absent [netCashProvidedByOperatingActivities NaN (value=NaN)],nan
stock_CUR6K@718712e8d985,HEI.DE,2019-07-01,66.32,13168908792.319998,primary_input_absent [netCashProvidedByOperatingActivities NaN (value=NaN)],nan
stock_CUR6K@718712e8d985,HEI.DE,2019-10-01,64.96,12889103359.999998,primary_input_absent [netCashProvidedByOperatingActivities NaN (value=NaN)],nan
stock_CUR6K@718712e8d985,HEI.DE,2020-01-01,39.09,7756081440.000001,primary_input_absent [netCashProvidedByOperatingActivities NaN (value=NaN)],nan
stock_CUR6K@718712e8d985,HEI.DE,2020-04-01,47.54,9432696640.0,primary_input_absent [netCashProvidedByOperatingActivities NaN (value=NaN)],nan
stock_CUR6K@718712e8d985,HEI.DE,2020-07-01,52.32,10381125120.0,primary_input_absent [netCashProvidedByOperatingActivities NaN (value=NaN)],nan
stock_CUR6K@718712e8d985,HEI.DE,2020-10-01,61.220000000000006,12147056721.94,primary_input_absent [netCashProvidedByOperatingActivities NaN (value=NaN)],nan
stock_CUR6K@718712e8d985,HEI.DE,2021-01-01,77.46,15369303359.999998,primary_input_absent [netCashProvidedByOperatingActivities NaN (value=NaN)],nan
stock_CUR6K@718712e8d985,HEI.DE,2021-04-01,72.34,14353413440.0,primary_input_absent [netCashProvidedByOperatingActivities NaN (value=NaN)],nan
stock_CUR6K@718712e8d985,HEI.DE,2021-07-01,64.78,12709836000.0,primary_input_absent [netCashProvidedByOperatingActivities NaN (value=NaN)],nan
stock_CUR6K@718712e8d985,HEI.DE,2021-10-01,59.52,11694617389.44,primary_input_absent [netCashProvidedByOperatingActivities NaN (value=NaN)],nan
stock_CUR6K@718712e8d985,HEI.DE,2022-01-01,51.66,9910196100.0,primary_input_absent [netCashProvidedByOperatingActivities NaN (value=NaN)],nan
stock_CUR6K@718712e8d985,HEI.DE,2022-04-01,45.84,8793716400.0,primary_input_absent [netCashProvidedByOperatingActivities NaN (value=NaN)],nan
stock_CUR6K@718712e8d985,HEI.DE,2022-07-01,40.85,7607127850.0,primary_input_absent [netCashProvidedByOperatingActivities NaN (value=NaN)],nan
stock_CUR6K@718712e8d985,HEI.DE,2022-10-01,53.28,9921854880.0,primary_input_absent [netCashProvidedByOperatingActivities NaN (value=NaN)],nan
stock_CUR6K@718712e8d985,HEI.DE,2023-01-01,67.26,12522870360.0,primary_input_absent [netCashProvidedByOperatingActivities NaN (value=NaN)],nan
stock_CUR6K@718712e8d985,HEI.DE,2023-04-01,75.2,14001187200.0,primary_input_absent [netCashProvidedByOperatingActivities NaN (value=NaN)],nan
stock_CUR6K@718712e8d985,HEI.DE,2023-07-01,73.52,13515181600.0,primary_input_absent [netCashProvidedByOperatingActivities NaN (value=NaN)],nan
stock_CUR6K@718712e8d985,HEI.DE,2023-10-01,80.94,14879200200.0,primary_input_absent [netCashProvidedByOperatingActivities NaN (value=NaN)],nan
stock_CUR6K@718712e8d985,HEI.DE,2024-01-01,99.38,18080799680.0,primary_input_absent [netCashProvidedByOperatingActivities NaN (value=NaN)],nan
stock_CUR6K@718712e8d985,HEI.DE,2024-04-01,96.44,17376472982.64,primary_input_absent [netCashProvidedByOperatingActivities NaN (value=NaN)],nan
stock_CUR6K@718712e8d985,HEI.DE,2024-07-01,97.6,17481887324.8,primary_input_absent [netCashProvidedByOperatingActivities NaN (value=NaN)],nan
stock_CUR6K@718712e8d985,HEI.DE,2024-10-01,119.29999999999998,21368741371.399998,primary_input_absent [netCashProvidedByOperatingActivities NaN (value=NaN)],nan
stock_CUR6K@718712e8d985,HEI.DE,2025-01-01,157.55,27787181728.000004,primary_input_absent [netCashProvidedByOperatingActivities NaN (value=NaN)],nan
stock_CUR6K@718712e8d985,HEI.DE,2025-04-01,199.45,35177108192.0,primary_input_absent [netCashProvidedByOperatingActivities NaN (value=NaN)],nan
stock_CUR6K@718712e8d985,HEI.DE,2025-10-01,223.0,38355250274.0,primary_input_absent [netCashProvidedByOperatingActivities NaN (value=NaN)],nan
stock_CUR6K@718712e8d985,ICESEA.IC,2016-01-01,0.03817725,49614709.105974,primary_input_absent [netCashProvidedByOperatingActivities NaN (value=NaN)],
stock_CUR6K@718712e8d985,ICESEA.IC,2016-04-01,0.03817725,41939528.500026,primary_input_absent [netCashProvidedByOperatingActivities NaN (value=NaN)],
stock_CUR6K@718712e8d985,ICESEA.IC,2017-04-01,,0.0,primary_input_absent [netCashProvidedByOperatingActivities NaN (value=NaN)],
stock_CUR6K@718712e8d985,ICESEA.IC,2017-10-01,,0.0,primary_input_absent [netCashProvidedByOperatingActivities NaN (value=NaN)],
stock_CUR6K@718712e8d985,ICESEA.IC,2018-04-01,,0.0,primary_input_absent [netCashProvidedByOperatingActivities NaN (value=NaN)],
stock_CUR6K@718712e8d985,ICESEA.IC,2018-10-01,0.06059325,140853008.7795,primary_input_absent [netCashProvidedByOperatingActivities NaN (value=NaN)],
stock_CUR6K@718712e8d985,ICESEA.IC,2019-04-01,0.0613638,143610130.6866,primary_input_absent [netCashProvidedByOperatingActivities NaN (value=NaN)],
stock_CUR6K@718712e8d985,ICESEA.IC,2019-07-01,0.0687891,160445554.1457,primary_input_absent [netCashProvidedByOperatingActivities NaN (value=NaN)],
stock_CUR6K@718712e8d985,ICESEA.IC,2019-10-01,0.06955965,166392247.572,primary_input_absent [netCashProvidedByOperatingActivities NaN (value=NaN)],
stock_CUR6K@718712e8d985,ICESEA.IC,2020-01-01,0.05463900000000001,139949329.455,primary_input_absent [netCashProvidedByOperatingActivities NaN (value=NaN)],
stock_CUR6K@718712e8d985,ICESEA.IC,2020-04-01,0.060943500000000005,157708675.1475,primary_input_absent [netCashProvidedByOperatingActivities NaN (value=NaN)],
stock_CUR6K@718712e8d985,ICESEA.IC,2020-07-01,0.062064299999999996,162360457.05719998,primary_input_absent [netCashProvidedByOperatingActivities NaN (value=NaN)],
stock_CUR6K@718712e8d985,ICESEA.IC,2020-10-01,0.088263,229484153.052,primary_input_absent [netCashProvidedByOperatingActivities NaN (value=NaN)],
stock_CUR6K@718712e8d985,ICESEA.IC,2021-01-01,0.10577550000000001,282894459.24,primary_input_absent [netCashProvidedByOperatingActivities NaN (value=NaN)],
stock_CUR6K@718712e8d985,ICESEA.IC,2021-04-01,0.12328800000000001,329731290.24,primary_input_absent [netCashProvidedByOperatingActivities NaN (value=NaN)],
stock_CUR6K@718712e8d985,ICESEA.IC,2021-07-01,0.11978549999999999,320417108.802,primary_input_absent [netCashProvidedByOperatingActivities NaN (value=NaN)],
stock_CUR6K@718712e8d985,ICESEA.IC,2021-10-01,0.10367400000000002,272576777.92800003,primary_input_absent [netCashProvidedByOperatingActivities NaN (value=NaN)],
stock_CUR6K@718712e8d985,ICESEA.IC,2022-01-01,0.0945675,256701587.4,primary_input_absent [netCashProvidedByOperatingActivities NaN (value=NaN)],
stock_CUR6K@718712e8d985,ICESEA.IC,2022-04-01,0.06689775,181592604.42000002,primary_input_absent [netCashProvidedByOperatingActivities NaN (value=NaN)],
stock_CUR6K@718712e8d985,ICESEA.IC,2022-07-01,0.05428875,147365726.1,primary_input_absent [netCashProvidedByOperatingActivities NaN (value=NaN)],
stock_CUR6K@718712e8d985,ICESEA.IC,2022-10-01,0.04238025,115040298.63975,primary_input_absent [netCashProvidedByOperatingActivities NaN (value=NaN)],
stock_CUR6K@718712e8d985,ICESEA.IC,2023-01-01,0.0441315,119794074.11999999,primary_input_absent [netCashProvidedByOperatingActivities NaN (value=NaN)],
stock_CUR6K@718712e8d985,ICESEA.IC,2023-04-01,0.04203,114976763.64,primary_input_absent [netCashProvidedByOperatingActivities NaN (value=NaN)],
stock_CUR6K@718712e8d985,ICESEA.IC,2023-07-01,0.039723645,110079384.36885001,primary_input_absent [netCashProvidedByOperatingActivities NaN (value=NaN)],
stock_CUR6K@718712e8d985,ICESEA.IC,2023-10-01,0.0371168,108959187.27679999,primary_input_absent [netCashProvidedByOperatingActivities NaN (value=NaN)],
stock_CUR6K@718712e8d985,ICESEA.IC,2024-01-01,0.0381685,116966604.88000001,primary_input_absent [netCashProvidedByOperatingActivities NaN (value=NaN)],
stock_CUR6K@718712e8d985,ICESEA.IC,2024-04-01,0.0355736,108997510.39999999,primary_input_absent [netCashProvidedByOperatingActivities NaN (value=NaN)],
stock_CUR6K@718712e8d985,ICESEA.IC,2024-07-01,0.0339303,103962439.19999999,primary_input_absent [netCashProvidedByOperatingActivities NaN (value=NaN)],
stock_CUR6K@718712e8d985,ICESEA.IC,2024-10-01,0.0352389,107971989.6,primary_input_absent [netCashProvidedByOperatingActivities NaN (value=NaN)],
stock_CUR6K@718712e8d985,ICESEA.IC,2025-01-01,0.034500960000000004,105727501.90080002,primary_input_absent [netCashProvidedByOperatingActivities NaN (value=NaN)],
stock_CUR6K@718712e8d985,ICESEA.IC,2025-04-01,0.03454824,80612559.98848392,primary_input_absent [netCashProvidedByOperatingActivities NaN (value=NaN)],
stock_CUR6K@718712e8d985,ICESEA.IC,2025-07-01,0.035195000000000004,107854373.60000001,primary_input_absent [netCashProvidedByOperatingActivities NaN (value=NaN)],
stock_CUR6K@718712e8d985,ICESEA.IC,2025-10-01,0.032970240000000005,101036641.07520002,primary_input_absent [netCashProvidedByOperatingActivities NaN (value=NaN)],
stock_CUR6K@718712e8d985,ICESEA.IC,2026-01-01,,,primary_input_absent [netCashProvidedByOperatingActivities NaN (value=NaN)],bookValuePerShare|earningsYield|marketCap|price
stock_CUR6K@718712e8d985,ICESEA.IC,2026-04-01,0.0291648,89374946.304,primary_input_absent [netCashProvidedByOperatingActivities NaN (value=NaN)],
stock_CUR6K@718712e8d985,ICMB,2013-04-01,15.7,198866656.2,primary_input_absent [revenue impossible: < 0 (value=-6.07778e+06)],nan
stock_CUR6K@718712e8d985,ICMB,2013-07-01,15.7,198866656.2,primary_input_absent [revenue impossible: < 0 (value=-6.07778e+06)],nan
stock_CUR6K@718712e8d985,ICMB,2013-10-01,15.7,198866656.2,primary_input_absent [revenue impossible: < 0 (value=-6.07778e+06)],nan
stock_CUR6K@718712e8d985,ICMB,2014-01-01,15.48,211559989.68,primary_input_absent [revenue impossible: < 0 (value=-6.07778e+06)],nan
stock_CUR6K@718712e8d985,ICMB,2014-04-01,14.46,197619990.36,primary_input_absent [revenue impossible: < 0 (value=-6.07778e+06)],nan
stock_CUR6K@718712e8d985,ICMB,2014-07-01,13.12,179306657.92,primary_input_absent [revenue impossible: < 0 (value=-6.07778e+06)],nan
stock_CUR6K@718712e8d985,ICMB,2014-10-01,10.92,149239992.72,primary_input_absent [revenue impossible: < 0 (value=-6.07778e+06)],nan
stock_CUR6K@718712e8d985,ICMB,2015-01-01,13.17,179989991.22,primary_input_absent [revenue impossible: < 0 (value=-6.07778e+06)],nan
stock_CUR6K@718712e8d985,ICMB,2015-04-01,13.519999999999998,184775298.23999998,primary_input_absent [revenue impossible: < 0 (value=-6.07778e+06)],nan
stock_CUR6K@718712e8d985,ICMB,2015-07-01,10.17,139005522.81,primary_input_absent [revenue impossible: < 0 (value=-6.07778e+06)],nan
stock_CUR6K@718712e8d985,ICMB,2015-10-01,9.95,136029166.35,primary_input_absent [revenue impossible: < 0 (value=-6.07778e+06)],nan
stock_CUR6K@718712e8d985,ICMB,2016-01-01,8.34,114070616.88,primary_input_absent [revenue impossible: < 0 (value=-6.07778e+06)],nan
stock_CUR6K@718712e8d985,ICMB,2016-04-01,8.82,120606417.54,primary_input_absent [revenue impossible: < 0 (value=-6.07778e+06)],nan
stock_CUR6K@718712e8d985,ICMB,2016-07-01,9.04,123674585.67999999,primary_input_absent [revenue impossible: < 0 (value=-6.07778e+06)],nan
stock_CUR6K@718712e8d985,ICMB,2016-10-01,9.24,126466632.60000001,primary_input_absent [revenue impossible: < 0 (value=-6.07778e+06)],nan
stock_CUR6K@718712e8d985,ICMB,2017-01-01,10.08,137978840.16,primary_input_absent [revenue impossible: < 0 (value=-6.07778e+06)],nan
stock_CUR6K@718712e8d985,ICMB,2017-04-01,9.93,135904839.84,primary_input_absent [revenue impossible: < 0 (value=-6.07778e+06)],nan
stock_CUR6K@718712e8d985,ICMB,2017-07-01,9.29,127179031.64999999,primary_input_absent [revenue impossible: < 0 (value=-6.07778e+06)],nan
stock_CUR6K@718712e8d985,ICMB,2017-10-01,8.09,110755983.2,primary_input_absent [revenue impossible: < 0 (value=-6.07778e+06)],nan
stock_CUR6K@718712e8d985,ICMB,2018-01-01,8.14,111448158.80000001,primary_input_absent [revenue impossible: < 0 (value=-6.07778e+06)],nan
stock_CUR6K@718712e8d985,ICMB,2018-04-01,8.84,120997774.03999999,primary_input_absent [revenue impossible: < 0 (value=-6.07778e+06)],nan
stock_CUR6K@718712e8d985,ICMB,2018-07-01,8.52,116298826.44,primary_input_absent [revenue impossible: < 0 (value=-6.07778e+06)],nan
stock_CUR6K@718712e8d985,ICMB,2018-10-01,6.21,84697376.49,primary_input_absent [revenue impossible: < 0 (value=-6.07778e+06)],nan
stock_CUR6K@718712e8d985,ICMB,2019-01-01,7.1,96657227.39999999,primary_input_absent [revenue impossible: < 0 (value=-6.07778e+06)],nan
stock_CUR6K@718712e8d985,ICMB,2019-04-01,7.55,102827481.7,primary_input_absent [revenue impossible: < 0 (value=-6.07778e+06)],nan
stock_CUR6K@718712e8d985,ICMB,2019-07-01,6.6,89926841.39999999,primary_input_absent [revenue impossible: < 0 (value=-6.07778e+06)],nan
stock_CUR6K@718712e8d985,ICMB,2019-10-01,6.650000000000001,90892379.55000001,primary_input_absent [revenue impossible: < 0 (value=-6.07778e+06)],nan
stock_CUR6K@718712e8d985,ICMB,2020-01-01,2.44,33651457.64,primary_input_absent [revenue impossible: < 0 (value=-6.07778e+06)],nan
stock_CUR6K@718712e8d985,ICMB,2020-04-01,3.49,47958683.07,primary_input_absent [revenue impossible: < 0 (value=-6.07778e+06)],nan
stock_CUR6K@718712e8d985,ICMB,2020-07-01,3.63,50434221.75,primary_input_absent [revenue impossible: < 0 (value=-6.07778e+06)],nan
stock_CUR6K@718712e8d985,ICMB,2020-10-01,4.76,66188623.48,primary_input_absent [revenue impossible: < 0 (value=-6.07778e+06)],nan
stock_CUR6K@718712e8d985,ICMB,2021-01-01,5.62,78198652.62,primary_input_absent [revenue impossible: < 0 (value=-6.07778e+06)],nan
stock_CUR6K@718712e8d985,ICMB,2021-04-01,5.400000000000001,75106504.80000001,primary_input_absent [revenue impossible: < 0 (value=-6.07778e+06)],nan
stock_CUR6K@718712e8d985,ICMB,2021-07-01,5.45,76661716.5,primary_input_absent [revenue impossible: < 0 (value=-6.07778e+06)],nan
stock_CUR6K@718712e8d985,ICMB,2021-10-01,4.95,71200923.75,primary_input_absent [revenue impossible: < 0 (value=-6.07778e+06)],nan
stock_CUR6K@718712e8d985,ICMB,2022-01-01,5.1899999999999995,74658087.72,primary_input_absent [revenue impossible: < 0 (value=-6.07778e+06)],nan
stock_CUR6K@718712e8d985,ICMB,2022-04-01,4.24,58972514.88,primary_input_absent [revenue impossible: < 0 (value=-6.07778e+06)],nan
stock_CUR6K@718712e8d985,ICMB,2022-07-01,3.58,51504776.22,primary_input_absent [revenue impossible: < 0 (value=-6.07778e+06)],nan
stock_CUR6K@718712e8d985,ICMB,2022-10-01,3.53,50790494.26,primary_input_absent [revenue impossible: < 0 (value=-6.07778e+06)],nan
stock_CUR6K@718712e8d985,ICMB,2023-01-01,3.65,52523018.199999996,primary_input_absent [revenue impossible: < 0 (value=-6.07778e+06)],nan
stock_CUR6K@718712e8d985,ICMB,2023-04-01,3.62,52098225.5,primary_input_absent [revenue impossible: < 0 (value=-6.07778e+06)],nan
stock_CUR6K@718712e8d985,ICMB,2023-07-01,3.9899999999999998,57426928.86,primary_input_absent [revenue impossible: < 0 (value=-6.07778e+06)],nan
stock_CUR6K@718712e8d985,ICMB,2023-10-01,3.56,51242928.36,primary_input_absent [revenue impossible: < 0 (value=-6.07778e+06)],nan
stock_CUR6K@718712e8d985,ICMB,2024-01-01,3.16,45494365.160000004,primary_input_absent [revenue impossible: < 0 (value=-6.07778e+06)],nan
stock_CUR6K@718712e8d985,ICMB,2024-04-01,3.3799999999999994,48659159.379999995,primary_input_absent [revenue impossible: < 0 (value=-6.07778e+06)],nan
stock_CUR6K@718712e8d985,ICMB,2024-07-01,3.13,45083743.76,primary_input_absent [revenue impossible: < 0 (value=-6.07778e+06)],nan
stock_CUR6K@718712e8d985,ICMB,2024-10-01,3.03,43650919.32,primary_input_absent [revenue impossible: < 0 (value=-6.07778e+06)],nan
stock_CUR6K@718712e8d985,ICMB,2025-01-01,3.21,46265710.74,primary_input_absent [revenue impossible: < 0 (value=-6.07778e+06)],nan
stock_CUR6K@718712e8d985,ICMB,2025-04-01,2.79,40230139.95,primary_input_absent [revenue impossible: < 0 (value=-6.07778e+06)],nan
stock_CUR6K@718712e8d985,ICMB,2025-07-01,2.78,40118741.559999995,primary_input_absent [revenue impossible: < 0 (value=-6.07778e+06)],nan
stock_CUR6K@718712e8d985,ICMB,2025-10-01,2.7000000000000006,38964245.400000006,primary_input_absent [revenue impossible: < 0 (value=-6.07778e+06)],nan
stock_CUR6K@718712e8d985,ICMB,2025-10-01,2.7,38938854.6,primary_input_absent [revenue impossible: < 0 (value=-6.07778e+06)],nan
stock_CUR6K@718712e8d985,ICMB,2026-01-01,1.62,23380604.64,primary_input_absent [revenue impossible: < 0 (value=-6.07778e+06)],nan
stock_CUR6K@718712e8d985,INN1.DE,2006-01-01,,,primary_input_absent [netCashProvidedByOperatingActivities NaN (value=NaN)],nan
stock_CUR6K@718712e8d985,INN1.DE,2006-04-01,,,primary_input_absent [netCashProvidedByOperatingActivities NaN (value=NaN)],nan
stock_CUR6K@718712e8d985,INN1.DE,2006-07-01,26.64,57338606157.840004,primary_input_absent [netCashProvidedByOperatingActivities NaN (value=NaN)],nan
stock_CUR6K@718712e8d985,INN1.DE,2006-10-01,27.214134570765662,58646460000.0,primary_input_absent [netCashProvidedByOperatingActivities NaN (value=NaN)],nan
stock_CUR6K@718712e8d985,INN1.DE,2007-01-01,24.3,52292971407.6,primary_input_absent [netCashProvidedByOperatingActivities NaN (value=NaN)],nan
stock_CUR6K@718712e8d985,INN1.DE,2007-04-01,25.18,54606457632.24,primary_input_absent [netCashProvidedByOperatingActivities NaN (value=NaN)],nan
stock_CUR6K@718712e8d985,INN1.DE,2007-07-01,24.27,52018745716.59,primary_input_absent [netCashProvidedByOperatingActivities NaN (value=NaN)],nan
stock_CUR6K@718712e8d985,INN1.DE,2007-10-01,21.358731633272615,45731180300.0,primary_input_absent [netCashProvidedByOperatingActivities NaN (value=NaN)],nan
stock_CUR6K@718712e8d985,INN1.DE,2008-01-01,18.21,37896486485.01,primary_input_absent [netCashProvidedByOperatingActivities NaN (value=NaN)],nan
stock_CUR6K@718712e8d985,INN1.DE,2008-04-01,15.55,31761702120.050003,primary_input_absent [netCashProvidedByOperatingActivities NaN (value=NaN)],nan
stock_CUR6K@718712e8d985,INN1.DE,2008-07-01,11.46,23230566000.0,primary_input_absent [netCashProvidedByOperatingActivities NaN (value=NaN)],nan
stock_CUR6K@718712e8d985,INN1.DE,2008-10-01,5.604184003911489,11447666664.789999,primary_input_absent [netCashProvidedByOperatingActivities NaN (value=NaN)],nan
stock_CUR6K@718712e8d985,INN1.DE,2009-01-01,3.19,6462940000.0,primary_input_absent [netCashProvidedByOperatingActivities NaN (value=NaN)],nan
stock_CUR6K@718712e8d985,INN1.DE,2009-04-01,5.51,14513340000.0,primary_input_absent [netCashProvidedByOperatingActivities NaN (value=NaN)],nan
stock_CUR6K@718712e8d985,INN1.DE,2009-07-01,9.37,18702520000.0,primary_input_absent [netCashProvidedByOperatingActivities NaN (value=NaN)],nan
stock_CUR6K@718712e8d985,INN1.DE,2009-10-01,6.628553299492386,26116500000.0,primary_input_absent [netCashProvidedByOperatingActivities NaN (value=NaN)],nan
stock_CUR6K@718712e8d985,INN1.DE,2010-01-01,7.39,27544545452.53,primary_input_absent [netCashProvidedByOperatingActivities NaN (value=NaN)],nan
stock_CUR6K@718712e8d985,INN1.DE,2010-04-01,6.18,23363490000.0,primary_input_absent [netCashProvidedByOperatingActivities NaN (value=NaN)],nan
stock_CUR6K@718712e8d985,INN1.DE,2010-07-01,7.61,28773410000.0,primary_input_absent [netCashProvidedByOperatingActivities NaN (value=NaN)],nan
stock_CUR6K@718712e8d985,INN1.DE,2010-10-01,6.984365482233502,27518400000.0,primary_input_absent [netCashProvidedByOperatingActivities NaN (value=NaN)],nan
stock_CUR6K@718712e8d985,INN1.DE,2011-01-01,8.93,33330621617.76,primary_input_absent [netCashProvidedByOperatingActivities NaN (value=NaN)],nan
stock_CUR6K@718712e8d985,INN1.DE,2011-10-01,5.341269035532995,21044600000.0,primary_input_absent [netCashProvidedByOperatingActivities NaN (value=NaN)],nan
stock_CUR6K@718712e8d985,INN1.DE,2012-01-01,6.25,23656250000.0,primary_input_absent [netCashProvidedByOperatingActivities NaN (value=NaN)],nan
stock_CUR6K@718712e8d985,INN1.DE,2012-04-01,5.269999999999999,20041499997.519997,primary_input_absent [netCashProvidedByOperatingActivities NaN (value=NaN)],nan
stock_CUR6K@718712e8d985,INN1.DE,2012-07-01,6.41,24398062500.0,primary_input_absent [netCashProvidedByOperatingActivities NaN (value=NaN)],nan
stock_CUR6K@718712e8d985,INN1.DE,2012-10-01,7.103152650920942,26805055000.0,primary_input_absent [netCashProvidedByOperatingActivities NaN (value=NaN)],nan
stock_CUR6K@718712e8d985,INN1.DE,2013-01-01,5.82,22081080000.0,primary_input_absent [netCashProvidedByOperatingActivities NaN (value=NaN)],nan
stock_CUR6K@718712e8d985,INN1.DE,2013-04-01,7.14,27783913044.719997,primary_input_absent [netCashProvidedByOperatingActivities NaN (value=NaN)],nan
stock_CUR6K@718712e8d985,INN1.DE,2013-07-01,8.35,35626666669.45,primary_input_absent [netCashProvidedByOperatingActivities NaN (value=NaN)],nan
stock_CUR6K@718712e8d985,INN1.DE,2013-10-01,10.1,38885000000.0,primary_input_absent [netCashProvidedByOperatingActivities NaN (value=NaN)],nan
stock_CUR6K@718712e8d985,INN1.DE,2014-01-01,10.28,39448472000.0,primary_input_absent [netCashProvidedByOperatingActivities NaN (value=NaN)],nan
stock_CUR6K@718712e8d985,INN1.DE,2014-04-01,10.26,39509208000.0,primary_input_absent [netCashProvidedByOperatingActivities NaN (value=NaN)],nan
stock_CUR6K@718712e8d985,INN1.DE,2014-07-01,11.31,43594395000.0,primary_input_absent [netCashProvidedByOperatingActivities NaN (value=NaN)],nan
stock_CUR6K@718712e8d985,INN1.DE,2014-10-01,10.83,41744910651.21,primary_input_absent [netCashProvidedByOperatingActivities NaN (value=NaN)],nan
stock_CUR6K@718712e8d985,INN1.DE,2015-01-01,13.65,52646685000.0,primary_input_absent [netCashProvidedByOperatingActivities NaN (value=NaN)],nan
stock_CUR6K@718712e8d985,INN1.DE,2015-04-01,14.81,57215473000.0,primary_input_absent [netCashProvidedByOperatingActivities NaN (value=NaN)],nan
stock_CUR6K@718712e8d985,INN1.DE,2015-07-01,12.65,48930200000.0,primary_input_absent [netCashProvidedByOperatingActivities NaN (value=NaN)],nan
stock_CUR6K@718712e8d985,INN1.DE,2015-10-01,12.350734796461538,48167865706.2,primary_input_absent [netCashProvidedByOperatingActivities NaN (value=NaN)],nan
stock_CUR6K@718712e8d985,INN1.DE,2016-01-01,10.63,41131722000.0,primary_input_absent [netCashProvidedByOperatingActivities NaN (value=NaN)],nan
stock_CUR6K@718712e8d985,INN1.DE,2016-04-01,9.18,35579844000.0,primary_input_absent [netCashProvidedByOperatingActivities NaN (value=NaN)],nan
stock_CUR6K@718712e8d985,INN1.DE,2016-07-01,10.99,42609329000.0,primary_input_absent [netCashProvidedByOperatingActivities NaN (value=NaN)],nan
stock_CUR6K@718712e8d985,INN1.DE,2016-10-01,13.37,51843512000.0,primary_input_absent [netCashProvidedByOperatingActivities NaN (value=NaN)],nan
stock_CUR6K@718712e8d985,INN1.DE,2017-01-01,14.17,54959762000.0,primary_input_absent [netCashProvidedByOperatingActivities NaN (value=NaN)],nan
stock_CUR6K@718712e8d985,INN1.DE,2017-04-01,15.100026168408856,58648501638.1,primary_input_absent [netCashProvidedByOperatingActivities NaN (value=NaN)],nan
stock_CUR6K@718712e8d985,INN1.DE,2017-07-01,15.6,60598200000.0,primary_input_absent [netCashProvidedByOperatingActivities NaN (value=NaN)],nan
stock_CUR6K@718712e8d985,INN1.DE,2017-10-01,15.254449581180907,59551024328.88,primary_input_absent [netCashProvidedByOperatingActivities NaN (value=NaN)],nan
stock_CUR6K@718712e8d985,INN1.DE,2018-01-01,13.7,52445312500.0,primary_input_absent [netCashProvidedByOperatingActivities NaN (value=NaN)],nan
stock_CUR6K@718712e8d985,INN1.DE,2018-04-01,12.317016341021963,47840400000.0,primary_input_absent [netCashProvidedByOperatingActivities NaN (value=NaN)],nan
stock_CUR6K@718712e8d985,INN1.DE,2018-07-01,11.16,43300800000.0,primary_input_absent [netCashProvidedByOperatingActivities NaN (value=NaN)],nan
stock_CUR6K@718712e8d985,INN1.DE,2018-10-01,9.41,36299787882.78,primary_input_absent [netCashProvidedByOperatingActivities NaN (value=NaN)],nan
stock_CUR6K@718712e8d985,INN1.DE,2019-01-01,11.04,42599172417.6,primary_input_absent [netCashProvidedByOperatingActivities NaN (value=NaN)],nan
stock_CUR6K@718712e8d985,INN1.DE,2019-04-01,10.083957357022777,39283200000.0,primary_input_absent [netCashProvidedByOperatingActivities NaN (value=NaN)],nan
stock_CUR6K@718712e8d985,INN1.DE,2019-07-01,9.6,36864000000.0,primary_input_absent [netCashProvidedByOperatingActivities NaN (value=NaN)],nan
stock_CUR6K@718712e8d985,INN1.DE,2019-10-01,10.690000000000001,40900869570.33,primary_input_absent [netCashProvidedByOperatingActivities NaN (value=NaN)],nan
stock_CUR6K@718712e8d985,INN1.DE,2020-01-01,4.77644522928293,18624315238.02,primary_input_absent [netCashProvidedByOperatingActivities NaN (value=NaN)],nan
stock_CUR6K@718712e8d985,INN1.DE,2020-04-01,6.200909449929478,24180446400.0,primary_input_absent [netCashProvidedByOperatingActivities NaN (value=NaN)],nan
stock_CUR6K@718712e8d985,INN1.DE,2020-07-01,6.06,23629152000.0,primary_input_absent [netCashProvidedByOperatingActivities NaN (value=NaN)],nan
stock_CUR6K@718712e8d985,INN1.DE,2020-10-01,7.640009813005795,29794510268.76,primary_input_absent [netCashProvidedByOperatingActivities NaN (value=NaN)],nan
stock_CUR6K@718712e8d985,INN1.DE,2021-01-01,10.43003563752692,40681311000.61,primary_input_absent [netCashProvidedByOperatingActivities NaN (value=NaN)],nan
stock_CUR6K@718712e8d985,INN1.DE,2021-04-01,11.140285399533727,43483876000.0,primary_input_absent [netCashProvidedByOperatingActivities NaN (value=NaN)],nan
stock_CUR6K@718712e8d985,INN1.DE,2021-07-01,12.569566253690278,49065301871.28,primary_input_absent [netCashProvidedByOperatingActivities NaN (value=NaN)],nan
stock_CUR6K@718712e8d985,INN1.DE,2021-10-01,12.24,46215355080.96,primary_input_absent [netCashProvidedByOperatingActivities NaN (value=NaN)],nan
stock_CUR6K@718712e8d985,INN1.DE,2022-01-01,9.492985373074475,35792352050.64,primary_input_absent [netCashProvidedByOperatingActivities NaN (value=NaN)],nan
stock_CUR6K@718712e8d985,INN1.DE,2022-04-01,9.43,35296490000.0,primary_input_absent [netCashProvidedByOperatingActivities NaN (value=NaN)],nan
stock_CUR6K@718712e8d985,INN1.DE,2022-07-01,8.853108756872736,33008815999.999996,primary_input_absent [netCashProvidedByOperatingActivities NaN (value=NaN)],nan
stock_CUR6K@718712e8d985,INN1.DE,2022-10-01,11.190395551233815,41222060092.08,primary_input_absent [netCashProvidedByOperatingActivities NaN (value=NaN)],nan
stock_CUR6K@718712e8d985,INN1.DE,2023-01-01,10.931510503040354,39550205000.0,primary_input_absent [netCashProvidedByOperatingActivities NaN (value=NaN)],nan
stock_CUR6K@718712e8d985,INN1.DE,2023-04-01,12.312010400531092,44510380000.0,primary_input_absent [netCashProvidedByOperatingActivities NaN (value=NaN)],nan
stock_CUR6K@718712e8d985,INN1.DE,2023-07-01,12.55,44651645000.0,primary_input_absent [netCashProvidedByOperatingActivities NaN (value=NaN)],nan
stock_CUR6K@718712e8d985,INN1.DE,2023-10-01,13.071518735011125,45239219190.0,primary_input_absent [netCashProvidedByOperatingActivities NaN (value=NaN)],nan
stock_CUR6K@718712e8d985,INN1.DE,2024-01-01,15.34,50430250000.0,primary_input_absent [netCashProvidedByOperatingActivities NaN (value=NaN)],nan
stock_CUR6K@718712e8d985,INN1.DE,2024-04-01,16.36,53585544000.0,primary_input_absent [netCashProvidedByOperatingActivities NaN (value=NaN)],nan
stock_CUR6K@718712e8d985,INN1.DE,2024-07-01,16.27,52073762000.0,primary_input_absent [netCashProvidedByOperatingActivities NaN (value=NaN)],nan
stock_CUR6K@718712e8d985,INN1.DE,2024-10-01,15.13,47356900000.0,primary_input_absent [netCashProvidedByOperatingActivities NaN (value=NaN)],nan
stock_CUR6K@718712e8d985,INN1.DE,2025-01-01,17.99,55692452549.99999,primary_input_absent [netCashProvidedByOperatingActivities NaN (value=NaN)],nan
stock_CUR6K@718712e8d985,INN1.DE,2025-04-01,18.63,56122875000.0,primary_input_absent [netCashProvidedByOperatingActivities NaN (value=NaN)],nan
stock_CUR6K@718712e8d985,INN1.DE,2025-07-01,22.08,65363423999.99999,primary_input_absent [netCashProvidedByOperatingActivities NaN (value=NaN)],nan
stock_CUR6K@718712e8d985,INN1.DE,2025-10-01,24.01,70013160000.0,primary_input_absent [netCashProvidedByOperatingActivities NaN (value=NaN)],nan
stock_CUR6K@718712e8d985,INN1.DE,2026-01-01,22.105,63887871000.0,primary_input_absent [netCashProvidedByOperatingActivities NaN (value=NaN)],nan
stock_CUR6K@718712e8d985,INN1.DE,2026-04-01,27.67,79376929000.0,primary_input_absent [netCashProvidedByOperatingActivities NaN (value=NaN)],nan
stock_CUR6K@718712e8d985,IPH.PA,2005-10-01,4.83,71971830.0,primary_input_absent [revenue impossible: < 0 (value=-2.073e+06)],nan
stock_CUR6K@718712e8d985,IPH.PA,2006-04-01,4.83,85824270.0,primary_input_absent [revenue impossible: < 0 (value=-2.073e+06)],nan
stock_CUR6K@718712e8d985,IPH.PA,2006-10-01,6.17,109634730.0,primary_input_absent [revenue impossible: < 0 (value=-2.073e+06)],nan
stock_CUR6K@718712e8d985,IPH.PA,2007-04-01,5.95,149237900.0,primary_input_absent [revenue impossible: < 0 (value=-2.073e+06)],nan
stock_CUR6K@718712e8d985,IPH.PA,2007-10-01,3.65,91549300.0,primary_input_absent [revenue impossible: < 0 (value=-2.073e+06)],nan
stock_CUR6K@718712e8d985,IPH.PA,2008-04-01,2.07,53126549.99999999,primary_input_absent [revenue impossible: < 0 (value=-2.073e+06)],nan
stock_CUR6K@718712e8d985,IPH.PA,2008-10-01,1.38,35417700.0,primary_input_absent [revenue impossible: < 0 (value=-2.073e+06)],nan
stock_CUR6K@718712e8d985,IPH.PA,2009-10-01,2.41,63380590.00000001,primary_input_absent [revenue impossible: < 0 (value=-2.073e+06)],nan
stock_CUR6K@718712e8d985,IPH.PA,2010-04-01,1.86,69629100.0,primary_input_absent [revenue impossible: < 0 (value=-2.073e+06)],nan
stock_CUR6K@718712e8d985,IPH.PA,2010-10-01,1.18,44173300.0,primary_input_absent [revenue impossible: < 0 (value=-2.073e+06)],nan
stock_CUR6K@718712e8d985,IPH.PA,2011-04-01,1.23,46355010.0,primary_input_absent [revenue impossible: < 0 (value=-2.073e+06)],nan
stock_CUR6K@718712e8d985,IPH.PA,2011-10-01,1.37,51631190.00000001,primary_input_absent [revenue impossible: < 0 (value=-2.073e+06)],nan
stock_CUR6K@718712e8d985,IPH.PA,2012-04-01,1.6,60667200.0,primary_input_absent [revenue impossible: < 0 (value=-2.073e+06)],nan
stock_CUR6K@718712e8d985,IPH.PA,2012-10-01,2.21,83796570.0,primary_input_absent [revenue impossible: < 0 (value=-2.073e+06)],nan
stock_CUR6K@718712e8d985,IPH.PA,2013-04-01,2.25,85506750.0,primary_input_absent [revenue impossible: < 0 (value=-2.073e+06)],nan
stock_CUR6K@718712e8d985,IPH.PA,2013-10-01,4.96,195438880.0,primary_input_absent [revenue impossible: < 0 (value=-2.073e+06)],nan
stock_CUR6K@718712e8d985,IPH.PA,2014-04-01,8.93,424832998.12,primary_input_absent [revenue impossible: < 0 (value=-2.073e+06)],nan
stock_CUR6K@718712e8d985,IPH.PA,2014-10-01,7.9,418439300.0,primary_input_absent [revenue impossible: < 0 (value=-2.073e+06)],nan
stock_CUR6K@718712e8d985,IPH.PA,2015-04-01,13.14,704910450.4200001,primary_input_absent [revenue impossible: < 0 (value=-2.073e+06)],nan
stock_CUR6K@718712e8d985,IPH.PA,2015-10-01,13.75,737550000.0,primary_input_absent [revenue impossible: < 0 (value=-2.073e+06)],nan
stock_CUR6K@718712e8d985,IPH.PA,2016-04-01,10.44,551754000.0,primary_input_absent [revenue impossible: < 0 (value=-2.073e+06)],nan
stock_CUR6K@718712e8d985,IPH.PA,2016-10-01,14.61,808385910.0,primary_input_absent [revenue impossible: < 0 (value=-2.073e+06)],nan
stock_CUR6K@718712e8d985,IPH.PA,2017-04-01,10.93,589728150.0,primary_input_absent [revenue impossible: < 0 (value=-2.073e+06)],nan
stock_CUR6K@718712e8d985,IPH.PA,2017-10-01,4.822,262463287.53800002,primary_input_absent [revenue impossible: < 0 (value=-2.073e+06)],nan
stock_CUR6K@718712e8d985,IPH.PA,2018-04-01,4.666,268761600.0,primary_input_absent [revenue impossible: < 0 (value=-2.073e+06)],nan
stock_CUR6K@718712e8d985,IPH.PA,2018-10-01,7.435,445761439.84,primary_input_absent [revenue impossible: < 0 (value=-2.073e+06)],nan
stock_CUR6K@718712e8d985,IPH.PA,2019-04-01,5.69,364089341.58000004,primary_input_absent [revenue impossible: < 0 (value=-2.073e+06)],nan
stock_CUR6K@718712e8d985,IPH.PA,2019-10-01,5.96,391809273.56,primary_input_absent [revenue impossible: < 0 (value=-2.073e+06)],nan
stock_CUR6K@718712e8d985,IPH.PA,2020-04-01,5.545,437456311.895,primary_input_absent [revenue impossible: < 0 (value=-2.073e+06)],nan
stock_CUR6K@718712e8d985,IPH.PA,2020-10-01,3.462,210924212.55600002,primary_input_absent [revenue impossible: < 0 (value=-2.073e+06)],nan
stock_CUR6K@718712e8d985,IPH.PA,2021-04-01,2.704,164742654.752,primary_input_absent [revenue impossible: < 0 (value=-2.073e+06)],nan
stock_CUR6K@718712e8d985,IPH.PA,2021-10-01,4.448,270996793.02400005,primary_input_absent [revenue impossible: < 0 (value=-2.073e+06)],nan
stock_CUR6K@718712e8d985,IPH.PA,2022-04-01,2.564,156213079.432,primary_input_absent [revenue impossible: < 0 (value=-2.073e+06)],nan
stock_CUR6K@718712e8d985,IPH.PA,2022-10-01,3.29,200445020.02,primary_input_absent [revenue impossible: < 0 (value=-2.073e+06)],nan
stock_CUR6K@718712e8d985,IPH.PA,2023-04-01,2.88,175465549.44,primary_input_absent [revenue impossible: < 0 (value=-2.073e+06)],nan
stock_CUR6K@718712e8d985,IPH.PA,2023-10-01,2.62,159624909.56,primary_input_absent [revenue impossible: < 0 (value=-2.073e+06)],nan
stock_CUR6K@718712e8d985,IPH.PA,2024-04-01,1.98,120632565.24,primary_input_absent [revenue impossible: < 0 (value=-2.073e+06)],nan
stock_CUR6K@718712e8d985,IPH.PA,2024-10-01,1.9300000000000002,117586288.34,primary_input_absent [revenue impossible: < 0 (value=-2.073e+06)],nan
stock_CUR6K@718712e8d985,IPH.PA,2025-04-01,1.52,129772038.32000001,primary_input_absent [revenue impossible: < 0 (value=-2.073e+06)],nan
stock_CUR6K@718712e8d985,IPH.PA,2025-10-01,1.6,146249600.0,primary_input_absent [revenue impossible: < 0 (value=-2.073e+06)],nan
stock_CUR6K@718712e8d985,IPHA,2005-10-01,4.83,71971830.0,primary_input_absent [revenue impossible: < 0 (value=-2.073e+06)],nan
stock_CUR6K@718712e8d985,IPHA,2006-04-01,4.83,85824270.0,primary_input_absent [revenue impossible: < 0 (value=-2.073e+06)],nan
stock_CUR6K@718712e8d985,IPHA,2006-10-01,6.17,109634730.0,primary_input_absent [revenue impossible: < 0 (value=-2.073e+06)],nan
stock_CUR6K@718712e8d985,IPHA,2007-04-01,5.95,149237900.0,primary_input_absent [revenue impossible: < 0 (value=-2.073e+06)],nan
stock_CUR6K@718712e8d985,IPHA,2007-10-01,3.65,91549300.0,primary_input_absent [revenue impossible: < 0 (value=-2.073e+06)],nan
stock_CUR6K@718712e8d985,IPHA,2008-04-01,2.07,53126549.99999999,primary_input_absent [revenue impossible: < 0 (value=-2.073e+06)],nan
stock_CUR6K@718712e8d985,IPHA,2008-10-01,1.38,35417700.0,primary_input_absent [revenue impossible: < 0 (value=-2.073e+06)],nan
stock_CUR6K@718712e8d985,IPHA,2009-10-01,2.41,63380590.00000001,primary_input_absent [revenue impossible: < 0 (value=-2.073e+06)],nan
stock_CUR6K@718712e8d985,IPHA,2010-04-01,1.86,69629100.0,primary_input_absent [revenue impossible: < 0 (value=-2.073e+06)],nan
stock_CUR6K@718712e8d985,IPHA,2010-10-01,1.18,44173300.0,primary_input_absent [revenue impossible: < 0 (value=-2.073e+06)],nan
stock_CUR6K@718712e8d985,IPHA,2011-04-01,1.23,46355010.0,primary_input_absent [revenue impossible: < 0 (value=-2.073e+06)],nan
stock_CUR6K@718712e8d985,IPHA,2011-10-01,1.37,51631190.00000001,primary_input_absent [revenue impossible: < 0 (value=-2.073e+06)],nan
stock_CUR6K@718712e8d985,IPHA,2012-04-01,1.6,60667200.0,primary_input_absent [revenue impossible: < 0 (value=-2.073e+06)],nan
stock_CUR6K@718712e8d985,IPHA,2012-10-01,2.21,83796570.0,primary_input_absent [revenue impossible: < 0 (value=-2.073e+06)],nan
stock_CUR6K@718712e8d985,IPHA,2013-04-01,2.25,85506750.0,primary_input_absent [revenue impossible: < 0 (value=-2.073e+06)],nan
stock_CUR6K@718712e8d985,IPHA,2013-10-01,4.96,195438880.0,primary_input_absent [revenue impossible: < 0 (value=-2.073e+06)],nan
stock_CUR6K@718712e8d985,IPHA,2014-04-01,8.93,424832998.12,primary_input_absent [revenue impossible: < 0 (value=-2.073e+06)],nan
stock_CUR6K@718712e8d985,IPHA,2014-10-01,7.9,418439300.0,primary_input_absent [revenue impossible: < 0 (value=-2.073e+06)],nan
stock_CUR6K@718712e8d985,IPHA,2015-04-01,13.14,704910450.4200001,primary_input_absent [revenue impossible: < 0 (value=-2.073e+06)],nan
stock_CUR6K@718712e8d985,IPHA,2015-10-01,13.75,737550000.0,primary_input_absent [revenue impossible: < 0 (value=-2.073e+06)],nan
stock_CUR6K@718712e8d985,IPHA,2016-04-01,10.44,551754000.0,primary_input_absent [revenue impossible: < 0 (value=-2.073e+06)],nan
stock_CUR6K@718712e8d985,IPHA,2016-10-01,14.61,808385910.0,primary_input_absent [revenue impossible: < 0 (value=-2.073e+06)],nan
stock_CUR6K@718712e8d985,IPHA,2017-04-01,10.93,589728150.0,primary_input_absent [revenue impossible: < 0 (value=-2.073e+06)],nan
stock_CUR6K@718712e8d985,IPHA,2017-10-01,4.822,262463287.53800002,primary_input_absent [revenue impossible: < 0 (value=-2.073e+06)],nan
stock_CUR6K@718712e8d985,IPHA,2018-04-01,4.666,268761600.0,primary_input_absent [revenue impossible: < 0 (value=-2.073e+06)],nan
stock_CUR6K@718712e8d985,IPHA,2018-10-01,7.435,445761439.84,primary_input_absent [revenue impossible: < 0 (value=-2.073e+06)],nan
stock_CUR6K@718712e8d985,IPHA,2019-04-01,5.69,364089341.58000004,primary_input_absent [revenue impossible: < 0 (value=-2.073e+06)],nan
stock_CUR6K@718712e8d985,IPHA,2019-10-01,5.96,391809273.56,primary_input_absent [revenue impossible: < 0 (value=-2.073e+06)],nan
stock_CUR6K@718712e8d985,IPHA,2020-04-01,5.545,437456311.895,primary_input_absent [revenue impossible: < 0 (value=-2.073e+06)],nan
stock_CUR6K@718712e8d985,IPHA,2020-10-01,2.672126679433296,210924212.55600002,primary_input_absent [revenue impossible: < 0 (value=-2.073e+06)],nan
stock_CUR6K@718712e8d985,IPHA,2021-04-01,2.0854040694775464,164742654.752,primary_input_absent [revenue impossible: < 0 (value=-2.073e+06)],nan
stock_CUR6K@718712e8d985,IPHA,2021-10-01,3.4069379305765204,270996793.02400005,primary_input_absent [revenue impossible: < 0 (value=-2.073e+06)],nan
stock_CUR6K@718712e8d985,IPHA,2022-04-01,1.959151173030712,156213079.432,primary_input_absent [revenue impossible: < 0 (value=-2.073e+06)],nan
stock_CUR6K@718712e8d985,IPHA,2022-10-01,2.4995172304127315,200445020.02,primary_input_absent [revenue impossible: < 0 (value=-2.073e+06)],nan
stock_CUR6K@718712e8d985,IPHA,2023-04-01,2.1845838452706183,175465549.44,primary_input_absent [revenue impossible: < 0 (value=-2.073e+06)],nan
stock_CUR6K@718712e8d985,IPHA,2023-10-01,1.9807856001787492,159624909.56,primary_input_absent [revenue impossible: < 0 (value=-2.073e+06)],nan
stock_CUR6K@718712e8d985,IPHA,2024-04-01,1.510094286063935,120632565.24,primary_input_absent [revenue impossible: < 0 (value=-2.073e+06)],nan
stock_CUR6K@718712e8d985,IPHA,2024-10-01,1.4507512256329271,117586288.34,primary_input_absent [revenue impossible: < 0 (value=-2.073e+06)],nan
stock_CUR6K@718712e8d985,IPHA,2025-04-01,1.52,129772038.32000001,primary_input_absent [revenue impossible: < 0 (value=-2.073e+06)],nan
stock_CUR6K@718712e8d985,IPHA,2025-10-01,1.5998949809653,146249600.0,primary_input_absent [revenue impossible: < 0 (value=-2.073e+06)],nan
stock_CUR6K@718712e8d985,IVQ.TO,2007-04-01,9.47683,399666351.59,primary_input_absent [revenue impossible: < 0 (value=-1.89967e+06)],
stock_CUR6K@718712e8d985,IVQ.TO,2007-07-01,10.02728,422880479.44,primary_input_absent [revenue impossible: < 0 (value=-1.89967e+06)],
stock_CUR6K@718712e8d985,IVQ.TO,2008-01-01,9.83639,491819500.0,primary_input_absent [revenue impossible: < 0 (value=-1.89967e+06)],
stock_CUR6K@718712e8d985,IVQ.TO,2008-04-01,9.896989999999999,494849499.99999994,primary_input_absent [revenue impossible: < 0 (value=-1.89967e+06)],
stock_CUR6K@718712e8d985,IVQ.TO,2008-07-01,9.49905,575718422.4,primary_input_absent [revenue impossible: < 0 (value=-1.89967e+06)],
stock_CUR6K@718712e8d985,IVQ.TO,2008-10-01,8.25675,468207265.5,primary_input_absent [revenue impossible: < 0 (value=-1.89967e+06)],
stock_CUR6K@718712e8d985,IVQ.TO,2009-01-01,7.996169999999999,527747219.99999994,primary_input_absent [revenue impossible: < 0 (value=-1.89967e+06)],
stock_CUR6K@718712e8d985,IVQ.TO,2009-04-01,8.68095,572942700.0,primary_input_absent [revenue impossible: < 0 (value=-1.89967e+06)],
stock_CUR6K@718712e8d985,IVQ.TO,2009-07-01,9.43946,623004360.0,primary_input_absent [revenue impossible: < 0 (value=-1.89967e+06)],
stock_CUR6K@718712e8d985,IVQ.TO,2009-10-01,9.58288,632470080.0,primary_input_absent [revenue impossible: < 0 (value=-1.89967e+06)],
stock_CUR6K@718712e8d985,IVQ.TO,2010-01-01,9.94244,656201040.0,primary_input_absent [revenue impossible: < 0 (value=-1.89967e+06)],
stock_CUR6K@718712e8d985,IVQ.TO,2010-04-01,9.49501,626670660.0,primary_input_absent [revenue impossible: < 0 (value=-1.89967e+06)],
stock_CUR6K@718712e8d985,IVQ.TO,2010-07-01,9.80104,646868640.0,primary_input_absent [revenue impossible: < 0 (value=-1.89967e+06)],
stock_CUR6K@718712e8d985,IVQ.TO,2010-10-01,10.11414,667533240.0,primary_input_absent [revenue impossible: < 0 (value=-1.89967e+06)],
stock_CUR6K@718712e8d985,IVQ.TO,2011-01-01,10.40805,686931300.0,primary_input_absent [revenue impossible: < 0 (value=-1.89967e+06)],
stock_CUR6K@718712e8d985,IVQ.TO,2011-04-01,10.4737,691264200.0,primary_input_absent [revenue impossible: < 0 (value=-1.89967e+06)],
stock_CUR6K@718712e8d985,IVQ.TO,2011-07-01,9.61116,634336560.0,primary_input_absent [revenue impossible: < 0 (value=-1.89967e+06)],
stock_CUR6K@718712e8d985,IVQ.TO,2011-10-01,9.8879,652601400.0,primary_input_absent [revenue impossible: < 0 (value=-1.89967e+06)],
stock_CUR6K@718712e8d985,IVQ.TO,2012-01-01,10.138582,669146412.0,primary_input_absent [revenue impossible: < 0 (value=-1.89967e+06)],
stock_CUR6K@718712e8d985,IVQ.TO,2012-04-01,9.922341,654874506.0,primary_input_absent [revenue impossible: < 0 (value=-1.89967e+06)],
stock_CUR6K@718712e8d985,IVQ.TO,2012-07-01,10.260084999999998,697685779.9999999,primary_input_absent [revenue impossible: < 0 (value=-1.89967e+06)],
stock_CUR6K@718712e8d985,IVQ.TO,2012-10-01,10.17474,655741643.52,primary_input_absent [revenue impossible: < 0 (value=-1.89967e+06)],
stock_CUR6K@718712e8d985,IVQ.TO,2013-01-01,9.930724,687206100.8,primary_input_absent [revenue impossible: < 0 (value=-1.89967e+06)],
stock_CUR6K@718712e8d985,IVQ.TO,2013-04-01,9.607019,667207469.55,primary_input_absent [revenue impossible: < 0 (value=-1.89967e+06)],
stock_CUR6K@718712e8d985,IVQ.TO,2013-07-01,9.78892,689139968.0,primary_input_absent [revenue impossible: < 0 (value=-1.89967e+06)],
stock_CUR6K@718712e8d985,IVQ.TO,2013-10-01,9.50006,664111194.36,primary_input_absent [revenue impossible: < 0 (value=-1.89967e+06)],
stock_CUR6K@718712e8d985,IVQ.TO,2014-01-01,9.13646,654170536.0,primary_input_absent [revenue impossible: < 0 (value=-1.89967e+06)],
stock_CUR6K@718712e8d985,IVQ.TO,2014-04-01,9.46471,677673236.0,primary_input_absent [revenue impossible: < 0 (value=-1.89967e+06)],
stock_CUR6K@718712e8d985,IVQ.TO,2014-07-01,9.01728,645637248.0,primary_input_absent [revenue impossible: < 0 (value=-1.89967e+06)],
stock_CUR6K@718712e8d985,IVQ.TO,2014-10-01,8.684989999999999,621845283.9999999,primary_input_absent [revenue impossible: < 0 (value=-1.89967e+06)],
stock_CUR6K@718712e8d985,IVQ.TO,2015-01-01,7.96385,587286154.4,primary_input_absent [revenue impossible: < 0 (value=-1.89967e+06)],
stock_CUR6K@718712e8d985,IVQ.TO,2015-04-01,8.08202,601948849.6,primary_input_absent [revenue impossible: < 0 (value=-1.89967e+06)],
stock_CUR6K@718712e8d985,IVQ.TO,2015-07-01,7.576009999999999,581867872.04,primary_input_absent [revenue impossible: < 0 (value=-1.89967e+06)],
stock_CUR6K@718712e8d985,IVQ.TO,2015-10-01,7.294219999999999,558635132.92,primary_input_absent [revenue impossible: < 0 (value=-1.89967e+06)],
stock_CUR6K@718712e8d985,IVQ.TO,2016-01-01,7.77599,188203631.21627,primary_input_absent [revenue impossible: < 0 (value=-1.89967e+06)],
stock_CUR6K@718712e8d985,IVQ.TO,2016-04-01,8.02776,194297264.08248,primary_input_absent [revenue impossible: < 0 (value=-1.89967e+06)],
stock_CUR6K@718712e8d985,IVQ.TO,2016-07-01,7.6962,186272460.0426,primary_input_absent [revenue impossible: < 0 (value=-1.89967e+06)],
stock_CUR6K@718712e8d985,IVQ.TO,2016-10-01,6.9637839999999995,389883345.558872,primary_input_absent [revenue impossible: < 0 (value=-1.89967e+06)],
stock_CUR6K@718712e8d985,IVQ.TO,2017-01-01,7.495978,241892384.076294,primary_input_absent [revenue impossible: < 0 (value=-1.89967e+06)],
stock_CUR6K@718712e8d985,IVQ.TO,2017-04-01,7.213752,233002970.475912,primary_input_absent [revenue impossible: < 0 (value=-1.89967e+06)],
stock_CUR6K@718712e8d985,IVQ.TO,2017-07-01,6.941856,224527564.0104,primary_input_absent [revenue impossible: < 0 (value=-1.89967e+06)],
stock_CUR6K@718712e8d985,IVQ.TO,2017-10-01,6.683474,374189550.261142,primary_input_absent [revenue impossible: < 0 (value=-1.89967e+06)],
stock_CUR6K@718712e8d985,IVQ.TO,2018-01-01,6.7711626,293551620.5996208,primary_input_absent [revenue impossible: < 0 (value=-1.89967e+06)],
stock_CUR6K@718712e8d985,IVQ.TO,2018-04-01,6.2671792,323135772.0863584,primary_input_absent [revenue impossible: < 0 (value=-1.89967e+06)],
stock_CUR6K@718712e8d985,IVQ.TO,2018-07-01,6.2769668,332662229.81997204,primary_input_absent [revenue impossible: < 0 (value=-1.89967e+06)],
stock_CUR6K@718712e8d985,IVQ.TO,2018-10-01,5.224864,292525939.404512,primary_input_absent [revenue impossible: < 0 (value=-1.89967e+06)],propertyPlantEquipmentNet
stock_CUR6K@718712e8d985,IVQ.TO,2019-01-01,5.3045484,281856070.5833844,primary_input_absent [revenue impossible: < 0 (value=-1.89967e+06)],
stock_CUR6K@718712e8d985,IVQ.TO,2019-04-01,5.500224,296267035.65696,primary_input_absent [revenue impossible: < 0 (value=-1.89967e+06)],
stock_CUR6K@718712e8d985,IVQ.TO,2019-07-01,6.793200000000001,369097897.43520004,primary_input_absent [revenue impossible: < 0 (value=-1.89967e+06)],
stock_CUR6K@718712e8d985,IVQ.TO,2019-10-01,6.755331999999999,368933513.12043196,primary_input_absent [revenue impossible: < 0 (value=-1.89967e+06)],
stock_CUR6K@718712e8d985,IVQ.TO,2020-01-01,3.2117763999999998,175817130.1994072,primary_input_absent [revenue impossible: < 0 (value=-1.89967e+06)],
stock_CUR6K@718712e8d985,IVQ.TO,2020-04-01,2.4819713000000005,137928915.72427252,primary_input_absent [revenue impossible: < 0 (value=-1.89967e+06)],
stock_CUR6K@718712e8d985,IVQ.TO,2020-07-01,1.9435359999999997,108557173.10446398,primary_input_absent [revenue impossible: < 0 (value=-1.89967e+06)],
stock_CUR6K@718712e8d985,IVQ.TO,2020-10-01,1.7814960000000002,99545665.66322401,primary_input_absent [revenue impossible: < 0 (value=-1.89967e+06)],
stock_CUR6K@718712e8d985,IVQ.TO,2021-01-01,2.8649880000000003,160903819.909476,primary_input_absent [revenue impossible: < 0 (value=-1.89967e+06)],
stock_CUR6K@718712e8d985,IVQ.TO,2021-04-01,2.8213500000000002,158866861.09350002,primary_input_absent [revenue impossible: < 0 (value=-1.89967e+06)],
stock_CUR6K@718712e8d985,IVQ.TO,2021-07-01,2.080848,117283210.37664,primary_input_absent [revenue impossible: < 0 (value=-1.89967e+06)],
stock_CUR6K@718712e8d985,IVQ.TO,2021-10-01,2.05556,115597072.38351999,primary_input_absent [revenue impossible: < 0 (value=-1.89967e+06)],
stock_CUR6K@718712e8d985,IVQ.TO,2022-01-01,1.374624,94000111.586208,primary_input_absent [revenue impossible: < 0 (value=-1.89967e+06)],
stock_CUR6K@718712e8d985,IVQ.TO,2022-04-01,1.2423520000000001,70467539.72604801,primary_input_absent [revenue impossible: < 0 (value=-1.89967e+06)],
stock_CUR6K@718712e8d985,IVQ.TO,2022-07-01,1.12003,63378424.15089001,primary_input_absent [revenue impossible: < 0 (value=-1.89967e+06)],
stock_CUR6K@718712e8d985,IVQ.TO,2022-10-01,0.907371,51254168.437692,primary_input_absent [revenue impossible: < 0 (value=-1.89967e+06)],
stock_CUR6K@718712e8d985,IVQ.TO,2023-01-01,0.8429159999999999,47832444.28782,primary_input_absent [revenue impossible: < 0 (value=-1.89967e+06)],
stock_CUR6K@718712e8d985,IVQ.TO,2023-04-01,0.769488,43406682.650111996,primary_input_absent [revenue impossible: < 0 (value=-1.89967e+06)],
stock_CUR6K@718712e8d985,IVQ.TO,2023-07-01,0.360689,25096247.197448,primary_input_absent [revenue impossible: < 0 (value=-1.89967e+06)],
stock_CUR6K@718712e8d985,IVQ.TO,2023-10-01,0.2487903,14096214.583506,primary_input_absent [revenue impossible: < 0 (value=-1.89967e+06)],
stock_CUR6K@718712e8d985,IVQ.TO,2024-01-01,0.2884206,16341427.226233201,primary_input_absent [revenue impossible: < 0 (value=-1.89967e+06)],
stock_CUR6K@718712e8d985,IVQ.TO,2024-04-01,0.1316484,7461652.1385276,primary_input_absent [revenue impossible: < 0 (value=-1.89967e+06)],
stock_CUR6K@718712e8d985,IVQ.TO,2024-07-01,0.103467,5864627.51238,primary_input_absent [revenue impossible: < 0 (value=-1.89967e+06)],
stock_CUR6K@718712e8d985,IVQ.TO,2024-10-01,0.0799135,4903527.681767,primary_input_absent [revenue impossible: < 0 (value=-1.89967e+06)],
stock_CUR6K@718712e8d985,IVQ.TO,2025-01-01,0.11812280000000001,107973026.70946041,primary_input_absent [revenue impossible: < 0 (value=-1.89967e+06)],
stock_CUR6K@718712e8d985,IVQ.TO,2025-04-01,0.1065025,97351208.0404825,primary_input_absent [revenue impossible: < 0 (value=-1.89967e+06)],
stock_CUR6K@718712e8d985,IVQ.TO,2025-07-01,0.08615999999999999,78756649.70087999,primary_input_absent [revenue impossible: < 0 (value=-1.89967e+06)],
stock_CUR6K@718712e8d985,IVQ.TO,2025-10-01,0.10923,99783662.56550999,primary_input_absent [revenue impossible: < 0 (value=-1.89967e+06)],
stock_CUR6K@718712e8d985,IVQ.TO,2026-01-01,0.0934596,85377105.0984852,primary_input_absent [revenue impossible: < 0 (value=-1.89967e+06)],
stock_CUR6K@718712e8d985,IVQ.TO,2026-04-01,0.08799999999999998,80389657.65599999,primary_input_absent [revenue impossible: < 0 (value=-1.89967e+06)],
stock_CUR6K@718712e8d985,IXHL,2007-04-01,,0.0,primary_input_absent [netCashProvidedByOperatingActivities NaN (value=NaN)],nan
stock_CUR6K@718712e8d985,IXHL,2007-10-01,,0.0,primary_input_absent [netCashProvidedByOperatingActivities NaN (value=NaN)],nan
stock_CUR6K@718712e8d985,IXHL,2008-04-01,,0.0,primary_input_absent [netCashProvidedByOperatingActivities NaN (value=NaN)],nan
stock_CUR6K@718712e8d985,IXHL,2008-10-01,,0.0,primary_input_absent [netCashProvidedByOperatingActivities NaN (value=NaN)],nan
stock_CUR6K@718712e8d985,IXHL,2009-04-01,,0.0,primary_input_absent [netCashProvidedByOperatingActivities NaN (value=NaN)],nan
stock_CUR6K@718712e8d985,IXHL,2009-10-01,,0.0,primary_input_absent [netCashProvidedByOperatingActivities NaN (value=NaN)],nan
stock_CUR6K@718712e8d985,IXHL,2010-04-01,,0.0,primary_input_absent [netCashProvidedByOperatingActivities NaN (value=NaN)],nan
stock_CUR6K@718712e8d985,IXHL,2010-10-01,,0.0,primary_input_absent [netCashProvidedByOperatingActivities NaN (value=NaN)],nan
stock_CUR6K@718712e8d985,IXHL,2011-04-01,,0.0,primary_input_absent [netCashProvidedByOperatingActivities NaN (value=NaN)],nan
stock_CUR6K@718712e8d985,IXHL,2011-10-01,,0.0,primary_input_absent [netCashProvidedByOperatingActivities NaN (value=NaN)],nan
stock_CUR6K@718712e8d985,IXHL,2012-04-01,,0.0,primary_input_absent [netCashProvidedByOperatingActivities NaN (value=NaN)],nan
stock_CUR6K@718712e8d985,IXHL,2012-10-01,,0.0,primary_input_absent [netCashProvidedByOperatingActivities NaN (value=NaN)],nan
stock_CUR6K@718712e8d985,IXHL,2013-04-01,,0.0,primary_input_absent [netCashProvidedByOperatingActivities NaN (value=NaN)],nan
stock_CUR6K@718712e8d985,IXHL,2013-10-01,,0.0,primary_input_absent [netCashProvidedByOperatingActivities NaN (value=NaN)],nan
stock_CUR6K@718712e8d985,IXHL,2014-04-01,,0.0,primary_input_absent [netCashProvidedByOperatingActivities NaN (value=NaN)],nan
stock_CUR6K@718712e8d985,IXHL,2014-10-01,,0.0,primary_input_absent [netCashProvidedByOperatingActivities NaN (value=NaN)],nan
stock_CUR6K@718712e8d985,IXHL,2015-04-01,,0.0,primary_input_absent [netCashProvidedByOperatingActivities NaN (value=NaN)],nan
stock_CUR6K@718712e8d985,IXHL,2015-10-01,2448.9503999999997,759064421.2319999,primary_input_absent [netCashProvidedByOperatingActivities NaN (value=NaN)],nan
stock_CUR6K@718712e8d985,IXHL,2016-04-01,2398.5964799999997,1765146338.4038398,primary_input_absent [netCashProvidedByOperatingActivities NaN (value=NaN)],nan
stock_CUR6K@718712e8d985,IXHL,2016-10-01,2475.37728,1724330485.6070402,primary_input_absent [netCashProvidedByOperatingActivities NaN (value=NaN)],nan
stock_CUR6K@718712e8d985,IXHL,2017-04-01,2318.78016,3317402255.16672,primary_input_absent [netCashProvidedByOperatingActivities NaN (value=NaN)],nan
stock_CUR6K@718712e8d985,IXHL,2017-10-01,2286.4608,3497980924.7135997,primary_input_absent [netCashProvidedByOperatingActivities NaN (value=NaN)],nan
stock_CUR6K@718712e8d985,IXHL,2018-04-01,2410.91712,5472702302.13504,primary_input_absent [netCashProvidedByOperatingActivities NaN (value=NaN)],nan
stock_CUR6K@718712e8d985,IXHL,2018-10-01,2531.9808,7425709734.873599,primary_input_absent [netCashProvidedByOperatingActivities NaN (value=NaN)],nan
stock_CUR6K@718712e8d985,IXHL,2019-04-01,2562.8716799999997,9160728532.991999,primary_input_absent [netCashProvidedByOperatingActivities NaN (value=NaN)],nan
stock_CUR6K@718712e8d985,IXHL,2019-10-01,2543.7657600000002,13758570160.508162,primary_input_absent [netCashProvidedByOperatingActivities NaN (value=NaN)],nan
stock_CUR6K@718712e8d985,IXHL,2020-04-01,2586.388032,15486083692.405054,primary_input_absent [netCashProvidedByOperatingActivities NaN (value=NaN)],nan
stock_CUR6K@718712e8d985,IXHL,2020-10-01,2320.3872,17442659193.897602,primary_input_absent [netCashProvidedByOperatingActivities NaN (value=NaN)],nan
stock_CUR6K@718712e8d985,IXHL,2021-04-01,2380.0262399999997,20861089455.358078,primary_input_absent [netCashProvidedByOperatingActivities NaN (value=NaN)],nan
stock_CUR6K@718712e8d985,IXHL,2021-10-01,2456.432064,23496018335.3664,primary_input_absent [netCashProvidedByOperatingActivities NaN (value=NaN)],nan
stock_CUR6K@718712e8d985,IXHL,2022-04-01,670.89888,6901850088.33696,primary_input_absent [netCashProvidedByOperatingActivities NaN (value=NaN)],nan
stock_CUR6K@718712e8d985,IXHL,2022-10-01,492.7775999999999,2529263325.8591995,primary_input_absent [netCashProvidedByOperatingActivities NaN (value=NaN)],nan
stock_CUR6K@718712e8d985,IXHL,2023-04-01,331.35456,1726246916.53152,primary_input_absent [netCashProvidedByOperatingActivities NaN (value=NaN)],nan
stock_CUR6K@718712e8d985,IXHL,2023-10-01,139.2,736507199.9999999,primary_input_absent [netCashProvidedByOperatingActivities NaN (value=NaN)],nan
stock_CUR6K@718712e8d985,IXHL,2024-04-01,88.5,502621413.0,primary_input_absent [netCashProvidedByOperatingActivities NaN (value=NaN)],nan
stock_CUR6K@718712e8d985,IXHL,2024-10-01,63.6,373628821.2,primary_input_absent [netCashProvidedByOperatingActivities NaN (value=NaN)],nan
stock_CUR6K@718712e8d985,IXHL,2025-04-01,6.47,66923447.849999994,primary_input_absent [netCashProvidedByOperatingActivities NaN (value=NaN)],nan
stock_CUR6K@718712e8d985,IXHL,2025-10-01,10.74,125108230.14,primary_input_absent [netCashProvidedByOperatingActivities NaN (value=NaN)],nan
stock_CUR6K@718712e8d985,IXHL,2026-01-01,3.0,37045380.0,primary_input_absent [netCashProvidedByOperatingActivities NaN (value=NaN)],nan
stock_CUR6K@718712e8d985,JKS,2008-10-01,,0.0,primary_input_absent [netCashProvidedByOperatingActivities NaN (value=NaN)],nan
stock_CUR6K@718712e8d985,JKS,2009-04-01,75.21152386033938,238474306.876836,primary_input_absent [netCashProvidedByOperatingActivities NaN (value=NaN)],nan
stock_CUR6K@718712e8d985,JKS,2010-01-01,75.16307985270011,238320704.73515403,primary_input_absent [netCashProvidedByOperatingActivities NaN (value=NaN)],nan
stock_CUR6K@718712e8d985,JKS,2010-04-01,65.79025758101886,285473335.6508749,primary_input_absent [netCashProvidedByOperatingActivities NaN (value=NaN)],nan
stock_CUR6K@718712e8d985,JKS,2010-07-01,211.51833446610564,1149176995.9710073,primary_input_absent [netCashProvidedByOperatingActivities NaN (value=NaN)],nan
stock_CUR6K@718712e8d985,JKS,2010-10-01,132.61092655579424,670615046.9237701,primary_input_absent [netCashProvidedByOperatingActivities NaN (value=NaN)],nan
stock_CUR6K@718712e8d985,JKS,2011-01-01,176.83110743721787,1051106736.988575,primary_input_absent [netCashProvidedByOperatingActivities NaN (value=NaN)],nan
stock_CUR6K@718712e8d985,JKS,2011-04-01,171.43854,1021510711.6796399,primary_input_absent [netCashProvidedByOperatingActivities NaN (value=NaN)],nan
stock_CUR6K@718712e8d985,JKS,2011-07-01,,0.0,primary_input_absent [netCashProvidedByOperatingActivities NaN (value=NaN)],nan
stock_CUR6K@718712e8d985,JKS,2011-10-01,31.544500000000006,741031840826.8751,primary_input_absent [netCashProvidedByOperatingActivities NaN (value=NaN)],nan
stock_CUR6K@718712e8d985,JKS,2012-01-01,38.433053462947335,213272008.48162502,primary_input_absent [netCashProvidedByOperatingActivities NaN (value=NaN)],nan
stock_CUR6K@718712e8d985,JKS,2012-04-01,21.860169970699015,121243016.988148,primary_input_absent [netCashProvidedByOperatingActivities NaN (value=NaN)],nan
stock_CUR6K@718712e8d985,JKS,2012-07-01,24.010612164561838,133170010.227085,primary_input_absent [netCashProvidedByOperatingActivities NaN (value=NaN)],nan
stock_CUR6K@718712e8d985,JKS,2012-10-01,38.698236,214637289.28689602,primary_input_absent [netCashProvidedByOperatingActivities NaN (value=NaN)],nan
stock_CUR6K@718712e8d985,JKS,2013-01-01,26.084102351010547,144699549.31634998,primary_input_absent [netCashProvidedByOperatingActivities NaN (value=NaN)],nan
stock_CUR6K@718712e8d985,JKS,2013-04-01,60.221158137071036,334265306.7692125,primary_input_absent [netCashProvidedByOperatingActivities NaN (value=NaN)],nan
stock_CUR6K@718712e8d985,JKS,2013-07-01,138.00149,779517562.43933,primary_input_absent [netCashProvidedByOperatingActivities NaN (value=NaN)],nan
stock_CUR6K@718712e8d985,JKS,2013-10-01,177.36756317447802,1193946736.2604249,primary_input_absent [netCashProvidedByOperatingActivities NaN (value=NaN)],nan
stock_CUR6K@718712e8d985,JKS,2014-01-01,173.7483974457398,1297816955.940505,primary_input_absent [netCashProvidedByOperatingActivities NaN (value=NaN)],nan
stock_CUR6K@718712e8d985,JKS,2014-04-01,187.159613183086,1444833846.0527215,primary_input_absent [netCashProvidedByOperatingActivities NaN (value=NaN)],nan
stock_CUR6K@718712e8d985,JKS,2014-07-01,168.73363636239705,1305021377.690415,primary_input_absent [netCashProvidedByOperatingActivities NaN (value=NaN)],nan
stock_CUR6K@718712e8d985,JKS,2014-10-01,122.23157680304976,949366300.9872937,primary_input_absent [netCashProvidedByOperatingActivities NaN (value=NaN)],nan
stock_CUR6K@718712e8d985,JKS,2015-01-01,158.94236,1234786638.0972002,primary_input_absent [netCashProvidedByOperatingActivities NaN (value=NaN)],nan
stock_CUR6K@718712e8d985,JKS,2015-04-01,183.02401764744224,1423625050.692,primary_input_absent [netCashProvidedByOperatingActivities NaN (value=NaN)],nan
stock_CUR6K@718712e8d985,JKS,2015-07-01,139.439683410678,1087384813.9589026,primary_input_absent [netCashProvidedByOperatingActivities NaN (value=NaN)],nan
stock_CUR6K@718712e8d985,JKS,2015-10-01,179.56447649921444,1401982690.1312926,primary_input_absent [netCashProvidedByOperatingActivities NaN (value=NaN)],nan
stock_CUR6K@718712e8d985,JKS,2016-01-01,134.948958,1058312642.404644,primary_input_absent [netCashProvidedByOperatingActivities NaN (value=NaN)],nan
stock_CUR6K@718712e8d985,JKS,2016-04-01,135.443442,1062394521.002208,primary_input_absent [netCashProvidedByOperatingActivities NaN (value=NaN)],nan
stock_CUR6K@718712e8d985,JKS,2016-07-01,105.3623,830097723.4484,primary_input_absent [netCashProvidedByOperatingActivities NaN (value=NaN)],nan
stock_CUR6K@718712e8d985,JKS,2016-10-01,105.74037369175574,835432910.0215815,primary_input_absent [netCashProvidedByOperatingActivities NaN (value=NaN)],nan
stock_CUR6K@718712e8d985,JKS,2017-01-01,114.052967,904016663.696496,primary_input_absent [netCashProvidedByOperatingActivities NaN (value=NaN)],nan
stock_CUR6K@718712e8d985,JKS,2017-04-01,141.00737319395094,1130238254.5043201,primary_input_absent [netCashProvidedByOperatingActivities NaN (value=NaN)],nan
stock_CUR6K@718712e8d985,JKS,2017-07-01,165.99735020062118,1350658853.56553,primary_input_absent [netCashProvidedByOperatingActivities NaN (value=NaN)],nan
stock_CUR6K@718712e8d985,JKS,2017-10-01,156.47411959727876,1275577648.853495,primary_input_absent [netCashProvidedByOperatingActivities NaN (value=NaN)],nan
stock_CUR6K@718712e8d985,JKS,2018-01-01,117.99137772854344,1073282255.430462,primary_input_absent [netCashProvidedByOperatingActivities NaN (value=NaN)],nan
stock_CUR6K@718712e8d985,JKS,2018-04-01,91.11609,890986886.5131,primary_input_absent [netCashProvidedByOperatingActivities NaN (value=NaN)],nan
stock_CUR6K@718712e8d985,JKS,2018-07-01,73.29009974680564,716802387.3180721,primary_input_absent [netCashProvidedByOperatingActivities NaN (value=NaN)],nan
stock_CUR6K@718712e8d985,JKS,2018-10-01,67.99771120207899,666611617.9023316,primary_input_absent [netCashProvidedByOperatingActivities NaN (value=NaN)],nan
stock_CUR6K@718712e8d985,JKS,2019-01-01,126.50989967642599,1240495731.0048876,primary_input_absent [netCashProvidedByOperatingActivities NaN (value=NaN)],nan
stock_CUR6K@718712e8d985,JKS,2019-04-01,153.627556,1599702693.652828,primary_input_absent [netCashProvidedByOperatingActivities NaN (value=NaN)],nan
stock_CUR6K@718712e8d985,JKS,2019-07-01,114.00422258606349,1256442703.2012348,primary_input_absent [netCashProvidedByOperatingActivities NaN (value=NaN)],nan
stock_CUR6K@718712e8d985,JKS,2019-10-01,156.5686435834506,1737174818.602311,primary_input_absent [netCashProvidedByOperatingActivities NaN (value=NaN)],nan
stock_CUR6K@718712e8d985,JKS,2020-01-01,105.17363999999999,1174946688.21816,primary_input_absent [netCashProvidedByOperatingActivities NaN (value=NaN)],nan
stock_CUR6K@718712e8d985,JKS,2020-04-01,125.12115000000001,1389768784.6927502,primary_input_absent [netCashProvidedByOperatingActivities NaN (value=NaN)],nan
stock_CUR6K@718712e8d985,JKS,2020-07-01,269.998244135293,3003596546.876044,primary_input_absent [netCashProvidedByOperatingActivities NaN (value=NaN)],nan
stock_CUR6K@718712e8d985,JKS,2020-10-01,403.70175000000006,4574089389.744,primary_input_absent [netCashProvidedByOperatingActivities NaN (value=NaN)],nan
stock_CUR6K@718712e8d985,JKS,2021-01-01,273.177894,3251291448.6018777,primary_input_absent [netCashProvidedByOperatingActivities NaN (value=NaN)],nan
stock_CUR6K@718712e8d985,JKS,2021-04-01,361.69873199999995,4311368226.622764,primary_input_absent [netCashProvidedByOperatingActivities NaN (value=NaN)],nan
stock_CUR6K@718712e8d985,JKS,2021-07-01,295.31875219220257,3521088140.256401,primary_input_absent [netCashProvidedByOperatingActivities NaN (value=NaN)],nan
stock_CUR6K@718712e8d985,JKS,2021-10-01,291.94252824235633,3480965349.7391343,primary_input_absent [netCashProvidedByOperatingActivities NaN (value=NaN)],nan
stock_CUR6K@718712e8d985,JKS,2022-01-01,306.2551991096344,3681084591.5509048,primary_input_absent [netCashProvidedByOperatingActivities NaN (value=NaN)],nan
stock_CUR6K@718712e8d985,JKS,2022-04-01,463.4506841029227,5732140197.103801,primary_input_absent [netCashProvidedByOperatingActivities NaN (value=NaN)],nan
stock_CUR6K@718712e8d985,JKS,2022-07-01,394.016765,4937375618.152905,primary_input_absent [netCashProvidedByOperatingActivities NaN (value=NaN)],nan
stock_CUR6K@718712e8d985,JKS,2022-10-01,281.95754160581896,3545425482.395048,primary_input_absent [netCashProvidedByOperatingActivities NaN (value=NaN)],nan
stock_CUR6K@718712e8d985,JKS,2023-01-01,350.359442,4421530552.288928,primary_input_absent [netCashProvidedByOperatingActivities NaN (value=NaN)],nan
stock_CUR6K@718712e8d985,JKS,2023-04-01,321.80381800000004,4114392787.2839265,primary_input_absent [netCashProvidedByOperatingActivities NaN (value=NaN)],nan
stock_CUR6K@718712e8d985,JKS,2023-07-01,221.716185,2858571253.07205,primary_input_absent [netCashProvidedByOperatingActivities NaN (value=NaN)],nan
stock_CUR6K@718712e8d985,JKS,2023-10-01,262.174262,3434199683.99704,primary_input_absent [netCashProvidedByOperatingActivities NaN (value=NaN)],nan
stock_CUR6K@718712e8d985,JKS,2024-01-01,182.19600674795603,2459662124.346,primary_input_absent [netCashProvidedByOperatingActivities NaN (value=NaN)],nan
stock_CUR6K@718712e8d985,JKS,2024-04-01,149.508931,1944332549.7973518,primary_input_absent [netCashProvidedByOperatingActivities NaN (value=NaN)],nan
stock_CUR6K@718712e8d985,JKS,2024-07-01,188.19863302172544,2410152808.0870485,primary_input_absent [netCashProvidedByOperatingActivities NaN (value=NaN)],nan
stock_CUR6K@718712e8d985,JKS,2024-10-01,181.74012707538213,2334112259.98578,primary_input_absent [netCashProvidedByOperatingActivities NaN (value=NaN)],nan
stock_CUR6K@718712e8d985,JKS,2025-01-01,135.25557062314746,1743522753.563332,primary_input_absent [netCashProvidedByOperatingActivities NaN (value=NaN)],nan
stock_CUR6K@718712e8d985,JKS,2025-04-01,152.00098780629165,1989591697.7264788,primary_input_absent [netCashProvidedByOperatingActivities NaN (value=NaN)],nan
stock_CUR6K@718712e8d985,JKS,2025-07-01,171.05756153423448,2239029556.1471477,primary_input_absent [netCashProvidedByOperatingActivities NaN (value=NaN)],nan
stock_CUR6K@718712e8d985,JKS,2025-10-01,180.47901289412488,2362350079.761507,primary_input_absent [netCashProvidedByOperatingActivities NaN (value=NaN)],nan
stock_CUR6K@718712e8d985,JKS,2026-01-01,175.265475,2294671468.914825,primary_input_absent [netCashProvidedByOperatingActivities NaN (value=NaN)],nan
stock_CUR6K@718712e8d985,JKS,2026-04-01,113.98128646900108,1506229418.1522002,primary_input_absent [netCashProvidedByOperatingActivities NaN (value=NaN)],nan
stock_CUR6K@718712e8d985,KLDVK.OL,2019-10-01,36.46,1968840000.0,primary_input_absent [netCashProvidedByOperatingActivities NaN (value=NaN)],
stock_CUR6K@718712e8d985,KLDVK.OL,2020-04-01,34.86,1889864273.6399999,primary_input_absent [netCashProvidedByOperatingActivities NaN (value=NaN)],
stock_CUR6K@718712e8d985,KLDVK.OL,2020-07-01,39.84,2159844884.1600003,primary_input_absent [netCashProvidedByOperatingActivities NaN (value=NaN)],
stock_CUR6K@718712e8d985,KLDVK.OL,2020-10-01,42.83,2588402568.0499997,primary_input_absent [netCashProvidedByOperatingActivities NaN (value=NaN)],
stock_CUR6K@718712e8d985,KLDVK.OL,2021-01-01,42.93,2327361857.64,primary_input_absent [netCashProvidedByOperatingActivities NaN (value=NaN)],
stock_CUR6K@718712e8d985,KLDVK.OL,2021-04-01,47.51,2575657159.48,primary_input_absent [netCashProvidedByOperatingActivities NaN (value=NaN)],
stock_CUR6K@718712e8d985,KLDVK.OL,2021-07-01,42.83,2312820000.0,primary_input_absent [netCashProvidedByOperatingActivities NaN (value=NaN)],
stock_CUR6K@718712e8d985,KLDVK.OL,2021-10-01,41.44,2237760000.0,primary_input_absent [netCashProvidedByOperatingActivities NaN (value=NaN)],
stock_CUR6K@718712e8d985,KLDVK.OL,2022-01-01,34.86,1882440000.0,primary_input_absent [netCashProvidedByOperatingActivities NaN (value=NaN)],
stock_CUR6K@718712e8d985,KLDVK.OL,2022-04-01,27.89,2552644075.36,primary_input_absent [netCashProvidedByOperatingActivities NaN (value=NaN)],
stock_CUR6K@718712e8d985,KLDVK.OL,2022-07-01,23.91,2188372887.84,primary_input_absent [netCashProvidedByOperatingActivities NaN (value=NaN)],
stock_CUR6K@718712e8d985,KLDVK.OL,2022-10-01,27.89,2562710385.17,primary_input_absent [netCashProvidedByOperatingActivities NaN (value=NaN)],
stock_CUR6K@718712e8d985,KLDVK.OL,2023-01-01,28.2,2590080211.2,primary_input_absent [netCashProvidedByOperatingActivities NaN (value=NaN)],
stock_CUR6K@718712e8d985,KLDVK.OL,2023-04-01,29.0,3513489490.0,primary_input_absent [netCashProvidedByOperatingActivities NaN (value=NaN)],
stock_CUR6K@718712e8d985,KLDVK.OL,2023-07-01,26.0,3178792474.0,primary_input_absent [netCashProvidedByOperatingActivities NaN (value=NaN)],
stock_CUR6K@718712e8d985,KLDVK.OL,2023-10-01,23.4,2860913226.6,primary_input_absent [netCashProvidedByOperatingActivities NaN (value=NaN)],
stock_CUR6K@718712e8d985,KLDVK.OL,2024-01-01,24.4,2983174475.6,primary_input_absent [netCashProvidedByOperatingActivities NaN (value=NaN)],
stock_CUR6K@718712e8d985,KLDVK.OL,2024-04-01,26.6,3252142600.0,primary_input_absent [netCashProvidedByOperatingActivities NaN (value=NaN)],
stock_CUR6K@718712e8d985,KLDVK.OL,2024-07-01,24.2,2958722225.7999997,primary_input_absent [netCashProvidedByOperatingActivities NaN (value=NaN)],totalAssets|totalCurrentAssets
stock_CUR6K@718712e8d985,KLDVK.OL,2024-10-01,28.6,3496664600.0,primary_input_absent [netCashProvidedByOperatingActivities NaN (value=NaN)],
stock_CUR6K@718712e8d985,KLDVK.OL,2025-01-01,21.6,2640842978.4,primary_input_absent [netCashProvidedByOperatingActivities NaN (value=NaN)],
stock_CUR6K@718712e8d985,KLDVK.OL,2025-04-01,13.5,1905950938.5,primary_input_absent [netCashProvidedByOperatingActivities NaN (value=NaN)],
stock_CUR6K@718712e8d985,KLDVK.OL,2025-07-01,12.5,2081572450.0,primary_input_absent [netCashProvidedByOperatingActivities NaN (value=NaN)],
stock_CUR6K@718712e8d985,KLDVK.OL,2025-10-01,8.8,1480761348.0000002,primary_input_absent [netCashProvidedByOperatingActivities NaN (value=NaN)],
stock_CUR6K@718712e8d985,KLDVK.OL,2026-04-01,4.74,797591907.9000001,primary_input_absent [netCashProvidedByOperatingActivities NaN (value=NaN)],
stock_CUR6K@718712e8d985,LIT.L,2016-04-01,1.057736925,34406348.05442205,primary_input_absent [revenue impossible: < 0 (value=-2.55087e+07)],nan
stock_CUR6K@718712e8d985,LIT.L,2016-10-01,1.0143126,36887704.115157,primary_input_absent [revenue impossible: < 0 (value=-2.55087e+07)],nan
stock_CUR6K@718712e8d985,LIT.L,2017-04-01,1.0029366,57225176.409828596,primary_input_absent [revenue impossible: < 0 (value=-2.55087e+07)],nan
stock_CUR6K@718712e8d985,LIT.L,2017-10-01,1.025030925,57500954.79354,primary_input_absent [revenue impossible: < 0 (value=-2.55087e+07)],nan
stock_CUR6K@718712e8d985,LIT.L,2018-04-01,1.0559594250000002,61264325.516268834,primary_input_absent [revenue impossible: < 0 (value=-2.55087e+07)],nan
stock_CUR6K@718712e8d985,LIT.L,2018-10-01,1.27518285,82760593.6909017,primary_input_absent [revenue impossible: < 0 (value=-2.55087e+07)],nan
stock_CUR6K@718712e8d985,LIT.L,2019-04-01,1.83897548,204912352.02687696,primary_input_absent [revenue impossible: < 0 (value=-2.55087e+07)],nan
stock_CUR6K@718712e8d985,LIT.L,2019-10-01,1.3029131999999997,146045298.21790677,primary_input_absent [revenue impossible: < 0 (value=-2.55087e+07)],nan
stock_CUR6K@718712e8d985,LIT.L,2020-04-01,1.00936886,111509238.51015805,primary_input_absent [revenue impossible: < 0 (value=-2.55087e+07)],nan
stock_CUR6K@718712e8d985,LIT.L,2020-10-01,1.1703912,122274997.28740561,primary_input_absent [revenue impossible: < 0 (value=-2.55087e+07)],nan
stock_CUR6K@718712e8d985,LIT.L,2021-04-01,2.4695663999999997,292487010.84674394,primary_input_absent [revenue impossible: < 0 (value=-2.55087e+07)],nan
stock_CUR6K@718712e8d985,LIT.L,2021-10-01,1.8648723,212470672.9187685,primary_input_absent [revenue impossible: < 0 (value=-2.55087e+07)],nan
stock_CUR6K@718712e8d985,LIT.L,2022-04-01,1.6664507999999998,176670011.40269038,primary_input_absent [revenue impossible: < 0 (value=-2.55087e+07)],nan
stock_CUR6K@718712e8d985,LIT.L,2022-10-01,1.2216036,129960269.6675136,primary_input_absent [revenue impossible: < 0 (value=-2.55087e+07)],nan
stock_CUR6K@718712e8d985,LIT.L,2023-04-01,1.57772088,182436199.35365736,primary_input_absent [revenue impossible: < 0 (value=-2.55087e+07)],nan
stock_CUR6K@718712e8d985,LIT.L,2023-10-01,1.847736,211546915.85412002,primary_input_absent [revenue impossible: < 0 (value=-2.55087e+07)],nan
stock_CUR6K@718712e8d985,LIT.L,2024-04-01,2.0691143,227514453.56019157,primary_input_absent [revenue impossible: < 0 (value=-2.55087e+07)],nan
stock_CUR6K@718712e8d985,LIT.L,2024-10-01,2.03207528,209690492.31106377,primary_input_absent [revenue impossible: < 0 (value=-2.55087e+07)],nan
stock_CUR6K@718712e8d985,LIT.L,2025-04-01,0.5838476,59952571.2149084,primary_input_absent [revenue impossible: < 0 (value=-2.55087e+07)],nan
stock_CUR6K@718712e8d985,LIT.L,2025-10-01,0.15243454799999998,15686118.934879173,primary_input_absent [revenue impossible: < 0 (value=-2.55087e+07)],nan
stock_CUR6K@718712e8d985,LUS1.DE,2006-10-01,,0.0,primary_input_absent [netCashProvidedByOperatingActivities NaN (value=NaN)],nan
stock_CUR6K@718712e8d985,LUS1.DE,2007-10-01,,0.0,primary_input_absent [netCashProvidedByOperatingActivities NaN (value=NaN)],nan
stock_CUR6K@718712e8d985,LUS1.DE,2008-10-01,,0.0,primary_input_absent [netCashProvidedByOperatingActivities NaN (value=NaN)],nan
stock_CUR6K@718712e8d985,LUS1.DE,2009-10-01,,0.0,primary_input_absent [netCashProvidedByOperatingActivities NaN (value=NaN)],nan
stock_CUR6K@718712e8d985,LUS1.DE,2010-10-01,,0.0,primary_input_absent [netCashProvidedByOperatingActivities NaN (value=NaN)],nan
stock_CUR6K@718712e8d985,LUS1.DE,2011-10-01,,0.0,primary_input_absent [netCashProvidedByOperatingActivities NaN (value=NaN)],nan
stock_CUR6K@718712e8d985,LUS1.DE,2012-10-01,1.85,17308124.55,primary_input_absent [netCashProvidedByOperatingActivities NaN (value=NaN)],nan
stock_CUR6K@718712e8d985,LUS1.DE,2013-04-01,1.57,14753089.040000001,primary_input_absent [netCashProvidedByOperatingActivities NaN (value=NaN)],nan
stock_CUR6K@718712e8d985,LUS1.DE,2013-10-01,2.72,25671360.0,primary_input_absent [netCashProvidedByOperatingActivities NaN (value=NaN)],nan
stock_CUR6K@718712e8d985,LUS1.DE,2014-04-01,3.49,32938620.000000004,primary_input_absent [netCashProvidedByOperatingActivities NaN (value=NaN)],nan
stock_CUR6K@718712e8d985,LUS1.DE,2014-10-01,4.97,46906860.0,primary_input_absent [netCashProvidedByOperatingActivities NaN (value=NaN)],nan
stock_CUR6K@718712e8d985,LUS1.DE,2015-04-01,5.26,48407196.14,primary_input_absent [netCashProvidedByOperatingActivities NaN (value=NaN)],nan
stock_CUR6K@718712e8d985,LUS1.DE,2015-10-01,5.61,51628207.29000001,primary_input_absent [netCashProvidedByOperatingActivities NaN (value=NaN)],nan
stock_CUR6K@718712e8d985,LUS1.DE,2016-04-01,6.97,64144136.33,primary_input_absent [netCashProvidedByOperatingActivities NaN (value=NaN)],nan
stock_CUR6K@718712e8d985,LUS1.DE,2016-10-01,5.38,50776440.0,primary_input_absent [netCashProvidedByOperatingActivities NaN (value=NaN)],nan
stock_CUR6K@718712e8d985,LUS1.DE,2017-04-01,6.99,65971620.0,primary_input_absent [netCashProvidedByOperatingActivities NaN (value=NaN)],nan
stock_CUR6K@718712e8d985,LUS1.DE,2017-10-01,8.3,78335400.0,primary_input_absent [netCashProvidedByOperatingActivities NaN (value=NaN)],nan
stock_CUR6K@718712e8d985,LUS1.DE,2018-04-01,11.17,105422460.0,primary_input_absent [netCashProvidedByOperatingActivities NaN (value=NaN)],nan
stock_CUR6K@718712e8d985,LUS1.DE,2018-10-01,5.85,55212300.0,primary_input_absent [netCashProvidedByOperatingActivities NaN (value=NaN)],nan
stock_CUR6K@718712e8d985,LUS1.DE,2019-04-01,5.72,53985411.48,primary_input_absent [netCashProvidedByOperatingActivities NaN (value=NaN)],nan
stock_CUR6K@718712e8d985,LUS1.DE,2019-10-01,4.49,42376620.0,primary_input_absent [netCashProvidedByOperatingActivities NaN (value=NaN)],nan
stock_CUR6K@718712e8d985,LUS1.DE,2020-04-01,9.5,89661000.0,primary_input_absent [netCashProvidedByOperatingActivities NaN (value=NaN)],nan
stock_CUR6K@718712e8d985,LUS1.DE,2020-10-01,20.27,191308260.0,primary_input_absent [netCashProvidedByOperatingActivities NaN (value=NaN)],nan
stock_CUR6K@718712e8d985,LUS1.DE,2021-04-01,40.6,383182800.0,primary_input_absent [netCashProvidedByOperatingActivities NaN (value=NaN)],nan
stock_CUR6K@718712e8d985,LUS1.DE,2021-10-01,27.3,257657400.0,primary_input_absent [netCashProvidedByOperatingActivities NaN (value=NaN)],nan
stock_CUR6K@718712e8d985,LUS1.DE,2022-04-01,13.9,131188200.0,primary_input_absent [netCashProvidedByOperatingActivities NaN (value=NaN)],nan
stock_CUR6K@718712e8d985,LUS1.DE,2022-10-01,8.7,82110600.0,primary_input_absent [netCashProvidedByOperatingActivities NaN (value=NaN)],nan
stock_CUR6K@718712e8d985,LUS1.DE,2023-04-01,9.2,86829600.0,primary_input_absent [netCashProvidedByOperatingActivities NaN (value=NaN)],nan
stock_CUR6K@718712e8d985,LUS1.DE,2023-10-01,8.56,80789280.0,primary_input_absent [netCashProvidedByOperatingActivities NaN (value=NaN)],nan
stock_CUR6K@718712e8d985,LUS1.DE,2024-04-01,19.05,179793900.0,primary_input_absent [netCashProvidedByOperatingActivities NaN (value=NaN)],nan
stock_CUR6K@718712e8d985,LUS1.DE,2024-10-01,19.2,181209600.0,primary_input_absent [netCashProvidedByOperatingActivities NaN (value=NaN)],nan
stock_CUR6K@718712e8d985,LUS1.DE,2025-04-01,22.8,215186400.0,primary_input_absent [netCashProvidedByOperatingActivities NaN (value=NaN)],nan
stock_CUR6K@718712e8d985,LUS1.DE,2025-10-01,22.2,209523600.0,primary_input_absent [netCashProvidedByOperatingActivities NaN (value=NaN)],nan
stock_CUR6K@718712e8d985,LUS1.DE,2026-04-01,27.8,262376400.0,primary_input_absent [netCashProvidedByOperatingActivities NaN (value=NaN)],nan
stock_CUR6K@718712e8d985,LYG,2001-10-01,,,primary_input_absent [netCashProvidedByOperatingActivities NaN (value=NaN)],nan
stock_CUR6K@718712e8d985,LYG,2002-04-01,,,primary_input_absent [netCashProvidedByOperatingActivities NaN (value=NaN)],nan
stock_CUR6K@718712e8d985,LYG,2002-10-01,,,primary_input_absent [netCashProvidedByOperatingActivities NaN (value=NaN)],nan
stock_CUR6K@718712e8d985,LYG,2003-04-01,,,primary_input_absent [netCashProvidedByOperatingActivities NaN (value=NaN)],nan
stock_CUR6K@718712e8d985,LYG,2003-10-01,,,primary_input_absent [netCashProvidedByOperatingActivities NaN (value=NaN)],nan
stock_CUR6K@718712e8d985,LYG,2004-04-01,,,primary_input_absent [netCashProvidedByOperatingActivities NaN (value=NaN)],nan
stock_CUR6K@718712e8d985,LYG,2004-10-01,,,primary_input_absent [netCashProvidedByOperatingActivities NaN (value=NaN)],nan
stock_CUR6K@718712e8d985,LYG,2005-04-01,,,primary_input_absent [netCashProvidedByOperatingActivities NaN (value=NaN)],nan
stock_CUR6K@718712e8d985,LYG,2005-10-01,,,primary_input_absent [netCashProvidedByOperatingActivities NaN (value=NaN)],nan
stock_CUR6K@718712e8d985,LYG,2006-04-01,,,primary_input_absent [netCashProvidedByOperatingActivities NaN (value=NaN)],nan
stock_CUR6K@718712e8d985,LYG,2006-10-01,14.8504,248429364094.80002,primary_input_absent [netCashProvidedByOperatingActivities NaN (value=NaN)],nan
stock_CUR6K@718712e8d985,LYG,2007-04-01,14.4476,241691003656.19998,primary_input_absent [netCashProvidedByOperatingActivities NaN (value=NaN)],nan
stock_CUR6K@718712e8d985,LYG,2007-10-01,12.2652,205182071627.4,primary_input_absent [netCashProvidedByOperatingActivities NaN (value=NaN)],nan
stock_CUR6K@718712e8d985,LYG,2008-04-01,8.0748,135081710202.59999,primary_input_absent [netCashProvidedByOperatingActivities NaN (value=NaN)],nan
stock_CUR6K@718712e8d985,LYG,2009-04-01,,0.0,primary_input_absent [netCashProvidedByOperatingActivities NaN (value=NaN)],nan
stock_CUR6K@718712e8d985,LYG,2009-10-01,,0.0,primary_input_absent [netCashProvidedByOperatingActivities NaN (value=NaN)],nan
stock_CUR6K@718712e8d985,LYG,2010-04-01,2.148,35933461326.0,primary_input_absent [netCashProvidedByOperatingActivities NaN (value=NaN)],nan
stock_CUR6K@718712e8d985,LYG,2010-10-01,2.628,44725179078.0,primary_input_absent [netCashProvidedByOperatingActivities NaN (value=NaN)],nan
stock_CUR6K@718712e8d985,LYG,2011-01-01,2.3236000000000003,38871038518.200005,primary_input_absent [netCashProvidedByOperatingActivities NaN (value=NaN)],nan
stock_CUR6K@718712e8d985,LYG,2011-04-01,1.96,33356678460.0,primary_input_absent [netCashProvidedByOperatingActivities NaN (value=NaN)],nan
stock_CUR6K@718712e8d985,LYG,2011-07-01,1.3947999999999998,23737701589.799995,primary_input_absent [netCashProvidedByOperatingActivities NaN (value=NaN)],nan
stock_CUR6K@718712e8d985,LYG,2011-10-01,,0.0,primary_input_absent [netCashProvidedByOperatingActivities NaN (value=NaN)],nan
stock_CUR6K@718712e8d985,LYG,2012-01-01,1.344,23328864384.0,primary_input_absent [netCashProvidedByOperatingActivities NaN (value=NaN)],nan
stock_CUR6K@718712e8d985,LYG,2012-04-01,1.244,21593085784.0,primary_input_absent [netCashProvidedByOperatingActivities NaN (value=NaN)],nan
stock_CUR6K@718712e8d985,LYG,2012-07-01,1.5988,27751628256.8,primary_input_absent [netCashProvidedByOperatingActivities NaN (value=NaN)],nan
stock_CUR6K@718712e8d985,LYG,2012-10-01,1.9168,36204278800.0,primary_input_absent [netCashProvidedByOperatingActivities NaN (value=NaN)],nan
stock_CUR6K@718712e8d985,LYG,2013-01-01,1.9752,34229318271.600002,primary_input_absent [netCashProvidedByOperatingActivities NaN (value=NaN)],nan
stock_CUR6K@718712e8d985,LYG,2013-04-01,2.5612,44384431934.6,primary_input_absent [netCashProvidedByOperatingActivities NaN (value=NaN)],nan
stock_CUR6K@718712e8d985,LYG,2013-07-01,2.9432,51004318315.6,primary_input_absent [netCashProvidedByOperatingActivities NaN (value=NaN)],nan
stock_CUR6K@718712e8d985,LYG,2013-10-01,3.1552,56295436515.2,primary_input_absent [netCashProvidedByOperatingActivities NaN (value=NaN)],nan
stock_CUR6K@718712e8d985,LYG,2014-01-01,2.986,53561375000.0,primary_input_absent [netCashProvidedByOperatingActivities NaN (value=NaN)],nan
stock_CUR6K@718712e8d985,LYG,2014-04-01,2.97,52680375000.0,primary_input_absent [netCashProvidedByOperatingActivities NaN (value=NaN)],nan
stock_CUR6K@718712e8d985,LYG,2014-07-01,3.0748,55255741059.4,primary_input_absent [netCashProvidedByOperatingActivities NaN (value=NaN)],nan
stock_CUR6K@718712e8d985,LYG,2014-10-01,3.0328,58381400000.0,primary_input_absent [netCashProvidedByOperatingActivities NaN (value=NaN)],nan
stock_CUR6K@718712e8d985,LYG,2015-01-01,3.1312,53099933072.4,primary_input_absent [netCashProvidedByOperatingActivities NaN (value=NaN)],nan
stock_CUR6K@718712e8d985,LYG,2015-04-01,3.4095999999999997,56788035330.399994,primary_input_absent [netCashProvidedByOperatingActivities NaN (value=NaN)],nan
stock_CUR6K@718712e8d985,LYG,2015-07-01,3.0063999999999997,50293462816.799995,primary_input_absent [netCashProvidedByOperatingActivities NaN (value=NaN)],nan
stock_CUR6K@718712e8d985,LYG,2015-10-01,2.9227999999999996,48894935178.59999,primary_input_absent [netCashProvidedByOperatingActivities NaN (value=NaN)],nan
stock_CUR6K@718712e8d985,LYG,2016-01-01,2.7207999999999997,45913499999.99999,primary_input_absent [netCashProvidedByOperatingActivities NaN (value=NaN)],nan
stock_CUR6K@718712e8d985,LYG,2016-04-01,2.1624,36490500000.0,primary_input_absent [netCashProvidedByOperatingActivities NaN (value=NaN)],nan
stock_CUR6K@718712e8d985,LYG,2016-07-01,2.1248111014403235,37839698500.0,primary_input_absent [netCashProvidedByOperatingActivities NaN (value=NaN)],nan
stock_CUR6K@718712e8d985,LYG,2016-10-01,2.5004,44679647600.0,primary_input_absent [netCashProvidedByOperatingActivities NaN (value=NaN)],nan
stock_CUR6K@718712e8d985,LYG,2017-01-01,2.6527999999999996,47402883199.99999,primary_input_absent [netCashProvidedByOperatingActivities NaN (value=NaN)],nan
stock_CUR6K@718712e8d985,LYG,2017-04-01,2.6460000000000004,46139625000.00001,primary_input_absent [netCashProvidedByOperatingActivities NaN (value=NaN)],nan
stock_CUR6K@718712e8d985,LYG,2017-07-01,2.521246946130644,48766223793.3,primary_input_absent [netCashProvidedByOperatingActivities NaN (value=NaN)],nan
stock_CUR6K@718712e8d985,LYG,2017-10-01,2.708,52378421017.0,primary_input_absent [netCashProvidedByOperatingActivities NaN (value=NaN)],nan
stock_CUR6K@718712e8d985,LYG,2018-01-01,2.5864,45520640000.0,primary_input_absent [netCashProvidedByOperatingActivities NaN (value=NaN)],nan
stock_CUR6K@718712e8d985,LYG,2018-04-01,2.522,45550587251.0,primary_input_absent [netCashProvidedByOperatingActivities NaN (value=NaN)],nan
stock_CUR6K@718712e8d985,LYG,2018-07-01,2.3416,46279122482.4,primary_input_absent [netCashProvidedByOperatingActivities NaN (value=NaN)],nan
stock_CUR6K@718712e8d985,LYG,2018-10-01,2.0415753676724915,36890756500.0,primary_input_absent [netCashProvidedByOperatingActivities NaN (value=NaN)],nan
stock_CUR6K@718712e8d985,LYG,2019-01-01,2.516,44575133543.0,primary_input_absent [netCashProvidedByOperatingActivities NaN (value=NaN)],nan
stock_CUR6K@718712e8d985,LYG,2019-04-01,2.2891999999999997,40556993524.09999,primary_input_absent [netCashProvidedByOperatingActivities NaN (value=NaN)],nan
stock_CUR6K@718712e8d985,LYG,2019-07-01,2.1648,37887788400.0,primary_input_absent [netCashProvidedByOperatingActivities NaN (value=NaN)],nan
stock_CUR6K@718712e8d985,LYG,2019-10-01,2.5,41821998750.0,primary_input_absent [netCashProvidedByOperatingActivities NaN (value=NaN)],nan
stock_CUR6K@718712e8d985,LYG,2020-01-01,1.28,22272000000.0,primary_input_absent [netCashProvidedByOperatingActivities NaN (value=NaN)],nan
stock_CUR6K@718712e8d985,LYG,2020-04-01,1.2468000000000001,21694320000.000004,primary_input_absent [netCashProvidedByOperatingActivities NaN (value=NaN)],nan
stock_CUR6K@718712e8d985,LYG,2020-07-01,1.054,17632154673.0,primary_input_absent [netCashProvidedByOperatingActivities NaN (value=NaN)],nan
stock_CUR6K@718712e8d985,LYG,2020-10-01,1.4576,24383898151.2,primary_input_absent [netCashProvidedByOperatingActivities NaN (value=NaN)],nan
stock_CUR6K@718712e8d985,LYG,2021-01-01,1.7012,30169080800.0,primary_input_absent [netCashProvidedByOperatingActivities NaN (value=NaN)],nan
stock_CUR6K@718712e8d985,LYG,2021-04-01,1.8676,31150737851.8,primary_input_absent [netCashProvidedByOperatingActivities NaN (value=NaN)],nan
stock_CUR6K@718712e8d985,LYG,2021-07-01,1.8628,33011222271.9,primary_input_absent [netCashProvidedByOperatingActivities NaN (value=NaN)],nan
stock_CUR6K@718712e8d985,LYG,2021-10-01,1.912,33907886000.0,primary_input_absent [netCashProvidedByOperatingActivities NaN (value=NaN)],nan
stock_CUR6K@718712e8d985,LYG,2022-01-01,1.8824,33950429916.0,primary_input_absent [netCashProvidedByOperatingActivities NaN (value=NaN)],nan
stock_CUR6K@718712e8d985,LYG,2022-04-01,1.6924000000000001,28872827603.300003,primary_input_absent [netCashProvidedByOperatingActivities NaN (value=NaN)],nan
stock_CUR6K@718712e8d985,LYG,2022-07-01,1.6556,27923349600.0,primary_input_absent [netCashProvidedByOperatingActivities NaN (value=NaN)],nan
stock_CUR6K@718712e8d985,LYG,2022-10-01,1.8163999999999998,30403811399.999996,primary_input_absent [netCashProvidedByOperatingActivities NaN (value=NaN)],nan
stock_CUR6K@718712e8d985,LYG,2023-01-01,1.9068,31296389439.0,primary_input_absent [netCashProvidedByOperatingActivities NaN (value=NaN)],nan
stock_CUR6K@718712e8d985,LYG,2023-04-01,1.7436,29118045897.0,primary_input_absent [netCashProvidedByOperatingActivities NaN (value=NaN)],nan
stock_CUR6K@718712e8d985,LYG,2023-07-01,1.7748,27865353888.0,primary_input_absent [netCashProvidedByOperatingActivities NaN (value=NaN)],nan
stock_CUR6K@718712e8d985,LYG,2023-10-01,1.9228,31032915232.0,primary_input_absent [netCashProvidedByOperatingActivities NaN (value=NaN)],nan
stock_CUR6K@718712e8d985,LYG,2024-01-01,2.0784000000000002,33205557600.000004,primary_input_absent [netCashProvidedByOperatingActivities NaN (value=NaN)],nan
stock_CUR6K@718712e8d985,LYG,2024-04-01,2.2248,35045751524.4,primary_input_absent [netCashProvidedByOperatingActivities NaN (value=NaN)],nan
stock_CUR6K@718712e8d985,LYG,2024-07-01,2.352,36114372000.0,primary_input_absent [netCashProvidedByOperatingActivities NaN (value=NaN)],nan
stock_CUR6K@718712e8d985,LYG,2024-10-01,2.1289192988145285,33205999721.400005,primary_input_absent [netCashProvidedByOperatingActivities NaN (value=NaN)],nan
stock_CUR6K@718712e8d985,LYG,2025-01-01,2.8832,43672551200.0,primary_input_absent [netCashProvidedByOperatingActivities NaN (value=NaN)],nan
stock_CUR6K@718712e8d985,LYG,2025-04-01,3.0436578867451187,46103046925.0,primary_input_absent [netCashProvidedByOperatingActivities NaN (value=NaN)],nan
stock_CUR6K@718712e8d985,LYG,2025-07-01,3.3528,50350674000.0,primary_input_absent [netCashProvidedByOperatingActivities NaN (value=NaN)],nan
stock_CUR6K@718712e8d985,LYG,2025-10-01,3.9296,58737696000.0,primary_input_absent [netCashProvidedByOperatingActivities NaN (value=NaN)],nan
stock_CUR6K@718712e8d985,LYG,2026-01-01,3.63250332162569,54296843400.0,primary_input_absent [netCashProvidedByOperatingActivities NaN (value=NaN)],nan
stock_CUR6K@718712e8d985,LYG,2026-04-01,4.370490784412109,65327911000.0,primary_input_absent [netCashProvidedByOperatingActivities NaN (value=NaN)],nan
stock_CUR6K@718712e8d985,MBBAB.ST,2020-10-01,14.6,199437.168,primary_input_absent [netCashProvidedByOperatingActivities NaN (value=NaN)],
stock_CUR6K@718712e8d985,MBBAB.ST,2021-01-01,14.6,199437.168,primary_input_absent [netCashProvidedByOperatingActivities NaN (value=NaN)],
stock_CUR6K@718712e8d985,MBBAB.ST,2021-04-01,,,primary_input_absent [netCashProvidedByOperatingActivities NaN (value=NaN)],bookValuePerShare|earningsYield|marketCap|price
stock_CUR6K@718712e8d985,MBBAB.ST,2021-07-01,,,primary_input_absent [netCashProvidedByOperatingActivities NaN (value=NaN)],bookValuePerShare|earningsYield|marketCap|price
stock_CUR6K@718712e8d985,MBBAB.ST,2021-10-01,,,primary_input_absent [netCashProvidedByOperatingActivities NaN (value=NaN)],bookValuePerShare|earningsYield|marketCap|price
stock_CUR6K@718712e8d985,MBBAB.ST,2022-01-01,14.6,199437.168,primary_input_absent [netCashProvidedByOperatingActivities NaN (value=NaN)],
stock_CUR6K@718712e8d985,MBBAB.ST,2022-04-01,14.6,199437.168,primary_input_absent [netCashProvidedByOperatingActivities NaN (value=NaN)],
stock_CUR6K@718712e8d985,MBBAB.ST,2022-07-01,14.6,149018.4186,primary_input_absent [netCashProvidedByOperatingActivities NaN (value=NaN)],
stock_CUR6K@718712e8d985,MBBAB.ST,2022-10-01,14.6,214905.0942,primary_input_absent [netCashProvidedByOperatingActivities NaN (value=NaN)],
stock_CUR6K@718712e8d985,MBBAB.ST,2023-01-01,14.6,230373.00579999998,primary_input_absent [netCashProvidedByOperatingActivities NaN (value=NaN)],
stock_CUR6K@718712e8d985,MBBAB.ST,2023-04-01,14.599999999999998,302406.5588,primary_input_absent [netCashProvidedByOperatingActivities NaN (value=NaN)],
stock_CUR6K@718712e8d985,MBBAB.ST,2023-07-01,14.599999999999998,302406.5588,primary_input_absent [netCashProvidedByOperatingActivities NaN (value=NaN)],
stock_CUR6K@718712e8d985,MBBAB.ST,2024-01-01,14.6,782732.8202,primary_input_absent [netCashProvidedByOperatingActivities NaN (value=NaN)],
stock_CUR6K@718712e8d985,MBBAB.ST,2024-04-01,14.6,772337.4158000001,primary_input_absent [netCashProvidedByOperatingActivities NaN (value=NaN)],
stock_CUR6K@718712e8d985,MBBAB.ST,2024-07-01,14.6,5998893.2162,primary_input_absent [netCashProvidedByOperatingActivities NaN (value=NaN)],
stock_CUR6K@718712e8d985,MBBAB.ST,2024-10-01,14.6,7307434.115599999,primary_input_absent [netCashProvidedByOperatingActivities NaN (value=NaN)],
stock_CUR6K@718712e8d985,MBBAB.ST,2025-01-01,14.6,7307434.115599999,primary_input_absent [netCashProvidedByOperatingActivities NaN (value=NaN)],
stock_CUR6K@718712e8d985,MBBAB.ST,2025-04-01,33.2,28630467.735200003,primary_input_absent [netCashProvidedByOperatingActivities NaN (value=NaN)],
stock_CUR6K@718712e8d985,MBBAB.ST,2025-07-01,12.6,17908156.2492,primary_input_absent [netCashProvidedByOperatingActivities NaN (value=NaN)],
stock_CUR6K@718712e8d985,MBBAB.ST,2025-10-01,6.6,11264709.6804,primary_input_absent [netCashProvidedByOperatingActivities NaN (value=NaN)],
stock_CUR6K@718712e8d985,MBBAB.ST,2026-01-01,7.6,17661290.4,primary_input_absent [netCashProvidedByOperatingActivities NaN (value=NaN)],
stock_CUR6K@718712e8d985,MINEST.ST,2014-01-01,6.33,117850041.0,primary_input_absent [netCashProvidedByOperatingActivities NaN (value=NaN)],
stock_CUR6K@718712e8d985,MINEST.ST,2014-07-01,6.33,117850041.0,primary_input_absent [netCashProvidedByOperatingActivities NaN (value=NaN)],
stock_CUR6K@718712e8d985,MINEST.ST,2014-10-01,6.33,117850041.0,primary_input_absent [netCashProvidedByOperatingActivities NaN (value=NaN)],
stock_CUR6K@718712e8d985,MINEST.ST,2015-01-01,6.33,201897957.96,primary_input_absent [netCashProvidedByOperatingActivities NaN (value=NaN)],
stock_CUR6K@718712e8d985,MINEST.ST,2015-04-01,6.33,206120985.81,primary_input_absent [netCashProvidedByOperatingActivities NaN (value=NaN)],
stock_CUR6K@718712e8d985,MINEST.ST,2015-07-01,6.33,392513342.91,primary_input_absent [netCashProvidedByOperatingActivities NaN (value=NaN)],
stock_CUR6K@718712e8d985,MINEST.ST,2015-10-01,6.8100000000000005,422277387.87,primary_input_absent [netCashProvidedByOperatingActivities NaN (value=NaN)],
stock_CUR6K@718712e8d985,MINEST.ST,2016-01-01,5.42,346825447.7,primary_input_absent [netCashProvidedByOperatingActivities NaN (value=NaN)],
stock_CUR6K@718712e8d985,MINEST.ST,2016-04-01,5.11,316863061.97,primary_input_absent [netCashProvidedByOperatingActivities NaN (value=NaN)],
stock_CUR6K@718712e8d985,MINEST.ST,2016-07-01,6.37,394993679.99,primary_input_absent [netCashProvidedByOperatingActivities NaN (value=NaN)],
stock_CUR6K@718712e8d985,MINEST.ST,2016-10-01,5.8100000000000005,360268960.87,primary_input_absent [netCashProvidedByOperatingActivities NaN (value=NaN)],
stock_CUR6K@718712e8d985,MINEST.ST,2017-01-01,6.07,404714160.37,primary_input_absent [netCashProvidedByOperatingActivities NaN (value=NaN)],
stock_CUR6K@718712e8d985,MINEST.ST,2017-04-01,5.2,359261770.40000004,primary_input_absent [netCashProvidedByOperatingActivities NaN (value=NaN)],
stock_CUR6K@718712e8d985,MINEST.ST,2017-07-01,5.11,381986297.0,primary_input_absent [netCashProvidedByOperatingActivities NaN (value=NaN)],
stock_CUR6K@718712e8d985,MINEST.ST,2017-10-01,2.65,193858693.6,primary_input_absent [netCashProvidedByOperatingActivities NaN (value=NaN)],
stock_CUR6K@718712e8d985,MINEST.ST,2018-01-01,2.39,199374648.45000002,primary_input_absent [netCashProvidedByOperatingActivities NaN (value=NaN)],
stock_CUR6K@718712e8d985,MINEST.ST,2018-04-01,8.38,758458322.1400001,primary_input_absent [netCashProvidedByOperatingActivities NaN (value=NaN)],
stock_CUR6K@718712e8d985,MINEST.ST,2018-07-01,16.08,1568537219.7599998,primary_input_absent [netCashProvidedByOperatingActivities NaN (value=NaN)],
stock_CUR6K@718712e8d985,MINEST.ST,2018-10-01,8.66,844747035.02,primary_input_absent [netCashProvidedByOperatingActivities NaN (value=NaN)],
stock_CUR6K@718712e8d985,MINEST.ST,2019-01-01,10.25,1232473130.25,primary_input_absent [netCashProvidedByOperatingActivities NaN (value=NaN)],
stock_CUR6K@718712e8d985,MINEST.ST,2019-04-01,21.98,2015688120.88,primary_input_absent [netCashProvidedByOperatingActivities NaN (value=NaN)],
stock_CUR6K@718712e8d985,MINEST.ST,2019-07-01,17.84,2040317627.2,primary_input_absent [netCashProvidedByOperatingActivities NaN (value=NaN)],
stock_CUR6K@718712e8d985,MINEST.ST,2019-10-01,14.7,1348828105.8,primary_input_absent [netCashProvidedByOperatingActivities NaN (value=NaN)],
stock_CUR6K@718712e8d985,MINEST.ST,2020-01-01,10.62,1033990886.3399999,primary_input_absent [netCashProvidedByOperatingActivities NaN (value=NaN)],
stock_CUR6K@718712e8d985,MINEST.ST,2020-04-01,24.27,3768484544.2799997,primary_input_absent [netCashProvidedByOperatingActivities NaN (value=NaN)],
stock_CUR6K@718712e8d985,MINEST.ST,2020-07-01,29.58,3983577083.58,primary_input_absent [netCashProvidedByOperatingActivities NaN (value=NaN)],
stock_CUR6K@718712e8d985,MINEST.ST,2020-10-01,24.47,3269881368.8399997,primary_input_absent [netCashProvidedByOperatingActivities NaN (value=NaN)],
stock_CUR6K@718712e8d985,MINEST.ST,2021-01-01,21.98,2540299155.8,primary_input_absent [netCashProvidedByOperatingActivities NaN (value=NaN)],
stock_CUR6K@718712e8d985,MINEST.ST,2021-04-01,19.44,2690319076.56,primary_input_absent [netCashProvidedByOperatingActivities NaN (value=NaN)],
stock_CUR6K@718712e8d985,MINEST.ST,2021-07-01,18.91,2717764488.2,primary_input_absent [netCashProvidedByOperatingActivities NaN (value=NaN)],
stock_CUR6K@718712e8d985,MINEST.ST,2021-10-01,18.34,2635843506.8,primary_input_absent [netCashProvidedByOperatingActivities NaN (value=NaN)],
stock_CUR6K@718712e8d985,MINEST.ST,2022-01-01,14.3,1713616661.9,primary_input_absent [netCashProvidedByOperatingActivities NaN (value=NaN)],
stock_CUR6K@718712e8d985,MINEST.ST,2022-04-01,13.65,1635724995.45,primary_input_absent [netCashProvidedByOperatingActivities NaN (value=NaN)],
stock_CUR6K@718712e8d985,MINEST.ST,2022-07-01,12.369999999999997,1614659551.2299998,primary_input_absent [netCashProvidedByOperatingActivities NaN (value=NaN)],
stock_CUR6K@718712e8d985,MINEST.ST,2022-10-01,9.5,1365349690.0,primary_input_absent [netCashProvidedByOperatingActivities NaN (value=NaN)],
stock_CUR6K@718712e8d985,MINEST.ST,2023-01-01,4.5,645360534.0,primary_input_absent [netCashProvidedByOperatingActivities NaN (value=NaN)],
stock_CUR6K@718712e8d985,MINEST.ST,2023-04-01,3.78,618298039.8,primary_input_absent [netCashProvidedByOperatingActivities NaN (value=NaN)],
stock_CUR6K@718712e8d985,MINEST.ST,2023-07-01,5.2,1040127930.4,primary_input_absent [netCashProvidedByOperatingActivities NaN (value=NaN)],
stock_CUR6K@718712e8d985,MINEST.ST,2023-10-01,8.07,1320017243.7,primary_input_absent [netCashProvidedByOperatingActivities NaN (value=NaN)],
stock_CUR6K@718712e8d985,MINEST.ST,2024-01-01,2.74,440407581.56000006,primary_input_absent [netCashProvidedByOperatingActivities NaN (value=NaN)],propertyPlantEquipmentNet
stock_CUR6K@718712e8d985,MINEST.ST,2024-04-01,3.7,718229348.0,primary_input_absent [netCashProvidedByOperatingActivities NaN (value=NaN)],
stock_CUR6K@718712e8d985,MINEST.ST,2024-07-01,2.7,524113308.00000006,primary_input_absent [netCashProvidedByOperatingActivities NaN (value=NaN)],
stock_CUR6K@718712e8d985,MINEST.ST,2024-10-01,2.36,458113854.4,primary_input_absent [netCashProvidedByOperatingActivities NaN (value=NaN)],
stock_CUR6K@718712e8d985,MINEST.ST,2025-01-01,1.6900000000000002,305411167.23,primary_input_absent [netCashProvidedByOperatingActivities NaN (value=NaN)],
stock_CUR6K@718712e8d985,MINEST.ST,2025-04-01,4.88,995448781.28,primary_input_absent [netCashProvidedByOperatingActivities NaN (value=NaN)],
stock_CUR6K@718712e8d985,MINEST.ST,2025-07-01,1.88,392869926.2,primary_input_absent [netCashProvidedByOperatingActivities NaN (value=NaN)],
stock_CUR6K@718712e8d985,MINEST.ST,2025-10-01,0.738,159826446.0,primary_input_absent [netCashProvidedByOperatingActivities NaN (value=NaN)],
stock_CUR6K@718712e8d985,MINEST.ST,2026-01-01,0.699,181818016.089,primary_input_absent [netCashProvidedByOperatingActivities NaN (value=NaN)],
stock_CUR6K@718712e8d985,MINEST.ST,2026-04-01,1.4,364156255.4,primary_input_absent [netCashProvidedByOperatingActivities NaN (value=NaN)],
stock_CUR6K@718712e8d985,MLP.DE,2009-10-01,8.06,722176000.0,primary_input_absent [netCashProvidedByOperatingActivities NaN (value=NaN)],nan
stock_CUR6K@718712e8d985,MLP.DE,2010-01-01,7.8,841448400.0,primary_input_absent [netCashProvidedByOperatingActivities NaN (value=NaN)],nan
stock_CUR6K@718712e8d985,MLP.DE,2010-04-01,7.31,788588180.0,primary_input_absent [netCashProvidedByOperatingActivities NaN (value=NaN)],nan
stock_CUR6K@718712e8d985,MLP.DE,2010-07-01,7.48,806927440.0,primary_input_absent [netCashProvidedByOperatingActivities NaN (value=NaN)],nan
stock_CUR6K@718712e8d985,MLP.DE,2010-10-01,7.6,820549200.0,primary_input_absent [netCashProvidedByOperatingActivities NaN (value=NaN)],nan
stock_CUR6K@718712e8d985,MLP.DE,2011-01-01,6.53,704443340.0,primary_input_absent [netCashProvidedByOperatingActivities NaN (value=NaN)],nan
stock_CUR6K@718712e8d985,MLP.DE,2011-04-01,7.07,762697460.0,primary_input_absent [netCashProvidedByOperatingActivities NaN (value=NaN)],nan
stock_CUR6K@718712e8d985,MLP.DE,2011-07-01,4.79,516735620.0,primary_input_absent [netCashProvidedByOperatingActivities NaN (value=NaN)],nan
stock_CUR6K@718712e8d985,MLP.DE,2011-10-01,5.12,552335360.0,primary_input_absent [netCashProvidedByOperatingActivities NaN (value=NaN)],nan
stock_CUR6K@718712e8d985,MLP.DE,2012-01-01,6.66,700338960.0,primary_input_absent [netCashProvidedByOperatingActivities NaN (value=NaN)],nan
stock_CUR6K@718712e8d985,MLP.DE,2012-04-01,5.03,451191000.0,primary_input_absent [netCashProvidedByOperatingActivities NaN (value=NaN)],nan
stock_CUR6K@718712e8d985,MLP.DE,2012-07-01,5.0,524815000.0,primary_input_absent [netCashProvidedByOperatingActivities NaN (value=NaN)],nan
stock_CUR6K@718712e8d985,MLP.DE,2012-10-01,5.23,557324490.0,primary_input_absent [netCashProvidedByOperatingActivities NaN (value=NaN)],nan
stock_CUR6K@718712e8d985,MLP.DE,2013-01-01,5.4,567540000.0,primary_input_absent [netCashProvidedByOperatingActivities NaN (value=NaN)],nan
stock_CUR6K@718712e8d985,MLP.DE,2013-04-01,4.5,473967000.0,primary_input_absent [netCashProvidedByOperatingActivities NaN (value=NaN)],nan
stock_CUR6K@718712e8d985,MLP.DE,2013-07-01,4.73,498731200.00000006,primary_input_absent [netCashProvidedByOperatingActivities NaN (value=NaN)],nan
stock_CUR6K@718712e8d985,MLP.DE,2013-10-01,5.21,600942240.0,primary_input_absent [netCashProvidedByOperatingActivities NaN (value=NaN)],nan
stock_CUR6K@718712e8d985,MLP.DE,2014-01-01,4.82,641060000.0,primary_input_absent [netCashProvidedByOperatingActivities NaN (value=NaN)],nan
stock_CUR6K@718712e8d985,MLP.DE,2014-04-01,4.92,561864000.0,primary_input_absent [netCashProvidedByOperatingActivities NaN (value=NaN)],nan
stock_CUR6K@718712e8d985,MLP.DE,2014-07-01,4.42,499163860.0,primary_input_absent [netCashProvidedByOperatingActivities NaN (value=NaN)],nan
stock_CUR6K@718712e8d985,MLP.DE,2014-10-01,3.71,400227380.0,primary_input_absent [netCashProvidedByOperatingActivities NaN (value=NaN)],nan
stock_CUR6K@718712e8d985,MLP.DE,2015-01-01,3.88,405770400.0,primary_input_absent [netCashProvidedByOperatingActivities NaN (value=NaN)],nan
stock_CUR6K@718712e8d985,MLP.DE,2015-04-01,3.76,498576000.0,primary_input_absent [netCashProvidedByOperatingActivities NaN (value=NaN)],nan
stock_CUR6K@718712e8d985,MLP.DE,2015-07-01,3.97,384296000.0,primary_input_absent [netCashProvidedByOperatingActivities NaN (value=NaN)],nan
stock_CUR6K@718712e8d985,MLP.DE,2015-10-01,3.67,393912110.0,primary_input_absent [netCashProvidedByOperatingActivities NaN (value=NaN)],nan
stock_CUR6K@718712e8d985,MLP.DE,2016-01-01,2.84,291526000.0,primary_input_absent [netCashProvidedByOperatingActivities NaN (value=NaN)],nan
stock_CUR6K@718712e8d985,MLP.DE,2016-04-01,3.21,350965350.0,primary_input_absent [netCashProvidedByOperatingActivities NaN (value=NaN)],nan
stock_CUR6K@718712e8d985,MLP.DE,2016-07-01,3.75,370968750.0,primary_input_absent [netCashProvidedByOperatingActivities NaN (value=NaN)],nan
stock_CUR6K@718712e8d985,MLP.DE,2016-10-01,4.18,497165019.99999994,primary_input_absent [netCashProvidedByOperatingActivities NaN (value=NaN)],nan
stock_CUR6K@718712e8d985,MLP.DE,2017-01-01,5.42,580281460.0,primary_input_absent [netCashProvidedByOperatingActivities NaN (value=NaN)],nan
stock_CUR6K@718712e8d985,MLP.DE,2017-04-01,5.84,576408000.0,primary_input_absent [netCashProvidedByOperatingActivities NaN (value=NaN)],nan
stock_CUR6K@718712e8d985,MLP.DE,2017-07-01,5.83,637411390.0,primary_input_absent [netCashProvidedByOperatingActivities NaN (value=NaN)],nan
stock_CUR6K@718712e8d985,MLP.DE,2017-10-01,5.63,615584200.0,primary_input_absent [netCashProvidedByOperatingActivities NaN (value=NaN)],nan
stock_CUR6K@718712e8d985,MLP.DE,2018-01-01,4.93,510200770.0,primary_input_absent [netCashProvidedByOperatingActivities NaN (value=NaN)],nan
stock_CUR6K@718712e8d985,MLP.DE,2018-04-01,5.33,580138520.0,primary_input_absent [netCashProvidedByOperatingActivities NaN (value=NaN)],nan
stock_CUR6K@718712e8d985,MLP.DE,2018-07-01,5.5,599659500.0,primary_input_absent [netCashProvidedByOperatingActivities NaN (value=NaN)],nan
stock_CUR6K@718712e8d985,MLP.DE,2018-10-01,4.35,475611599.99999994,primary_input_absent [netCashProvidedByOperatingActivities NaN (value=NaN)],nan
stock_CUR6K@718712e8d985,MLP.DE,2019-01-01,4.44,507492000.00000006,primary_input_absent [netCashProvidedByOperatingActivities NaN (value=NaN)],nan
stock_CUR6K@718712e8d985,MLP.DE,2019-04-01,4.2,459202800.0,primary_input_absent [netCashProvidedByOperatingActivities NaN (value=NaN)],nan
stock_CUR6K@718712e8d985,MLP.DE,2019-07-01,4.75,518723750.0,primary_input_absent [netCashProvidedByOperatingActivities NaN (value=NaN)],nan
stock_CUR6K@718712e8d985,MLP.DE,2019-10-01,5.6,606928000.0,primary_input_absent [netCashProvidedByOperatingActivities NaN (value=NaN)],nan
stock_CUR6K@718712e8d985,MLP.DE,2020-01-01,4.65,515796600.00000006,primary_input_absent [netCashProvidedByOperatingActivities NaN (value=NaN)],nan
stock_CUR6K@718712e8d985,MLP.DE,2020-04-01,5.46,634779600.0,primary_input_absent [netCashProvidedByOperatingActivities NaN (value=NaN)],nan
stock_CUR6K@718712e8d985,MLP.DE,2020-07-01,5.75,588570000.0,primary_input_absent [netCashProvidedByOperatingActivities NaN (value=NaN)],nan
stock_CUR6K@718712e8d985,MLP.DE,2020-10-01,5.4,572194800.0,primary_input_absent [netCashProvidedByOperatingActivities NaN (value=NaN)],nan
stock_CUR6K@718712e8d985,MLP.DE,2021-01-01,7.03,744617600.0,primary_input_absent [netCashProvidedByOperatingActivities NaN (value=NaN)],nan
stock_CUR6K@718712e8d985,MLP.DE,2021-04-01,6.97,751505400.0,primary_input_absent [netCashProvidedByOperatingActivities NaN (value=NaN)],nan
stock_CUR6K@718712e8d985,MLP.DE,2021-07-01,7.16,802156280.0,primary_input_absent [netCashProvidedByOperatingActivities NaN (value=NaN)],nan
stock_CUR6K@718712e8d985,MLP.DE,2021-10-01,8.57,964322110.0,primary_input_absent [netCashProvidedByOperatingActivities NaN (value=NaN)],nan
stock_CUR6K@718712e8d985,MLP.DE,2022-01-01,7.25,779752000.0,primary_input_absent [netCashProvidedByOperatingActivities NaN (value=NaN)],nan
stock_CUR6K@718712e8d985,MLP.DE,2022-04-01,5.72,610438400.0,primary_input_absent [netCashProvidedByOperatingActivities NaN (value=NaN)],nan
stock_CUR6K@718712e8d985,MLP.DE,2022-07-01,5.2,578630000.0,primary_input_absent [netCashProvidedByOperatingActivities NaN (value=NaN)],nan
stock_CUR6K@718712e8d985,MLP.DE,2022-10-01,5.14,561323980.0,primary_input_absent [netCashProvidedByOperatingActivities NaN (value=NaN)],nan
stock_CUR6K@718712e8d985,MLP.DE,2023-01-01,4.88,521403600.0,primary_input_absent [netCashProvidedByOperatingActivities NaN (value=NaN)],nan
stock_CUR6K@718712e8d985,MLP.DE,2023-04-01,5.7,622935900.0,primary_input_absent [netCashProvidedByOperatingActivities NaN (value=NaN)],nan
stock_CUR6K@718712e8d985,MLP.DE,2023-07-01,4.82,526768160.00000006,primary_input_absent [netCashProvidedByOperatingActivities NaN (value=NaN)],nan
stock_CUR6K@718712e8d985,MLP.DE,2023-10-01,5.54,605699280.0,primary_input_absent [netCashProvidedByOperatingActivities NaN (value=NaN)],nan
stock_CUR6K@718712e8d985,MLP.DE,2024-01-01,5.59,610517440.0,primary_input_absent [netCashProvidedByOperatingActivities NaN (value=NaN)],nan
stock_CUR6K@718712e8d985,MLP.DE,2024-04-01,5.85,638860950.0,primary_input_absent [netCashProvidedByOperatingActivities NaN (value=NaN)],nan
stock_CUR6K@718712e8d985,MLP.DE,2024-07-01,5.8,633348400.0,primary_input_absent [netCashProvidedByOperatingActivities NaN (value=NaN)],nan
stock_CUR6K@718712e8d985,MLP.DE,2024-10-01,6.13,669353090.0,primary_input_absent [netCashProvidedByOperatingActivities NaN (value=NaN)],nan
stock_CUR6K@718712e8d985,MLP.DE,2025-01-01,7.58,827970980.0,primary_input_absent [netCashProvidedByOperatingActivities NaN (value=NaN)],nan
stock_CUR6K@718712e8d985,MLP.DE,2025-04-01,8.43,920715234.27,primary_input_absent [netCashProvidedByOperatingActivities NaN (value=NaN)],nan
stock_CUR6K@718712e8d985,MLP.DE,2025-07-01,7.44,812500459.44,primary_input_absent [netCashProvidedByOperatingActivities NaN (value=NaN)],nan
stock_CUR6K@718712e8d985,MLP.DE,2025-10-01,6.92,752757600.0,primary_input_absent [netCashProvidedByOperatingActivities NaN (value=NaN)],nan
stock_CUR6K@718712e8d985,MLP.DE,2026-01-01,6.98,761607504.5400001,primary_input_absent [netCashProvidedByOperatingActivities NaN (value=NaN)],nan
stock_CUR6K@718712e8d985,MLP.DE,2026-04-01,7.3100000000000005,797411576.61,primary_input_absent [netCashProvidedByOperatingActivities NaN (value=NaN)],nan
stock_CUR6K@718712e8d985,NAXS.ST,2008-10-01,20.4,306000000.0,primary_input_absent [revenue impossible: < 0 (value=-2.938e+06)],
stock_CUR6K@718712e8d985,NAXS.ST,2009-01-01,20.4,306000000.0,primary_input_absent [revenue impossible: < 0 (value=-2.938e+06)],
stock_CUR6K@718712e8d985,NAXS.ST,2009-04-01,26.8,402000000.0,primary_input_absent [revenue impossible: < 0 (value=-2.938e+06)],
stock_CUR6K@718712e8d985,NAXS.ST,2009-07-01,27.0,405000000.0,primary_input_absent [revenue impossible: < 0 (value=-2.938e+06)],
stock_CUR6K@718712e8d985,NAXS.ST,2009-10-01,24.9,373500000.0,primary_input_absent [revenue impossible: < 0 (value=-2.938e+06)],
stock_CUR6K@718712e8d985,NAXS.ST,2010-01-01,32.7,490500000.00000006,primary_input_absent [revenue impossible: < 0 (value=-2.938e+06)],
stock_CUR6K@718712e8d985,NAXS.ST,2010-04-01,34.2,513000000.00000006,primary_input_absent [revenue impossible: < 0 (value=-2.938e+06)],
stock_CUR6K@718712e8d985,NAXS.ST,2010-07-01,31.7,475500000.0,primary_input_absent [revenue impossible: < 0 (value=-2.938e+06)],
stock_CUR6K@718712e8d985,NAXS.ST,2010-10-01,33.0,495000000.0,primary_input_absent [revenue impossible: < 0 (value=-2.938e+06)],
stock_CUR6K@718712e8d985,NAXS.ST,2011-01-01,32.5,487500000.0,primary_input_absent [revenue impossible: < 0 (value=-2.938e+06)],
stock_CUR6K@718712e8d985,NAXS.ST,2011-04-01,30.6,459000000.0,primary_input_absent [revenue impossible: < 0 (value=-2.938e+06)],
stock_CUR6K@718712e8d985,NAXS.ST,2011-07-01,22.0,329934000.0,primary_input_absent [revenue impossible: < 0 (value=-2.938e+06)],
stock_CUR6K@718712e8d985,NAXS.ST,2011-10-01,23.8,356690600.0,primary_input_absent [revenue impossible: < 0 (value=-2.938e+06)],
stock_CUR6K@718712e8d985,NAXS.ST,2012-01-01,26.5,396148500.0,primary_input_absent [revenue impossible: < 0 (value=-2.938e+06)],
stock_CUR6K@718712e8d985,NAXS.ST,2012-04-01,31.0,463419000.0,primary_input_absent [revenue impossible: < 0 (value=-2.938e+06)],
stock_CUR6K@718712e8d985,NAXS.ST,2012-07-01,32.0,478208000.0,primary_input_absent [revenue impossible: < 0 (value=-2.938e+06)],
stock_CUR6K@718712e8d985,NAXS.ST,2012-10-01,29.2,435985200.0,primary_input_absent [revenue impossible: < 0 (value=-2.938e+06)],
stock_CUR6K@718712e8d985,NAXS.ST,2013-01-01,31.9,476873100.0,primary_input_absent [revenue impossible: < 0 (value=-2.938e+06)],
stock_CUR6K@718712e8d985,NAXS.ST,2013-04-01,38.0,566010000.0,primary_input_absent [revenue impossible: < 0 (value=-2.938e+06)],
stock_CUR6K@718712e8d985,NAXS.ST,2013-07-01,38.0,565896000.0,primary_input_absent [revenue impossible: < 0 (value=-2.938e+06)],
stock_CUR6K@718712e8d985,NAXS.ST,2013-10-01,38.8,577615600.0,primary_input_absent [revenue impossible: < 0 (value=-2.938e+06)],
stock_CUR6K@718712e8d985,NAXS.ST,2014-01-01,42.5,632570000.0,primary_input_absent [revenue impossible: < 0 (value=-2.938e+06)],
stock_CUR6K@718712e8d985,NAXS.ST,2014-04-01,47.1,700706700.0,primary_input_absent [revenue impossible: < 0 (value=-2.938e+06)],
stock_CUR6K@718712e8d985,NAXS.ST,2014-07-01,45.0,669240000.0,primary_input_absent [revenue impossible: < 0 (value=-2.938e+06)],
stock_CUR6K@718712e8d985,NAXS.ST,2014-10-01,49.9,741963100.0,primary_input_absent [revenue impossible: < 0 (value=-2.938e+06)],
stock_CUR6K@718712e8d985,NAXS.ST,2015-01-01,59.5,884765000.0,primary_input_absent [revenue impossible: < 0 (value=-2.938e+06)],
stock_CUR6K@718712e8d985,NAXS.ST,2015-04-01,49.5,736065000.0,primary_input_absent [revenue impossible: < 0 (value=-2.938e+06)],
stock_CUR6K@718712e8d985,NAXS.ST,2015-07-01,54.0,802980000.0,primary_input_absent [revenue impossible: < 0 (value=-2.938e+06)],
stock_CUR6K@718712e8d985,NAXS.ST,2015-10-01,54.0,802980000.0,primary_input_absent [revenue impossible: < 0 (value=-2.938e+06)],
stock_CUR6K@718712e8d985,NAXS.ST,2016-01-01,49.8,740526000.0,primary_input_absent [revenue impossible: < 0 (value=-2.938e+06)],
stock_CUR6K@718712e8d985,NAXS.ST,2016-04-01,48.1,715247000.0,primary_input_absent [revenue impossible: < 0 (value=-2.938e+06)],
stock_CUR6K@718712e8d985,NAXS.ST,2016-07-01,47.7,709299000.0,primary_input_absent [revenue impossible: < 0 (value=-2.938e+06)],
stock_CUR6K@718712e8d985,NAXS.ST,2016-10-01,49.4,733985200.0,primary_input_absent [revenue impossible: < 0 (value=-2.938e+06)],
stock_CUR6K@718712e8d985,NAXS.ST,2017-01-01,49.8,719958600.0,primary_input_absent [revenue impossible: < 0 (value=-2.938e+06)],
stock_CUR6K@718712e8d985,NAXS.ST,2017-04-01,49.5,715621500.0,primary_input_absent [revenue impossible: < 0 (value=-2.938e+06)],
stock_CUR6K@718712e8d985,NAXS.ST,2017-07-01,50.0,692650000.0,primary_input_absent [revenue impossible: < 0 (value=-2.938e+06)],
stock_CUR6K@718712e8d985,NAXS.ST,2017-10-01,50.8,692759600.0,primary_input_absent [revenue impossible: < 0 (value=-2.938e+06)],
stock_CUR6K@718712e8d985,NAXS.ST,2018-01-01,50.4,685792800.0,primary_input_absent [revenue impossible: < 0 (value=-2.938e+06)],
stock_CUR6K@718712e8d985,NAXS.ST,2018-04-01,50.4,662911200.0,primary_input_absent [revenue impossible: < 0 (value=-2.938e+06)],
stock_CUR6K@718712e8d985,NAXS.ST,2018-07-01,50.4,621129600.0,primary_input_absent [revenue impossible: < 0 (value=-2.938e+06)],
stock_CUR6K@718712e8d985,NAXS.ST,2018-10-01,47.9,570776400.0,primary_input_absent [revenue impossible: < 0 (value=-2.938e+06)],totalCurrentLiabilities
stock_CUR6K@718712e8d985,NAXS.ST,2019-01-01,49.9,594408800.0,primary_input_absent [revenue impossible: < 0 (value=-2.938e+06)],
stock_CUR6K@718712e8d985,NAXS.ST,2019-04-01,48.8,563152000.0,primary_input_absent [revenue impossible: < 0 (value=-2.938e+06)],
stock_CUR6K@718712e8d985,NAXS.ST,2019-07-01,46.9,523919900.0,primary_input_absent [revenue impossible: < 0 (value=-2.938e+06)],
stock_CUR6K@718712e8d985,NAXS.ST,2019-10-01,49.3,550286600.0,primary_input_absent [revenue impossible: < 0 (value=-2.938e+06)],
stock_CUR6K@718712e8d985,NAXS.ST,2020-01-01,44.5,496308500.0,primary_input_absent [revenue impossible: < 0 (value=-2.938e+06)],
stock_CUR6K@718712e8d985,NAXS.ST,2020-04-01,47.6,530882800.0,primary_input_absent [revenue impossible: < 0 (value=-2.938e+06)],
stock_CUR6K@718712e8d985,NAXS.ST,2020-07-01,46.0,513038000.0,primary_input_absent [revenue impossible: < 0 (value=-2.938e+06)],
stock_CUR6K@718712e8d985,NAXS.ST,2020-10-01,49.9,556434900.0,primary_input_absent [revenue impossible: < 0 (value=-2.938e+06)],
stock_CUR6K@718712e8d985,NAXS.ST,2021-01-01,50.8,566572400.0,primary_input_absent [revenue impossible: < 0 (value=-2.938e+06)],
stock_CUR6K@718712e8d985,NAXS.ST,2021-04-01,55.2,615645600.0,primary_input_absent [revenue impossible: < 0 (value=-2.938e+06)],
stock_CUR6K@718712e8d985,NAXS.ST,2021-07-01,56.8,633490400.0,primary_input_absent [revenue impossible: < 0 (value=-2.938e+06)],
stock_CUR6K@718712e8d985,NAXS.ST,2021-10-01,64.8,722196000.0,primary_input_absent [revenue impossible: < 0 (value=-2.938e+06)],
stock_CUR6K@718712e8d985,NAXS.ST,2022-01-01,65.0,724945000.0,primary_input_absent [revenue impossible: < 0 (value=-2.938e+06)],
stock_CUR6K@718712e8d985,NAXS.ST,2022-04-01,56.2,624663000.0,primary_input_absent [revenue impossible: < 0 (value=-2.938e+06)],
stock_CUR6K@718712e8d985,NAXS.ST,2022-07-01,58.1,643631800.0,primary_input_absent [revenue impossible: < 0 (value=-2.938e+06)],
stock_CUR6K@718712e8d985,NAXS.ST,2022-10-01,59.8,662464400.0,primary_input_absent [revenue impossible: < 0 (value=-2.938e+06)],
stock_CUR6K@718712e8d985,NAXS.ST,2023-01-01,70.2,777675600.0,primary_input_absent [revenue impossible: < 0 (value=-2.938e+06)],
stock_CUR6K@718712e8d985,NAXS.ST,2023-04-01,68.8,762166400.0,primary_input_absent [revenue impossible: < 0 (value=-2.938e+06)],
stock_CUR6K@718712e8d985,NAXS.ST,2023-07-01,68.4,757735200.0000001,primary_input_absent [revenue impossible: < 0 (value=-2.938e+06)],
stock_CUR6K@718712e8d985,NAXS.ST,2023-10-01,71.4,790969200.0000001,primary_input_absent [revenue impossible: < 0 (value=-2.938e+06)],
stock_CUR6K@718712e8d985,NAXS.ST,2024-01-01,70.6,782106799.9999999,primary_input_absent [revenue impossible: < 0 (value=-2.938e+06)],
stock_CUR6K@718712e8d985,NAXS.ST,2024-04-01,62.8,695698400.0,primary_input_absent [revenue impossible: < 0 (value=-2.938e+06)],
stock_CUR6K@718712e8d985,NAXS.ST,2024-07-01,58.8,651386400.0,primary_input_absent [revenue impossible: < 0 (value=-2.938e+06)],
stock_CUR6K@718712e8d985,NAXS.ST,2024-10-01,50.6,560546800.0,primary_input_absent [revenue impossible: < 0 (value=-2.938e+06)],
stock_CUR6K@718712e8d985,NAXS.ST,2025-01-01,56.0,620368000.0,primary_input_absent [revenue impossible: < 0 (value=-2.938e+06)],
stock_CUR6K@718712e8d985,NAXS.ST,2025-04-01,54.6,604858800.0,primary_input_absent [revenue impossible: < 0 (value=-2.938e+06)],
stock_CUR6K@718712e8d985,NAXS.ST,2025-07-01,44.3,490755399.99999994,primary_input_absent [revenue impossible: < 0 (value=-2.938e+06)],
stock_CUR6K@718712e8d985,NAXS.ST,2025-10-01,37.5,414525000.0,primary_input_absent [revenue impossible: < 0 (value=-2.938e+06)],
stock_CUR6K@718712e8d985,NAXS.ST,2026-01-01,36.3,399082199.99999994,primary_input_absent [revenue impossible: < 0 (value=-2.938e+06)],
stock_CUR6K@718712e8d985,NEDSE.AS,2020-04-01,0.129,5237400.0,primary_input_absent [netCashProvidedByOperatingActivities NaN (value=NaN)],nan
stock_CUR6K@718712e8d985,NEDSE.AS,2020-10-01,0.145,11890000.0,primary_input_absent [netCashProvidedByOperatingActivities NaN (value=NaN)],nan
stock_CUR6K@718712e8d985,NEDSE.AS,2021-04-01,0.164,6658400.0,primary_input_absent [netCashProvidedByOperatingActivities NaN (value=NaN)],nan
stock_CUR6K@718712e8d985,NEDSE.AS,2021-10-01,0.183,18300000.0,primary_input_absent [netCashProvidedByOperatingActivities NaN (value=NaN)],nan
stock_CUR6K@718712e8d985,NEDSE.AS,2022-04-01,0.138,13800000.000000002,primary_input_absent [netCashProvidedByOperatingActivities NaN (value=NaN)],nan
stock_CUR6K@718712e8d985,NEDSE.AS,2022-10-01,0.131,13100000.0,primary_input_absent [netCashProvidedByOperatingActivities NaN (value=NaN)],nan
stock_CUR6K@718712e8d985,NEDSE.AS,2023-04-01,0.122,12200000.0,primary_input_absent [netCashProvidedByOperatingActivities NaN (value=NaN)],nan
stock_CUR6K@718712e8d985,NEDSE.AS,2023-10-01,0.099,9900000.0,primary_input_absent [netCashProvidedByOperatingActivities NaN (value=NaN)],nan
stock_CUR6K@718712e8d985,NEDSE.AS,2024-04-01,0.08,8000000.0,primary_input_absent [netCashProvidedByOperatingActivities NaN (value=NaN)],nan
stock_CUR6K@718712e8d985,NEDSE.AS,2024-10-01,0.0675,6749999.9325,primary_input_absent [netCashProvidedByOperatingActivities NaN (value=NaN)],nan
stock_CUR6K@718712e8d985,NEDSE.AS,2025-04-01,0.077,4258100.0,primary_input_absent [netCashProvidedByOperatingActivities NaN (value=NaN)],nan
stock_CUR6K@718712e8d985,NEDSE.AS,2025-10-01,0.17,17000000.0,primary_input_absent [netCashProvidedByOperatingActivities NaN (value=NaN)],nan
stock_CUR6K@718712e8d985,NEDSE.AS,2026-04-01,0.073,7300000.0,primary_input_absent [netCashProvidedByOperatingActivities NaN (value=NaN)],nan
stock_CUR6K@718712e8d985,NEOLA.ST,2021-07-01,2.68,28494797.16,primary_input_absent [netCashProvidedByOperatingActivities NaN (value=NaN)],nan
stock_CUR6K@718712e8d985,NEOLA.ST,2021-10-01,2.58,46942713.0,primary_input_absent [netCashProvidedByOperatingActivities NaN (value=NaN)],nan
stock_CUR6K@718712e8d985,NEOLA.ST,2022-01-01,2.41,51248107.75,primary_input_absent [netCashProvidedByOperatingActivities NaN (value=NaN)],nan
stock_CUR6K@718712e8d985,NEOLA.ST,2022-04-01,2.13,45293970.75,primary_input_absent [netCashProvidedByOperatingActivities NaN (value=NaN)],nan
stock_CUR6K@718712e8d985,NEOLA.ST,2022-07-01,1.26,26522974.8,primary_input_absent [netCashProvidedByOperatingActivities NaN (value=NaN)],nan
stock_CUR6K@718712e8d985,NEOLA.ST,2022-10-01,1.35,54905438.25,primary_input_absent [netCashProvidedByOperatingActivities NaN (value=NaN)],nan
stock_CUR6K@718712e8d985,NEOLA.ST,2023-01-01,1.88,104690251.52,primary_input_absent [netCashProvidedByOperatingActivities NaN (value=NaN)],nan
stock_CUR6K@718712e8d985,NEOLA.ST,2023-04-01,1.82,101349073.28,primary_input_absent [netCashProvidedByOperatingActivities NaN (value=NaN)],nan
stock_CUR6K@718712e8d985,NEOLA.ST,2023-07-01,1.24,69051016.96,primary_input_absent [netCashProvidedByOperatingActivities NaN (value=NaN)],nan
stock_CUR6K@718712e8d985,NEOLA.ST,2023-10-01,2.05,114801510.85,primary_input_absent [netCashProvidedByOperatingActivities NaN (value=NaN)],nan
stock_CUR6K@718712e8d985,NEOLA.ST,2024-01-01,1.9499999999999997,136792956.29999998,primary_input_absent [netCashProvidedByOperatingActivities NaN (value=NaN)],nan
stock_CUR6K@718712e8d985,NEOLA.ST,2024-04-01,2.22,155733519.48000002,primary_input_absent [netCashProvidedByOperatingActivities NaN (value=NaN)],nan
stock_CUR6K@718712e8d985,NEOLA.ST,2024-07-01,2.92,204838683.28,primary_input_absent [netCashProvidedByOperatingActivities NaN (value=NaN)],nan
stock_CUR6K@718712e8d985,NEOLA.ST,2024-10-01,2.02,141703472.68,primary_input_absent [netCashProvidedByOperatingActivities NaN (value=NaN)],nan
stock_CUR6K@718712e8d985,NEOLA.ST,2025-01-01,2.7,192681630.9,primary_input_absent [netCashProvidedByOperatingActivities NaN (value=NaN)],nan
stock_CUR6K@718712e8d985,NEOLA.ST,2025-04-01,2.4,187080561.6,primary_input_absent [netCashProvidedByOperatingActivities NaN (value=NaN)],nan
stock_CUR6K@718712e8d985,NEOLA.ST,2025-07-01,2.14,166813500.76000002,primary_input_absent [netCashProvidedByOperatingActivities NaN (value=NaN)],nan
stock_CUR6K@718712e8d985,NEOLA.ST,2025-10-01,1.06,82627248.04,primary_input_absent [netCashProvidedByOperatingActivities NaN (value=NaN)],nan
stock_CUR6K@718712e8d985,NEOLA.ST,2026-01-01,0.724,56435969.416,primary_input_absent [netCashProvidedByOperatingActivities NaN (value=NaN)],nan
stock_CUR6K@718712e8d985,NEOLA.ST,2026-04-01,0.875,68206454.75,primary_input_absent [netCashProvidedByOperatingActivities NaN (value=NaN)],nan
stock_CUR6K@718712e8d985,NOFIN.OL,2018-04-01,6.344679351389999,21921914.031145427,primary_input_absent [netCashProvidedByOperatingActivities NaN (value=NaN)],nan
stock_CUR6K@718712e8d985,NOFIN.OL,2018-07-01,5.3557066577,19938588.933338284,primary_input_absent [netCashProvidedByOperatingActivities NaN (value=NaN)],nan
stock_CUR6K@718712e8d985,NOFIN.OL,2018-10-01,5.45854224968,20240389.291200683,primary_input_absent [netCashProvidedByOperatingActivities NaN (value=NaN)],nan
stock_CUR6K@718712e8d985,NOFIN.OL,2019-01-01,4.69447210386,17407201.14502706,primary_input_absent [netCashProvidedByOperatingActivities NaN (value=NaN)],nan
stock_CUR6K@718712e8d985,NOFIN.OL,2019-04-01,3.50812,13071255.12,primary_input_absent [netCashProvidedByOperatingActivities NaN (value=NaN)],nan
stock_CUR6K@718712e8d985,NOFIN.OL,2019-07-01,2.9462224,10977624.6624,primary_input_absent [netCashProvidedByOperatingActivities NaN (value=NaN)],nan
stock_CUR6K@718712e8d985,NOFIN.OL,2019-10-01,3.2228796,12017083.4840484,primary_input_absent [netCashProvidedByOperatingActivities NaN (value=NaN)],nan
stock_CUR6K@718712e8d985,NOFIN.OL,2020-01-01,1.139831,4250063.913249,primary_input_absent [netCashProvidedByOperatingActivities NaN (value=NaN)],nan
stock_CUR6K@718712e8d985,NOFIN.OL,2020-04-01,1.9476197369600001,7262048.813188276,primary_input_absent [netCashProvidedByOperatingActivities NaN (value=NaN)],nan
stock_CUR6K@718712e8d985,NOFIN.OL,2020-07-01,1.4307839352,5334934.012717601,primary_input_absent [netCashProvidedByOperatingActivities NaN (value=NaN)],nan
stock_CUR6K@718712e8d985,NOFIN.OL,2020-10-01,1.4871146947400002,5544973.332868449,primary_input_absent [netCashProvidedByOperatingActivities NaN (value=NaN)],nan
stock_CUR6K@718712e8d985,NOFIN.OL,2021-01-01,2.38761390035,8902645.810343137,primary_input_absent [netCashProvidedByOperatingActivities NaN (value=NaN)],nan
stock_CUR6K@718712e8d985,NOFIN.OL,2021-04-01,2.5500972979300003,9508494.242748335,primary_input_absent [netCashProvidedByOperatingActivities NaN (value=NaN)],nan
stock_CUR6K@718712e8d985,NOFIN.OL,2021-07-01,2.3594688,8797701.7657152,primary_input_absent [netCashProvidedByOperatingActivities NaN (value=NaN)],nan
stock_CUR6K@718712e8d985,NOFIN.OL,2021-10-01,2.2966272996800003,10383848.951526271,primary_input_absent [netCashProvidedByOperatingActivities NaN (value=NaN)],nan
stock_CUR6K@718712e8d985,NOFIN.OL,2022-01-01,1.5429,6975986.2863,primary_input_absent [netCashProvidedByOperatingActivities NaN (value=NaN)],nan
stock_CUR6K@718712e8d985,NOFIN.OL,2022-04-01,0.24331433999999993,1100108.5612159797,primary_input_absent [netCashProvidedByOperatingActivities NaN (value=NaN)],nan
stock_CUR6K@718712e8d985,NOFIN.OL,2022-07-01,0.10577600999999999,514275.87362732994,primary_input_absent [netCashProvidedByOperatingActivities NaN (value=NaN)],nan
stock_CUR6K@718712e8d985,NOFIN.OL,2022-10-01,0.11170609999999997,543107.5738912999,primary_input_absent [netCashProvidedByOperatingActivities NaN (value=NaN)],nan
stock_CUR6K@718712e8d985,NOFIN.OL,2023-01-01,0.074781485,363582.56971050496,primary_input_absent [netCashProvidedByOperatingActivities NaN (value=NaN)],nan
stock_CUR6K@718712e8d985,NOFIN.OL,2023-04-01,0.1850793,899843.1562869,primary_input_absent [netCashProvidedByOperatingActivities NaN (value=NaN)],nan
stock_CUR6K@718712e8d985,NOFIN.OL,2023-07-01,0.8296065,4033491.2193645,primary_input_absent [netCashProvidedByOperatingActivities NaN (value=NaN)],nan
stock_CUR6K@718712e8d985,NOFIN.OL,2023-10-01,1.0123648,9844100.670681601,primary_input_absent [netCashProvidedByOperatingActivities NaN (value=NaN)],nan
stock_CUR6K@718712e8d985,NOFIN.OL,2024-01-01,0.8170265999999999,3972328.5884177997,primary_input_absent [netCashProvidedByOperatingActivities NaN (value=NaN)],nan
stock_CUR6K@718712e8d985,NOFIN.OL,2024-04-01,0.7897030000000002,3839483.0758990007,primary_input_absent [netCashProvidedByOperatingActivities NaN (value=NaN)],nan
stock_CUR6K@718712e8d985,NOFIN.OL,2024-07-01,0.13532490000000003,115139654.14478582,primary_input_absent [netCashProvidedByOperatingActivities NaN (value=NaN)],nan
stock_CUR6K@718712e8d985,NOFIN.OL,2024-10-01,3.8965600000000005,123572819.11016001,primary_input_absent [netCashProvidedByOperatingActivities NaN (value=NaN)],nan
stock_CUR6K@718712e8d985,NOFIN.OL,2025-01-01,45.95,39096035553.950005,primary_input_absent [netCashProvidedByOperatingActivities NaN (value=NaN)],nan
stock_CUR6K@718712e8d985,NOFIN.OL,2025-04-01,3.06,5138439133.5,primary_input_absent [netCashProvidedByOperatingActivities NaN (value=NaN)],nan
stock_CUR6K@718712e8d985,NOFIN.OL,2025-07-01,2.08,40963621.92,primary_input_absent [netCashProvidedByOperatingActivities NaN (value=NaN)],nan
stock_CUR6K@718712e8d985,NOFIN.OL,2025-10-01,1.76,962523941.28,primary_input_absent [netCashProvidedByOperatingActivities NaN (value=NaN)],nan
stock_CUR6K@718712e8d985,NOFIN.OL,2026-01-01,1.9,37418695.0,primary_input_absent [netCashProvidedByOperatingActivities NaN (value=NaN)],nan
stock_CUR6K@718712e8d985,NOFIN.OL,2026-04-01,1.86,36630933.0,primary_input_absent [netCashProvidedByOperatingActivities NaN (value=NaN)],nan
stock_CUR6K@718712e8d985,NWG.L,2002-04-01,,,primary_input_absent [netCashProvidedByOperatingActivities NaN (value=NaN)],nan
stock_CUR6K@718712e8d985,NWG.L,2002-10-01,,,primary_input_absent [netCashProvidedByOperatingActivities NaN (value=NaN)],nan
stock_CUR6K@718712e8d985,NWG.L,2003-04-01,,,primary_input_absent [netCashProvidedByOperatingActivities NaN (value=NaN)],nan
stock_CUR6K@718712e8d985,NWG.L,2003-10-01,,,primary_input_absent [netCashProvidedByOperatingActivities NaN (value=NaN)],nan
stock_CUR6K@718712e8d985,NWG.L,2004-04-01,,,primary_input_absent [netCashProvidedByOperatingActivities NaN (value=NaN)],nan
stock_CUR6K@718712e8d985,NWG.L,2004-10-01,,,primary_input_absent [netCashProvidedByOperatingActivities NaN (value=NaN)],nan
stock_CUR6K@718712e8d985,NWG.L,2005-04-01,,0.0,primary_input_absent [netCashProvidedByOperatingActivities NaN (value=NaN)],nan
stock_CUR6K@718712e8d985,NWG.L,2005-10-01,,0.0,primary_input_absent [netCashProvidedByOperatingActivities NaN (value=NaN)],nan
stock_CUR6K@718712e8d985,NWG.L,2006-04-01,,0.0,primary_input_absent [netCashProvidedByOperatingActivities NaN (value=NaN)],nan
stock_CUR6K@718712e8d985,NWG.L,2006-10-01,,0.0,primary_input_absent [netCashProvidedByOperatingActivities NaN (value=NaN)],nan
stock_CUR6K@718712e8d985,NWG.L,2007-04-01,,0.0,primary_input_absent [netCashProvidedByOperatingActivities NaN (value=NaN)],nan
stock_CUR6K@718712e8d985,NWG.L,2007-10-01,,0.0,primary_input_absent [netCashProvidedByOperatingActivities NaN (value=NaN)],nan
stock_CUR6K@718712e8d985,NWG.L,2008-04-01,23.1538,34675130880.0,primary_input_absent [netCashProvidedByOperatingActivities NaN (value=NaN)],nan
stock_CUR6K@718712e8d985,NWG.L,2008-10-01,5.32,19477365880.0,primary_input_absent [netCashProvidedByOperatingActivities NaN (value=NaN)],nan
stock_CUR6K@718712e8d985,NWG.L,2009-04-01,4.1612,15222888236.5484,primary_input_absent [netCashProvidedByOperatingActivities NaN (value=NaN)],nan
stock_CUR6K@718712e8d985,NWG.L,2009-07-01,5.7023,29784333192.2,primary_input_absent [netCashProvidedByOperatingActivities NaN (value=NaN)],nan
stock_CUR6K@718712e8d985,NWG.L,2009-10-01,3.1445999999999996,22454645219.999996,primary_input_absent [netCashProvidedByOperatingActivities NaN (value=NaN)],nan
stock_CUR6K@718712e8d985,NWG.L,2010-04-01,4.4617,44501281348.8,primary_input_absent [netCashProvidedByOperatingActivities NaN (value=NaN)],nan
stock_CUR6K@718712e8d985,NWG.L,2010-07-01,5.0841,50591589306.3,primary_input_absent [netCashProvidedByOperatingActivities NaN (value=NaN)],nan
stock_CUR6K@718712e8d985,NWG.L,2010-10-01,4.2075,45297023557.49999,primary_input_absent [netCashProvidedByOperatingActivities NaN (value=NaN)],nan
stock_CUR6K@718712e8d985,NWG.L,2011-04-01,4.1418,41524800454.8,primary_input_absent [netCashProvidedByOperatingActivities NaN (value=NaN)],nan
stock_CUR6K@718712e8d985,NWG.L,2011-07-01,2.5297,25496122805.8,primary_input_absent [netCashProvidedByOperatingActivities NaN (value=NaN)],nan
stock_CUR6K@718712e8d985,NWG.L,2011-10-01,2.1732,23904248138.4,primary_input_absent [netCashProvidedByOperatingActivities NaN (value=NaN)],nan
stock_CUR6K@718712e8d985,NWG.L,2012-04-01,2.3186,23583804520.6,primary_input_absent [netCashProvidedByOperatingActivities NaN (value=NaN)],nan
stock_CUR6K@718712e8d985,NWG.L,2012-07-01,2.8689,29503563908.1,primary_input_absent [netCashProvidedByOperatingActivities NaN (value=NaN)],nan
stock_CUR6K@718712e8d985,NWG.L,2012-10-01,3.4945999999999997,35822089230.799995,primary_input_absent [netCashProvidedByOperatingActivities NaN (value=NaN)],nan
stock_CUR6K@718712e8d985,NWG.L,2013-01-01,3.0551999999999997,31901744587.199997,primary_input_absent [netCashProvidedByOperatingActivities NaN (value=NaN)],nan
stock_CUR6K@718712e8d985,NWG.L,2013-04-01,3.0358,31817570138.8,primary_input_absent [netCashProvidedByOperatingActivities NaN (value=NaN)],nan
stock_CUR6K@718712e8d985,NWG.L,2013-07-01,3.8758000000000004,40265891617.4,primary_input_absent [netCashProvidedByOperatingActivities NaN (value=NaN)],nan
stock_CUR6K@718712e8d985,NWG.L,2013-10-01,3.6411,38056777200.0,primary_input_absent [netCashProvidedByOperatingActivities NaN (value=NaN)],nan
stock_CUR6K@718712e8d985,NWG.L,2014-01-01,3.3492,35083586728.8,primary_input_absent [netCashProvidedByOperatingActivities NaN (value=NaN)],nan
stock_CUR6K@718712e8d985,NWG.L,2014-04-01,3.5366000000000004,37223977566.200005,primary_input_absent [netCashProvidedByOperatingActivities NaN (value=NaN)],nan
stock_CUR6K@718712e8d985,NWG.L,2014-07-01,3.9652000000000003,41749103080.4,primary_input_absent [netCashProvidedByOperatingActivities NaN (value=NaN)],nan
stock_CUR6K@718712e8d985,NWG.L,2014-10-01,4.2474,44297408820.0,primary_input_absent [netCashProvidedByOperatingActivities NaN (value=NaN)],nan
stock_CUR6K@718712e8d985,NWG.L,2015-01-01,3.6615,38932989466.5,primary_input_absent [netCashProvidedByOperatingActivities NaN (value=NaN)],nan
stock_CUR6K@718712e8d985,NWG.L,2015-04-01,3.7854,40461330524.4,primary_input_absent [netCashProvidedByOperatingActivities NaN (value=NaN)],nan
stock_CUR6K@718712e8d985,NWG.L,2015-07-01,3.3923,36369818497.8,primary_input_absent [netCashProvidedByOperatingActivities NaN (value=NaN)],nan
stock_CUR6K@718712e8d985,NWG.L,2015-10-01,3.2522999999999995,34892996542.2,primary_input_absent [netCashProvidedByOperatingActivities NaN (value=NaN)],nan
stock_CUR6K@718712e8d985,NWG.L,2016-01-01,2.3983000000000003,25846479100.000004,primary_input_absent [netCashProvidedByOperatingActivities NaN (value=NaN)],nan
stock_CUR6K@718712e8d985,NWG.L,2016-04-01,1.848,19915896000.0,primary_input_absent [netCashProvidedByOperatingActivities NaN (value=NaN)],nan
stock_CUR6K@718712e8d985,NWG.L,2016-07-01,1.9255000000000004,20962092460.500004,primary_input_absent [netCashProvidedByOperatingActivities NaN (value=NaN)],nan
stock_CUR6K@718712e8d985,NWG.L,2016-10-01,2.4188,26426771134.8,primary_input_absent [netCashProvidedByOperatingActivities NaN (value=NaN)],nan
stock_CUR6K@718712e8d985,NWG.L,2017-01-01,2.6072,28550516429.600002,primary_input_absent [netCashProvidedByOperatingActivities NaN (value=NaN)],nan
stock_CUR6K@718712e8d985,NWG.L,2017-04-01,2.6620999999999997,29151706730.299995,primary_input_absent [netCashProvidedByOperatingActivities NaN (value=NaN)],nan
stock_CUR6K@718712e8d985,NWG.L,2017-07-01,2.8894,31890307800.000004,primary_input_absent [netCashProvidedByOperatingActivities NaN (value=NaN)],nan
stock_CUR6K@718712e8d985,NWG.L,2017-10-01,2.9938,33203807686.6,primary_input_absent [netCashProvidedByOperatingActivities NaN (value=NaN)],nan
stock_CUR6K@718712e8d985,NWG.L,2018-01-01,2.7870999999999997,30942384199.999996,primary_input_absent [netCashProvidedByOperatingActivities NaN (value=NaN)],nan
stock_CUR6K@718712e8d985,NWG.L,2018-04-01,2.758,30619316000.0,primary_input_absent [netCashProvidedByOperatingActivities NaN (value=NaN)],nan
stock_CUR6K@718712e8d985,NWG.L,2018-07-01,2.6761,29903889446.899998,primary_input_absent [netCashProvidedByOperatingActivities NaN (value=NaN)],nan
stock_CUR6K@718712e8d985,NWG.L,2018-10-01,2.3337,26090766000.0,primary_input_absent [netCashProvidedByOperatingActivities NaN (value=NaN)],nan
stock_CUR6K@718712e8d985,NWG.L,2019-01-01,2.6675,29839988750.0,primary_input_absent [netCashProvidedByOperatingActivities NaN (value=NaN)],nan
stock_CUR6K@718712e8d985,NWG.L,2019-04-01,2.3908,26793525853.2,primary_input_absent [netCashProvidedByOperatingActivities NaN (value=NaN)],nan
stock_CUR6K@718712e8d985,NWG.L,2019-07-01,2.2357,25067786250.0,primary_input_absent [netCashProvidedByOperatingActivities NaN (value=NaN)],nan
stock_CUR6K@718712e8d985,NWG.L,2019-10-01,2.5877999999999997,29022917110.799995,primary_input_absent [netCashProvidedByOperatingActivities NaN (value=NaN)],nan
stock_CUR6K@718712e8d985,NWG.L,2020-01-01,1.2158,13547485540.6,primary_input_absent [netCashProvidedByOperatingActivities NaN (value=NaN)],nan
stock_CUR6K@718712e8d985,NWG.L,2020-04-01,1.3094999999999999,14694928766.999998,primary_input_absent [netCashProvidedByOperatingActivities NaN (value=NaN)],nan
stock_CUR6K@718712e8d985,NWG.L,2020-07-01,1.1421,12901499661.599998,primary_input_absent [netCashProvidedByOperatingActivities NaN (value=NaN)],nan
stock_CUR6K@718712e8d985,NWG.L,2020-10-01,1.8055,20304710776.0,primary_input_absent [netCashProvidedByOperatingActivities NaN (value=NaN)],nan
stock_CUR6K@718712e8d985,NWG.L,2021-01-01,2.1135,23858276452.5,primary_input_absent [netCashProvidedByOperatingActivities NaN (value=NaN)],nan
stock_CUR6K@718712e8d985,NWG.L,2021-04-01,2.1883,23896238188.3,primary_input_absent [netCashProvidedByOperatingActivities NaN (value=NaN)],nan
stock_CUR6K@718712e8d985,NWG.L,2021-07-01,2.4219999999999997,25911556285.999996,primary_input_absent [netCashProvidedByOperatingActivities NaN (value=NaN)],nan
stock_CUR6K@718712e8d985,NWG.L,2021-10-01,2.4306,25777152247.8,primary_input_absent [netCashProvidedByOperatingActivities NaN (value=NaN)],nan
stock_CUR6K@718712e8d985,NWG.L,2022-01-01,2.3251,24140852971.6,primary_input_absent [netCashProvidedByOperatingActivities NaN (value=NaN)],nan
stock_CUR6K@718712e8d985,NWG.L,2022-04-01,2.3509,22386583953.100002,primary_input_absent [netCashProvidedByOperatingActivities NaN (value=NaN)],nan
stock_CUR6K@718712e8d985,NWG.L,2022-07-01,2.259,22233315195.0,primary_input_absent [netCashProvidedByOperatingActivities NaN (value=NaN)],nan
stock_CUR6K@718712e8d985,NWG.L,2022-10-01,2.6519999999999997,25548275375.999996,primary_input_absent [netCashProvidedByOperatingActivities NaN (value=NaN)],nan
stock_CUR6K@718712e8d985,NWG.L,2023-01-01,2.636,25255516000.0,primary_input_absent [netCashProvidedByOperatingActivities NaN (value=NaN)],nan
stock_CUR6K@718712e8d985,NWG.L,2023-04-01,2.408,22127567112.0,primary_input_absent [netCashProvidedByOperatingActivities NaN (value=NaN)],nan
stock_CUR6K@718712e8d985,NWG.L,2023-07-01,2.3569999999999998,20828184394.999996,primary_input_absent [netCashProvidedByOperatingActivities NaN (value=NaN)],nan
stock_CUR6K@718712e8d985,NWG.L,2023-10-01,2.194,24133039028.0,primary_input_absent [netCashProvidedByOperatingActivities NaN (value=NaN)],nan
stock_CUR6K@718712e8d985,NWG.L,2024-01-01,2.6710000000000003,29379830102.000004,primary_input_absent [netCashProvidedByOperatingActivities NaN (value=NaN)],nan
stock_CUR6K@718712e8d985,NWG.L,2024-04-01,3.15,27293943600.0,primary_input_absent [netCashProvidedByOperatingActivities NaN (value=NaN)],nan
stock_CUR6K@718712e8d985,NWG.L,2024-07-01,3.4389999999999996,28585164022.999996,primary_input_absent [netCashProvidedByOperatingActivities NaN (value=NaN)],nan
stock_CUR6K@718712e8d985,NWG.L,2024-10-01,4.021,32798746123.0,primary_input_absent [netCashProvidedByOperatingActivities NaN (value=NaN)],nan
stock_CUR6K@718712e8d985,NWG.L,2025-01-01,4.518,36446706000.0,primary_input_absent [netCashProvidedByOperatingActivities NaN (value=NaN)],nan
stock_CUR6K@718712e8d985,NWG.L,2025-04-01,5.114,41313096134.0,primary_input_absent [netCashProvidedByOperatingActivities NaN (value=NaN)],nan
stock_CUR6K@718712e8d985,NWG.L,2025-07-01,5.216,41947536224.0,primary_input_absent [netCashProvidedByOperatingActivities NaN (value=NaN)],nan
stock_CUR6K@718712e8d985,NWG.L,2025-10-01,6.518,52181458946.0,primary_input_absent [netCashProvidedByOperatingActivities NaN (value=NaN)],nan
stock_CUR6K@718712e8d985,NWG.L,2026-01-01,5.532,44256000000.0,primary_input_absent [netCashProvidedByOperatingActivities NaN (value=NaN)],nan
stock_CUR6K@718712e8d985,NWG.L,2026-04-01,6.67,53194077080.0,primary_input_absent [netCashProvidedByOperatingActivities NaN (value=NaN)],nan
stock_CUR6K@718712e8d985,ONCO.ST,2016-01-01,30.639999999999997,1189693443.6,primary_input_absent [netCashProvidedByOperatingActivities NaN (value=NaN)],nan
stock_CUR6K@718712e8d985,ONCO.ST,2016-10-01,30.639999999999997,1189693443.6,primary_input_absent [netCashProvidedByOperatingActivities NaN (value=NaN)],nan
stock_CUR6K@718712e8d985,ONCO.ST,2017-01-01,30.14,990043180.72,primary_input_absent [netCashProvidedByOperatingActivities NaN (value=NaN)],nan
stock_CUR6K@718712e8d985,ONCO.ST,2017-04-01,54.16,2155503874.56,primary_input_absent [netCashProvidedByOperatingActivities NaN (value=NaN)],nan
stock_CUR6K@718712e8d985,ONCO.ST,2017-07-01,45.61,1809418848.18,primary_input_absent [netCashProvidedByOperatingActivities NaN (value=NaN)],nan
stock_CUR6K@718712e8d985,ONCO.ST,2017-10-01,56.66,2247789343.08,primary_input_absent [netCashProvidedByOperatingActivities NaN (value=NaN)],nan
stock_CUR6K@718712e8d985,ONCO.ST,2018-01-01,56.44,2240161394.56,primary_input_absent [netCashProvidedByOperatingActivities NaN (value=NaN)],nan
stock_CUR6K@718712e8d985,ONCO.ST,2018-04-01,114.31,5010622931.16,primary_input_absent [netCashProvidedByOperatingActivities NaN (value=NaN)],nan
stock_CUR6K@718712e8d985,ONCO.ST,2018-07-01,116.16,5105123390.4,primary_input_absent [netCashProvidedByOperatingActivities NaN (value=NaN)],nan
stock_CUR6K@718712e8d985,ONCO.ST,2018-10-01,94.07,4139964446.14,primary_input_absent [netCashProvidedByOperatingActivities NaN (value=NaN)],nan
stock_CUR6K@718712e8d985,ONCO.ST,2019-01-01,93.86000000000001,4462576985.1,primary_input_absent [netCashProvidedByOperatingActivities NaN (value=NaN)],nan
stock_CUR6K@718712e8d985,ONCO.ST,2019-04-01,100.48,4907636824.96,primary_input_absent [netCashProvidedByOperatingActivities NaN (value=NaN)],nan
stock_CUR6K@718712e8d985,ONCO.ST,2019-07-01,83.31,4478915469.09,primary_input_absent [netCashProvidedByOperatingActivities NaN (value=NaN)],nan
stock_CUR6K@718712e8d985,ONCO.ST,2019-10-01,90.43000000000002,4861701277.200001,primary_input_absent [netCashProvidedByOperatingActivities NaN (value=NaN)],nan
stock_CUR6K@718712e8d985,ONCO.ST,2020-01-01,77.82,4308778926.78,primary_input_absent [netCashProvidedByOperatingActivities NaN (value=NaN)],nan
stock_CUR6K@718712e8d985,ONCO.ST,2020-04-01,93.5,5522434912.5,primary_input_absent [netCashProvidedByOperatingActivities NaN (value=NaN)],nan
stock_CUR6K@718712e8d985,ONCO.ST,2020-07-01,94.21,6325054775.879999,primary_input_absent [netCashProvidedByOperatingActivities NaN (value=NaN)],nan
stock_CUR6K@718712e8d985,ONCO.ST,2020-10-01,120.94,8119648918.32,primary_input_absent [netCashProvidedByOperatingActivities NaN (value=NaN)],nan
stock_CUR6K@718712e8d985,ONCO.ST,2021-01-01,103.33,7028356771.5,primary_input_absent [netCashProvidedByOperatingActivities NaN (value=NaN)],nan
stock_CUR6K@718712e8d985,ONCO.ST,2021-04-01,66.53,5009166181.7300005,primary_input_absent [netCashProvidedByOperatingActivities NaN (value=NaN)],nan
stock_CUR6K@718712e8d985,ONCO.ST,2021-07-01,29.929999999999996,2252853996.45,primary_input_absent [netCashProvidedByOperatingActivities NaN (value=NaN)],nan
stock_CUR6K@718712e8d985,ONCO.ST,2021-10-01,5.99,482272121.25,primary_input_absent [netCashProvidedByOperatingActivities NaN (value=NaN)],nan
stock_CUR6K@718712e8d985,ONCO.ST,2022-01-01,6.57,494440145.64000005,primary_input_absent [netCashProvidedByOperatingActivities NaN (value=NaN)],nan
stock_CUR6K@718712e8d985,ONCO.ST,2022-04-01,16.51,1243322152.67,primary_input_absent [netCashProvidedByOperatingActivities NaN (value=NaN)],nan
stock_CUR6K@718712e8d985,ONCO.ST,2022-07-01,8.42,744656380.0,primary_input_absent [netCashProvidedByOperatingActivities NaN (value=NaN)],nan
stock_CUR6K@718712e8d985,ONCO.ST,2022-10-01,8.66,782592595.6,primary_input_absent [netCashProvidedByOperatingActivities NaN (value=NaN)],nan
stock_CUR6K@718712e8d985,ONCO.ST,2023-01-01,7.87,711201354.2,primary_input_absent [netCashProvidedByOperatingActivities NaN (value=NaN)],nan
stock_CUR6K@718712e8d985,ONCO.ST,2023-04-01,6.1899999999999995,559382005.4,primary_input_absent [netCashProvidedByOperatingActivities NaN (value=NaN)],nan
stock_CUR6K@718712e8d985,ONCO.ST,2023-07-01,6.15,556203706.0500001,primary_input_absent [netCashProvidedByOperatingActivities NaN (value=NaN)],nan
stock_CUR6K@718712e8d985,ONCO.ST,2023-10-01,5.46,492680064.24,primary_input_absent [netCashProvidedByOperatingActivities NaN (value=NaN)],nan
stock_CUR6K@718712e8d985,ONCO.ST,2024-01-01,4.17,529200776.37,primary_input_absent [netCashProvidedByOperatingActivities NaN (value=NaN)],nan
stock_CUR6K@718712e8d985,ONCO.ST,2024-04-01,2.73,416569561.59,primary_input_absent [netCashProvidedByOperatingActivities NaN (value=NaN)],nan
stock_CUR6K@718712e8d985,ONCO.ST,2024-07-01,2.15,446555000.0,primary_input_absent [netCashProvidedByOperatingActivities NaN (value=NaN)],nan
stock_CUR6K@718712e8d985,ONCO.ST,2024-10-01,1.56,333704000.76,primary_input_absent [netCashProvidedByOperatingActivities NaN (value=NaN)],nan
stock_CUR6K@718712e8d985,ONCO.ST,2025-01-01,1.4800000000000002,309621103.04,primary_input_absent [netCashProvidedByOperatingActivities NaN (value=NaN)],nan
stock_CUR6K@718712e8d985,ONCO.ST,2025-04-01,1.49,312150033.83,primary_input_absent [netCashProvidedByOperatingActivities NaN (value=NaN)],nan
stock_CUR6K@718712e8d985,ONCO.ST,2025-07-01,5.38,1213369331.54,primary_input_absent [netCashProvidedByOperatingActivities NaN (value=NaN)],nan
stock_CUR6K@718712e8d985,ONCO.ST,2025-10-01,4.81,1253928520.0,primary_input_absent [netCashProvidedByOperatingActivities NaN (value=NaN)],nan
stock_CUR6K@718712e8d985,ONCO.ST,2026-01-01,1.42,380855832.85999995,primary_input_absent [netCashProvidedByOperatingActivities NaN (value=NaN)],nan
stock_CUR6K@718712e8d985,ONCO.ST,2026-04-01,1.6200000000000003,617459951.1600001,primary_input_absent [netCashProvidedByOperatingActivities NaN (value=NaN)],nan
stock_CUR6K@718712e8d985,ORTI-A.ST,2010-10-01,3.068021,100748695.248993,primary_input_absent [netCashProvidedByOperatingActivities NaN (value=NaN)],nan
stock_CUR6K@718712e8d985,ORTI-A.ST,2011-01-01,2.909618,95547004.786794,primary_input_absent [netCashProvidedByOperatingActivities NaN (value=NaN)],nan
stock_CUR6K@718712e8d985,ORTI-A.ST,2011-04-01,2.834584,93083013.308472,primary_input_absent [netCashProvidedByOperatingActivities NaN (value=NaN)],nan
stock_CUR6K@718712e8d985,ORTI-A.ST,2011-07-01,1.634054,53659609.391982,primary_input_absent [netCashProvidedByOperatingActivities NaN (value=NaN)],nan
stock_CUR6K@718712e8d985,ORTI-A.ST,2011-10-01,1.650728,54207155.756424,primary_input_absent [netCashProvidedByOperatingActivities NaN (value=NaN)],nan
stock_CUR6K@718712e8d985,ORTI-A.ST,2012-01-01,3.168065,104033973.435645,primary_input_absent [netCashProvidedByOperatingActivities NaN (value=NaN)],nan
stock_CUR6K@718712e8d985,ORTI-A.ST,2012-04-01,3.084695,101296241.613435,primary_input_absent [netCashProvidedByOperatingActivities NaN (value=NaN)],nan
stock_CUR6K@718712e8d985,ORTI-A.ST,2012-07-01,3.484872,114437387.198376,primary_input_absent [netCashProvidedByOperatingActivities NaN (value=NaN)],nan
stock_CUR6K@718712e8d985,ORTI-A.ST,2012-10-01,3.734982,122650582.665006,primary_input_absent [netCashProvidedByOperatingActivities NaN (value=NaN)],nan
stock_CUR6K@718712e8d985,ORTI-A.ST,2013-01-01,3.109706,102117561.160098,primary_input_absent [netCashProvidedByOperatingActivities NaN (value=NaN)],nan
stock_CUR6K@718712e8d985,ORTI-A.ST,2013-04-01,5.960965,195748153.671345,primary_input_absent [netCashProvidedByOperatingActivities NaN (value=NaN)],nan
stock_CUR6K@718712e8d985,ORTI-A.ST,2013-07-01,4.460302,146468882.356566,primary_input_absent [netCashProvidedByOperatingActivities NaN (value=NaN)],nan
stock_CUR6K@718712e8d985,ORTI-A.ST,2013-10-01,6.00265,197117019.58245,primary_input_absent [netCashProvidedByOperatingActivities NaN (value=NaN)],nan
stock_CUR6K@718712e8d985,ORTI-A.ST,2014-01-01,4.293562,141279382.82203197,primary_input_absent [netCashProvidedByOperatingActivities NaN (value=NaN)],nan
stock_CUR6K@718712e8d985,ORTI-A.ST,2014-04-01,4.627043,152347940.275693,primary_input_absent [netCashProvidedByOperatingActivities NaN (value=NaN)],nan
stock_CUR6K@718712e8d985,ORTI-A.ST,2014-07-01,4.960523,163327953.023173,primary_input_absent [netCashProvidedByOperatingActivities NaN (value=NaN)],nan
stock_CUR6K@718712e8d985,ORTI-A.ST,2014-10-01,4.585358,150975438.682258,primary_input_absent [netCashProvidedByOperatingActivities NaN (value=NaN)],nan
stock_CUR6K@718712e8d985,ORTI-A.ST,2015-01-01,4.376932,144112897.789532,primary_input_absent [netCashProvidedByOperatingActivities NaN (value=NaN)],nan
stock_CUR6K@718712e8d985,ORTI-A.ST,2015-04-01,3.534894,116388332.676594,primary_input_absent [netCashProvidedByOperatingActivities NaN (value=NaN)],nan
stock_CUR6K@718712e8d985,ORTI-A.ST,2015-07-01,3.059684,100741781.58588399,primary_input_absent [netCashProvidedByOperatingActivities NaN (value=NaN)],nan
stock_CUR6K@718712e8d985,ORTI-A.ST,2015-10-01,2.951303,97173277.44295299,primary_input_absent [netCashProvidedByOperatingActivities NaN (value=NaN)],nan
stock_CUR6K@718712e8d985,ORTI-A.ST,2016-01-01,2.309353,76036719.978503,primary_input_absent [netCashProvidedByOperatingActivities NaN (value=NaN)],nan
stock_CUR6K@718712e8d985,ORTI-A.ST,2016-04-01,2.234319,50778793.693017006,primary_input_absent [netCashProvidedByOperatingActivities NaN (value=NaN)],nan
stock_CUR6K@718712e8d985,ORTI-A.ST,2016-07-01,2.125938,48315646.559934005,primary_input_absent [netCashProvidedByOperatingActivities NaN (value=NaN)],nan
stock_CUR6K@718712e8d985,ORTI-A.ST,2016-10-01,2.334364,76263436.109236,primary_input_absent [netCashProvidedByOperatingActivities NaN (value=NaN)],nan
stock_CUR6K@718712e8d985,ORTI-A.ST,2017-01-01,4.585358,115608485.306456,primary_input_absent [netCashProvidedByOperatingActivities NaN (value=NaN)],nan
stock_CUR6K@718712e8d985,ORTI-A.ST,2017-04-01,3.354288,84570093.537216,primary_input_absent [netCashProvidedByOperatingActivities NaN (value=NaN)],nan
stock_CUR6K@718712e8d985,ORTI-A.ST,2017-07-01,2.846666,97044728.432892,primary_input_absent [netCashProvidedByOperatingActivities NaN (value=NaN)],nan
stock_CUR6K@718712e8d985,ORTI-A.ST,2017-10-01,1.891141,64470248.625342,primary_input_absent [netCashProvidedByOperatingActivities NaN (value=NaN)],nan
stock_CUR6K@718712e8d985,ORTI-A.ST,2018-01-01,2.443554,76104489.33,primary_input_absent [netCashProvidedByOperatingActivities NaN (value=NaN)],nan
stock_CUR6K@718712e8d985,ORTI-A.ST,2018-04-01,1.956834,60945594.93,primary_input_absent [netCashProvidedByOperatingActivities NaN (value=NaN)],nan
stock_CUR6K@718712e8d985,ORTI-A.ST,2018-07-01,1.960815,61069583.175,primary_input_absent [netCashProvidedByOperatingActivities NaN (value=NaN)],nan
stock_CUR6K@718712e8d985,ORTI-A.ST,2018-10-01,1.542773,52594152.885726,primary_input_absent [netCashProvidedByOperatingActivities NaN (value=NaN)],nan
stock_CUR6K@718712e8d985,ORTI-A.ST,2019-01-01,2.11,66294089.99999999,primary_input_absent [netCashProvidedByOperatingActivities NaN (value=NaN)],nan
stock_CUR6K@718712e8d985,ORTI-A.ST,2019-04-01,2.5,91977500.0,primary_input_absent [netCashProvidedByOperatingActivities NaN (value=NaN)],nan
stock_CUR6K@718712e8d985,ORTI-A.ST,2019-07-01,4.17,153418470.0,primary_input_absent [netCashProvidedByOperatingActivities NaN (value=NaN)],nan
stock_CUR6K@718712e8d985,ORTI-A.ST,2019-10-01,3.76,161894320.0,primary_input_absent [netCashProvidedByOperatingActivities NaN (value=NaN)],nan
stock_CUR6K@718712e8d985,ORTI-A.ST,2020-01-01,3.31,146656170.0,primary_input_absent [netCashProvidedByOperatingActivities NaN (value=NaN)],nan
stock_CUR6K@718712e8d985,ORTI-A.ST,2020-04-01,4.0,177228000.0,primary_input_absent [netCashProvidedByOperatingActivities NaN (value=NaN)],nan
stock_CUR6K@718712e8d985,ORTI-A.ST,2020-07-01,6.35,281349450.0,primary_input_absent [netCashProvidedByOperatingActivities NaN (value=NaN)],nan
stock_CUR6K@718712e8d985,ORTI-A.ST,2020-10-01,5.15,228181050.00000003,primary_input_absent [netCashProvidedByOperatingActivities NaN (value=NaN)],nan
stock_CUR6K@718712e8d985,ORTI-A.ST,2021-01-01,4.7,208210000.0,primary_input_absent [netCashProvidedByOperatingActivities NaN (value=NaN)],nan
stock_CUR6K@718712e8d985,ORTI-A.ST,2021-04-01,5.45,241435000.0,primary_input_absent [netCashProvidedByOperatingActivities NaN (value=NaN)],nan
stock_CUR6K@718712e8d985,ORTI-A.ST,2021-07-01,4.9,217070000.00000003,primary_input_absent [netCashProvidedByOperatingActivities NaN (value=NaN)],nan
stock_CUR6K@718712e8d985,ORTI-A.ST,2021-10-01,5.24,232132000.0,primary_input_absent [netCashProvidedByOperatingActivities NaN (value=NaN)],nan
stock_CUR6K@718712e8d985,ORTI-A.ST,2022-01-01,5.38,238334000.0,primary_input_absent [netCashProvidedByOperatingActivities NaN (value=NaN)],nan
stock_CUR6K@718712e8d985,ORTI-A.ST,2022-04-01,6.9,305670000.0,primary_input_absent [netCashProvidedByOperatingActivities NaN (value=NaN)],nan
stock_CUR6K@718712e8d985,ORTI-A.ST,2022-07-01,5.02,222385999.99999997,primary_input_absent [netCashProvidedByOperatingActivities NaN (value=NaN)],nan
stock_CUR6K@718712e8d985,ORTI-A.ST,2022-10-01,5.52,244574639.99999997,primary_input_absent [netCashProvidedByOperatingActivities NaN (value=NaN)],nan
stock_CUR6K@718712e8d985,ORTI-A.ST,2023-01-01,4.79,212230530.0,primary_input_absent [netCashProvidedByOperatingActivities NaN (value=NaN)],nan
stock_CUR6K@718712e8d985,ORTI-A.ST,2023-04-01,4.99,221057000.0,primary_input_absent [netCashProvidedByOperatingActivities NaN (value=NaN)],nan
stock_CUR6K@718712e8d985,ORTI-A.ST,2023-07-01,2.98,132014000.0,primary_input_absent [netCashProvidedByOperatingActivities NaN (value=NaN)],nan
stock_CUR6K@718712e8d985,ORTI-A.ST,2023-10-01,3.71,164378970.0,primary_input_absent [netCashProvidedByOperatingActivities NaN (value=NaN)],nan
stock_CUR6K@718712e8d985,ORTI-A.ST,2024-01-01,2.84,125831880.0,primary_input_absent [netCashProvidedByOperatingActivities NaN (value=NaN)],nan
stock_CUR6K@718712e8d985,ORTI-A.ST,2024-04-01,2.23,98804610.0,primary_input_absent [netCashProvidedByOperatingActivities NaN (value=NaN)],nan
stock_CUR6K@718712e8d985,ORTI-A.ST,2024-07-01,1.65,73106550.0,primary_input_absent [netCashProvidedByOperatingActivities NaN (value=NaN)],nan
stock_CUR6K@718712e8d985,ORTI-A.ST,2024-10-01,1.39,61586729.99999999,primary_input_absent [netCashProvidedByOperatingActivities NaN (value=NaN)],nan
stock_CUR6K@718712e8d985,ORTI-A.ST,2025-01-01,1.69,74878830.0,primary_input_absent [netCashProvidedByOperatingActivities NaN (value=NaN)],nan
stock_CUR6K@718712e8d985,ORTI-A.ST,2025-04-01,1.35,59814450.00000001,primary_input_absent [netCashProvidedByOperatingActivities NaN (value=NaN)],nan
stock_CUR6K@718712e8d985,ORTI-A.ST,2025-07-01,1.02,45193140.0,primary_input_absent [netCashProvidedByOperatingActivities NaN (value=NaN)],nan
stock_CUR6K@718712e8d985,ORTI-A.ST,2025-10-01,1.22,88720840.0,primary_input_absent [netCashProvidedByOperatingActivities NaN (value=NaN)],nan
stock_CUR6K@718712e8d985,ORTI-A.ST,2026-01-01,1.41,1249260000.0,primary_input_absent [netCashProvidedByOperatingActivities NaN (value=NaN)],nan
stock_CUR6K@718712e8d985,ORTI-A.ST,2026-04-01,1.78,157708000.0,primary_input_absent [netCashProvidedByOperatingActivities NaN (value=NaN)],nan
stock_CUR6K@718712e8d985,ORTI-B.ST,2010-10-01,3.068021,100748695.248993,primary_input_absent [netCashProvidedByOperatingActivities NaN (value=NaN)],nan
stock_CUR6K@718712e8d985,ORTI-B.ST,2011-01-01,2.909618,95547004.786794,primary_input_absent [netCashProvidedByOperatingActivities NaN (value=NaN)],nan
stock_CUR6K@718712e8d985,ORTI-B.ST,2011-04-01,2.834584,93083013.308472,primary_input_absent [netCashProvidedByOperatingActivities NaN (value=NaN)],nan
stock_CUR6K@718712e8d985,ORTI-B.ST,2011-07-01,1.634054,53659609.391982,primary_input_absent [netCashProvidedByOperatingActivities NaN (value=NaN)],nan
stock_CUR6K@718712e8d985,ORTI-B.ST,2011-10-01,1.650728,54207155.756424,primary_input_absent [netCashProvidedByOperatingActivities NaN (value=NaN)],nan
stock_CUR6K@718712e8d985,ORTI-B.ST,2012-01-01,3.168065,104033973.435645,primary_input_absent [netCashProvidedByOperatingActivities NaN (value=NaN)],nan
stock_CUR6K@718712e8d985,ORTI-B.ST,2012-04-01,3.084695,101296241.613435,primary_input_absent [netCashProvidedByOperatingActivities NaN (value=NaN)],nan
stock_CUR6K@718712e8d985,ORTI-B.ST,2012-07-01,3.484872,114437387.198376,primary_input_absent [netCashProvidedByOperatingActivities NaN (value=NaN)],nan
stock_CUR6K@718712e8d985,ORTI-B.ST,2012-10-01,3.734982,122650582.665006,primary_input_absent [netCashProvidedByOperatingActivities NaN (value=NaN)],nan
stock_CUR6K@718712e8d985,ORTI-B.ST,2013-01-01,3.109706,102117561.160098,primary_input_absent [netCashProvidedByOperatingActivities NaN (value=NaN)],nan
stock_CUR6K@718712e8d985,ORTI-B.ST,2013-04-01,5.960965,195748153.671345,primary_input_absent [netCashProvidedByOperatingActivities NaN (value=NaN)],nan
stock_CUR6K@718712e8d985,ORTI-B.ST,2013-07-01,4.460302,146468882.356566,primary_input_absent [netCashProvidedByOperatingActivities NaN (value=NaN)],nan
stock_CUR6K@718712e8d985,ORTI-B.ST,2013-10-01,6.00265,197117019.58245,primary_input_absent [netCashProvidedByOperatingActivities NaN (value=NaN)],nan
stock_CUR6K@718712e8d985,ORTI-B.ST,2014-01-01,4.293562,141279382.82203197,primary_input_absent [netCashProvidedByOperatingActivities NaN (value=NaN)],nan
stock_CUR6K@718712e8d985,ORTI-B.ST,2014-04-01,4.627043,152347940.275693,primary_input_absent [netCashProvidedByOperatingActivities NaN (value=NaN)],nan
stock_CUR6K@718712e8d985,ORTI-B.ST,2014-07-01,4.960523,163327953.023173,primary_input_absent [netCashProvidedByOperatingActivities NaN (value=NaN)],nan
stock_CUR6K@718712e8d985,ORTI-B.ST,2014-10-01,4.585358,150975438.682258,primary_input_absent [netCashProvidedByOperatingActivities NaN (value=NaN)],nan
stock_CUR6K@718712e8d985,ORTI-B.ST,2015-01-01,4.376932,144112897.789532,primary_input_absent [netCashProvidedByOperatingActivities NaN (value=NaN)],nan
stock_CUR6K@718712e8d985,ORTI-B.ST,2015-04-01,3.534894,116388332.676594,primary_input_absent [netCashProvidedByOperatingActivities NaN (value=NaN)],nan
stock_CUR6K@718712e8d985,ORTI-B.ST,2015-07-01,3.059684,100741781.58588399,primary_input_absent [netCashProvidedByOperatingActivities NaN (value=NaN)],nan
stock_CUR6K@718712e8d985,ORTI-B.ST,2015-10-01,2.951303,97173277.44295299,primary_input_absent [netCashProvidedByOperatingActivities NaN (value=NaN)],nan
stock_CUR6K@718712e8d985,ORTI-B.ST,2016-01-01,2.309353,76036719.978503,primary_input_absent [netCashProvidedByOperatingActivities NaN (value=NaN)],nan
stock_CUR6K@718712e8d985,ORTI-B.ST,2016-04-01,2.234319,50778793.693017006,primary_input_absent [netCashProvidedByOperatingActivities NaN (value=NaN)],nan
stock_CUR6K@718712e8d985,ORTI-B.ST,2016-07-01,2.125938,48315646.559934005,primary_input_absent [netCashProvidedByOperatingActivities NaN (value=NaN)],nan
stock_CUR6K@718712e8d985,ORTI-B.ST,2016-10-01,2.334364,76263436.109236,primary_input_absent [netCashProvidedByOperatingActivities NaN (value=NaN)],nan
stock_CUR6K@718712e8d985,ORTI-B.ST,2017-01-01,4.585358,115608485.306456,primary_input_absent [netCashProvidedByOperatingActivities NaN (value=NaN)],nan
stock_CUR6K@718712e8d985,ORTI-B.ST,2017-04-01,3.354288,84570093.537216,primary_input_absent [netCashProvidedByOperatingActivities NaN (value=NaN)],nan
stock_CUR6K@718712e8d985,ORTI-B.ST,2017-07-01,2.846666,97044728.432892,primary_input_absent [netCashProvidedByOperatingActivities NaN (value=NaN)],nan
stock_CUR6K@718712e8d985,ORTI-B.ST,2017-10-01,1.891141,64470248.625342,primary_input_absent [netCashProvidedByOperatingActivities NaN (value=NaN)],nan
stock_CUR6K@718712e8d985,ORTI-B.ST,2018-01-01,2.443554,76104489.33,primary_input_absent [netCashProvidedByOperatingActivities NaN (value=NaN)],nan
stock_CUR6K@718712e8d985,ORTI-B.ST,2018-04-01,1.956834,60945594.93,primary_input_absent [netCashProvidedByOperatingActivities NaN (value=NaN)],nan
stock_CUR6K@718712e8d985,ORTI-B.ST,2018-07-01,1.960815,61069583.175,primary_input_absent [netCashProvidedByOperatingActivities NaN (value=NaN)],nan
stock_CUR6K@718712e8d985,ORTI-B.ST,2018-10-01,1.542773,52594152.885726,primary_input_absent [netCashProvidedByOperatingActivities NaN (value=NaN)],nan
stock_CUR6K@718712e8d985,ORTI-B.ST,2019-01-01,2.11,66294089.99999999,primary_input_absent [netCashProvidedByOperatingActivities NaN (value=NaN)],nan
stock_CUR6K@718712e8d985,ORTI-B.ST,2019-04-01,2.5,91977500.0,primary_input_absent [netCashProvidedByOperatingActivities NaN (value=NaN)],nan
stock_CUR6K@718712e8d985,ORTI-B.ST,2019-07-01,4.17,153418470.0,primary_input_absent [netCashProvidedByOperatingActivities NaN (value=NaN)],nan
stock_CUR6K@718712e8d985,ORTI-B.ST,2019-10-01,3.76,161894320.0,primary_input_absent [netCashProvidedByOperatingActivities NaN (value=NaN)],nan
stock_CUR6K@718712e8d985,ORTI-B.ST,2020-01-01,3.31,146656170.0,primary_input_absent [netCashProvidedByOperatingActivities NaN (value=NaN)],nan
stock_CUR6K@718712e8d985,ORTI-B.ST,2020-04-01,4.0,177228000.0,primary_input_absent [netCashProvidedByOperatingActivities NaN (value=NaN)],nan
stock_CUR6K@718712e8d985,ORTI-B.ST,2020-07-01,6.35,281349450.0,primary_input_absent [netCashProvidedByOperatingActivities NaN (value=NaN)],nan
stock_CUR6K@718712e8d985,ORTI-B.ST,2020-10-01,5.15,228181050.00000003,primary_input_absent [netCashProvidedByOperatingActivities NaN (value=NaN)],nan
stock_CUR6K@718712e8d985,ORTI-B.ST,2021-01-01,4.7,208210000.0,primary_input_absent [netCashProvidedByOperatingActivities NaN (value=NaN)],nan
stock_CUR6K@718712e8d985,ORTI-B.ST,2021-04-01,5.45,241435000.0,primary_input_absent [netCashProvidedByOperatingActivities NaN (value=NaN)],nan
stock_CUR6K@718712e8d985,ORTI-B.ST,2021-07-01,4.9,217070000.00000003,primary_input_absent [netCashProvidedByOperatingActivities NaN (value=NaN)],nan
stock_CUR6K@718712e8d985,ORTI-B.ST,2021-10-01,5.24,232132000.0,primary_input_absent [netCashProvidedByOperatingActivities NaN (value=NaN)],nan
stock_CUR6K@718712e8d985,ORTI-B.ST,2022-01-01,5.38,238334000.0,primary_input_absent [netCashProvidedByOperatingActivities NaN (value=NaN)],nan
stock_CUR6K@718712e8d985,ORTI-B.ST,2022-04-01,6.9,305670000.0,primary_input_absent [netCashProvidedByOperatingActivities NaN (value=NaN)],nan
stock_CUR6K@718712e8d985,ORTI-B.ST,2022-07-01,5.02,222385999.99999997,primary_input_absent [netCashProvidedByOperatingActivities NaN (value=NaN)],nan
stock_CUR6K@718712e8d985,ORTI-B.ST,2022-10-01,5.52,244574639.99999997,primary_input_absent [netCashProvidedByOperatingActivities NaN (value=NaN)],nan
stock_CUR6K@718712e8d985,ORTI-B.ST,2023-01-01,4.79,212230530.0,primary_input_absent [netCashProvidedByOperatingActivities NaN (value=NaN)],nan
stock_CUR6K@718712e8d985,ORTI-B.ST,2023-04-01,4.99,221057000.0,primary_input_absent [netCashProvidedByOperatingActivities NaN (value=NaN)],nan
stock_CUR6K@718712e8d985,ORTI-B.ST,2023-07-01,2.98,132014000.0,primary_input_absent [netCashProvidedByOperatingActivities NaN (value=NaN)],nan
stock_CUR6K@718712e8d985,ORTI-B.ST,2023-10-01,3.71,164378970.0,primary_input_absent [netCashProvidedByOperatingActivities NaN (value=NaN)],nan
stock_CUR6K@718712e8d985,ORTI-B.ST,2024-01-01,2.84,125831880.0,primary_input_absent [netCashProvidedByOperatingActivities NaN (value=NaN)],nan
stock_CUR6K@718712e8d985,ORTI-B.ST,2024-04-01,2.23,98804610.0,primary_input_absent [netCashProvidedByOperatingActivities NaN (value=NaN)],nan
stock_CUR6K@718712e8d985,ORTI-B.ST,2024-07-01,1.65,73106550.0,primary_input_absent [netCashProvidedByOperatingActivities NaN (value=NaN)],nan
stock_CUR6K@718712e8d985,ORTI-B.ST,2024-10-01,1.39,61586729.99999999,primary_input_absent [netCashProvidedByOperatingActivities NaN (value=NaN)],nan
stock_CUR6K@718712e8d985,ORTI-B.ST,2025-01-01,1.69,74878830.0,primary_input_absent [netCashProvidedByOperatingActivities NaN (value=NaN)],nan
stock_CUR6K@718712e8d985,ORTI-B.ST,2025-04-01,1.35,59814450.00000001,primary_input_absent [netCashProvidedByOperatingActivities NaN (value=NaN)],nan
stock_CUR6K@718712e8d985,ORTI-B.ST,2025-07-01,1.02,45193140.0,primary_input_absent [netCashProvidedByOperatingActivities NaN (value=NaN)],nan
stock_CUR6K@718712e8d985,ORTI-B.ST,2025-10-01,1.22,88720840.0,primary_input_absent [netCashProvidedByOperatingActivities NaN (value=NaN)],nan
stock_CUR6K@718712e8d985,ORTI-B.ST,2026-01-01,1.41,1249260000.0,primary_input_absent [netCashProvidedByOperatingActivities NaN (value=NaN)],nan
stock_CUR6K@718712e8d985,ORTI-B.ST,2026-04-01,1.78,157708000.0,primary_input_absent [netCashProvidedByOperatingActivities NaN (value=NaN)],nan
stock_CUR6K@718712e8d985,PBAM,2006-01-01,9.0,12465000.0,primary_input_absent [netCashProvidedByOperatingActivities NaN (value=NaN)],nan
stock_CUR6K@718712e8d985,PBAM,2006-04-01,9.0,12465000.0,primary_input_absent [netCashProvidedByOperatingActivities NaN (value=NaN)],nan
stock_CUR6K@718712e8d985,PBAM,2006-07-01,9.0,12465000.0,primary_input_absent [netCashProvidedByOperatingActivities NaN (value=NaN)],nan
stock_CUR6K@718712e8d985,PBAM,2006-10-01,9.0,12369987.0,primary_input_absent [netCashProvidedByOperatingActivities NaN (value=NaN)],nan
stock_CUR6K@718712e8d985,PBAM,2007-01-01,9.0,12442293.0,primary_input_absent [netCashProvidedByOperatingActivities NaN (value=NaN)],nan
stock_CUR6K@718712e8d985,PBAM,2007-04-01,9.0,12442293.0,primary_input_absent [netCashProvidedByOperatingActivities NaN (value=NaN)],nan
stock_CUR6K@718712e8d985,PBAM,2007-07-01,9.0,12442293.0,primary_input_absent [netCashProvidedByOperatingActivities NaN (value=NaN)],nan
stock_CUR6K@718712e8d985,PBAM,2012-10-01,9.15,23794254.75,primary_input_absent [netCashProvidedByOperatingActivities NaN (value=NaN)],nan
stock_CUR6K@718712e8d985,PBAM,2013-04-01,10.5,42525000.0,primary_input_absent [netCashProvidedByOperatingActivities NaN (value=NaN)],nan
stock_CUR6K@718712e8d985,PBAM,2013-07-01,11.25,46636357.5,primary_input_absent [netCashProvidedByOperatingActivities NaN (value=NaN)],nan
stock_CUR6K@718712e8d985,PBAM,2013-10-01,11.69,47974824.8,primary_input_absent [netCashProvidedByOperatingActivities NaN (value=NaN)],nan
stock_CUR6K@718712e8d985,PBAM,2014-01-01,12.35,48679575.1,primary_input_absent [netCashProvidedByOperatingActivities NaN (value=NaN)],nan
stock_CUR6K@718712e8d985,PBAM,2014-04-01,12.45,50894429.699999996,primary_input_absent [netCashProvidedByOperatingActivities NaN (value=NaN)],nan
stock_CUR6K@718712e8d985,PBAM,2014-07-01,13.4,54732769.0,primary_input_absent [netCashProvidedByOperatingActivities NaN (value=NaN)],nan
stock_CUR6K@718712e8d985,PBAM,2014-10-01,14.1,57591943.5,primary_input_absent [netCashProvidedByOperatingActivities NaN (value=NaN)],nan
stock_CUR6K@718712e8d985,PBAM,2015-01-01,14.65,59652968.75,primary_input_absent [netCashProvidedByOperatingActivities NaN (value=NaN)],nan
stock_CUR6K@718712e8d985,PBAM,2015-04-01,14.78,61040188.04,primary_input_absent [netCashProvidedByOperatingActivities NaN (value=NaN)],nan
stock_CUR6K@718712e8d985,PBAM,2015-07-01,15.0,62327085.0,primary_input_absent [netCashProvidedByOperatingActivities NaN (value=NaN)],nan
stock_CUR6K@718712e8d985,PBAM,2015-10-01,15.9,62764009.800000004,primary_input_absent [netCashProvidedByOperatingActivities NaN (value=NaN)],nan
stock_CUR6K@718712e8d985,PBAM,2016-01-01,17.0,65537924.0,primary_input_absent [netCashProvidedByOperatingActivities NaN (value=NaN)],nan
stock_CUR6K@718712e8d985,PBAM,2016-04-01,15.56,60942653.88,primary_input_absent [netCashProvidedByOperatingActivities NaN (value=NaN)],nan
stock_CUR6K@718712e8d985,PBAM,2016-07-01,16.12,65143708.760000005,primary_input_absent [netCashProvidedByOperatingActivities NaN (value=NaN)],nan
stock_CUR6K@718712e8d985,PBAM,2016-10-01,19.38,78317932.74,primary_input_absent [netCashProvidedByOperatingActivities NaN (value=NaN)],nan
stock_CUR6K@718712e8d985,PBAM,2017-01-01,22.76,92794113.2,primary_input_absent [netCashProvidedByOperatingActivities NaN (value=NaN)],nan
stock_CUR6K@718712e8d985,PBAM,2017-04-01,23.05,109376007.15,primary_input_absent [netCashProvidedByOperatingActivities NaN (value=NaN)],nan
stock_CUR6K@718712e8d985,PBAM,2017-07-01,23.16,114434092.68,primary_input_absent [netCashProvidedByOperatingActivities NaN (value=NaN)],nan
stock_CUR6K@718712e8d985,PBAM,2017-10-01,25.45,114132102.89999999,primary_input_absent [netCashProvidedByOperatingActivities NaN (value=NaN)],nan
stock_CUR6K@718712e8d985,PBAM,2018-01-01,26.3,130503966.4,primary_input_absent [netCashProvidedByOperatingActivities NaN (value=NaN)],nan
stock_CUR6K@718712e8d985,PBAM,2018-04-01,25.82,129485182.76,primary_input_absent [netCashProvidedByOperatingActivities NaN (value=NaN)],nan
stock_CUR6K@718712e8d985,PBAM,2018-07-01,25.8,128171949.0,primary_input_absent [netCashProvidedByOperatingActivities NaN (value=NaN)],nan
stock_CUR6K@718712e8d985,PBAM,2018-10-01,22.95,114063565.5,primary_input_absent [netCashProvidedByOperatingActivities NaN (value=NaN)],nan
stock_CUR6K@718712e8d985,PBAM,2019-01-01,23.55,117674899.05,primary_input_absent [netCashProvidedByOperatingActivities NaN (value=NaN)],nan
stock_CUR6K@718712e8d985,PBAM,2019-04-01,23.45,117893397.64999999,primary_input_absent [netCashProvidedByOperatingActivities NaN (value=NaN)],nan
stock_CUR6K@718712e8d985,PBAM,2019-07-01,20.31,110999796.17999999,primary_input_absent [netCashProvidedByOperatingActivities NaN (value=NaN)],nan
stock_CUR6K@718712e8d985,PBAM,2019-10-01,22.25,120462746.0,primary_input_absent [netCashProvidedByOperatingActivities NaN (value=NaN)],nan
stock_CUR6K@718712e8d985,PBAM,2020-01-01,13.0,71346561.0,primary_input_absent [netCashProvidedByOperatingActivities NaN (value=NaN)],nan
stock_CUR6K@718712e8d985,PBAM,2020-04-01,12.6,68482953.0,primary_input_absent [netCashProvidedByOperatingActivities NaN (value=NaN)],nan
stock_CUR6K@718712e8d985,PBAM,2020-07-01,13.25,72874602.5,primary_input_absent [netCashProvidedByOperatingActivities NaN (value=NaN)],nan
stock_CUR6K@718712e8d985,PBAM,2020-10-01,18.5,101773532.0,primary_input_absent [netCashProvidedByOperatingActivities NaN (value=NaN)],nan
stock_CUR6K@718712e8d985,PBAM,2021-01-01,24.0,132357288.0,primary_input_absent [netCashProvidedByOperatingActivities NaN (value=NaN)],nan
stock_CUR6K@718712e8d985,PBAM,2021-04-01,24.55,135911525.05,primary_input_absent [netCashProvidedByOperatingActivities NaN (value=NaN)],nan
stock_CUR6K@718712e8d985,PBAM,2021-07-01,24.75,137199224.25,primary_input_absent [netCashProvidedByOperatingActivities NaN (value=NaN)],nan
stock_CUR6K@718712e8d985,PBAM,2021-10-01,26.950000000000003,149503022.9,primary_input_absent [netCashProvidedByOperatingActivities NaN (value=NaN)],nan
stock_CUR6K@718712e8d985,PBAM,2022-01-01,30.04,167274736.0,primary_input_absent [netCashProvidedByOperatingActivities NaN (value=NaN)],nan
stock_CUR6K@718712e8d985,PBAM,2022-04-01,28.979999999999997,160638023.7,primary_input_absent [netCashProvidedByOperatingActivities NaN (value=NaN)],nan
stock_CUR6K@718712e8d985,PBAM,2022-07-01,29.25,162322290.0,primary_input_absent [netCashProvidedByOperatingActivities NaN (value=NaN)],nan
stock_CUR6K@718712e8d985,PBAM,2022-10-01,32.39,180132968.64000002,primary_input_absent [netCashProvidedByOperatingActivities NaN (value=NaN)],nan
stock_CUR6K@718712e8d985,PBAM,2023-01-01,29.0,162637597.0,primary_input_absent [netCashProvidedByOperatingActivities NaN (value=NaN)],nan
stock_CUR6K@718712e8d985,PBAM,2023-04-01,27.05,152952466.75,primary_input_absent [netCashProvidedByOperatingActivities NaN (value=NaN)],nan
stock_CUR6K@718712e8d985,PBAM,2023-07-01,31.74,179595711.6,primary_input_absent [netCashProvidedByOperatingActivities NaN (value=NaN)],nan
stock_CUR6K@718712e8d985,PBAM,2023-10-01,35.0,198240980.0,primary_input_absent [netCashProvidedByOperatingActivities NaN (value=NaN)],nan
stock_CUR6K@718712e8d985,PBAM,2024-01-01,34.15,193966638.45,primary_input_absent [netCashProvidedByOperatingActivities NaN (value=NaN)],nan
stock_CUR6K@718712e8d985,PBAM,2024-04-01,35.17,200572329.46,primary_input_absent [netCashProvidedByOperatingActivities NaN (value=NaN)],nan
stock_CUR6K@718712e8d985,PBAM,2024-07-01,45.0,256847535.0,primary_input_absent [netCashProvidedByOperatingActivities NaN (value=NaN)],nan
stock_CUR6K@718712e8d985,PBAM,2024-10-01,57.74000000000001,330058642.34000003,primary_input_absent [netCashProvidedByOperatingActivities NaN (value=NaN)],nan
stock_CUR6K@718712e8d985,PBAM,2025-01-01,54.91,314891718.08,primary_input_absent [netCashProvidedByOperatingActivities NaN (value=NaN)],nan
stock_CUR6K@718712e8d985,PBAM,2025-04-01,54.22,312029159.84,primary_input_absent [netCashProvidedByOperatingActivities NaN (value=NaN)],nan
stock_CUR6K@718712e8d985,PBAM,2025-07-01,59.05,339962187.59999996,primary_input_absent [netCashProvidedByOperatingActivities NaN (value=NaN)],nan
stock_CUR6K@718712e8d985,PBAM,2025-10-01,57.53,327995271.23,primary_input_absent [netCashProvidedByOperatingActivities NaN (value=NaN)],nan
stock_CUR6K@718712e8d985,PBAM,2026-01-01,67.99,387145122.52,primary_input_absent [netCashProvidedByOperatingActivities NaN (value=NaN)],nan
stock_CUR6K@718712e8d985,PBAM,2026-04-01,74.0,420406210.0,primary_input_absent [netCashProvidedByOperatingActivities NaN (value=NaN)],nan
stock_CUR6K@718712e8d985,PBB.DE,2007-10-01,,0.0,primary_input_absent [netCashProvidedByOperatingActivities NaN (value=NaN)],nan
stock_CUR6K@718712e8d985,PBB.DE,2008-10-01,11.45,1539742276.6,primary_input_absent [netCashProvidedByOperatingActivities NaN (value=NaN)],nan
stock_CUR6K@718712e8d985,PBB.DE,2009-10-01,11.45,1539742276.6,primary_input_absent [netCashProvidedByOperatingActivities NaN (value=NaN)],nan
stock_CUR6K@718712e8d985,PBB.DE,2010-10-01,11.45,1539742276.6,primary_input_absent [netCashProvidedByOperatingActivities NaN (value=NaN)],nan
stock_CUR6K@718712e8d985,PBB.DE,2011-10-01,11.45,1539742276.6,primary_input_absent [netCashProvidedByOperatingActivities NaN (value=NaN)],nan
stock_CUR6K@718712e8d985,PBB.DE,2012-10-01,11.45,1539742276.6,primary_input_absent [netCashProvidedByOperatingActivities NaN (value=NaN)],nan
stock_CUR6K@718712e8d985,PBB.DE,2013-04-01,11.45,1539742276.6,primary_input_absent [netCashProvidedByOperatingActivities NaN (value=NaN)],nan
stock_CUR6K@718712e8d985,PBB.DE,2013-10-01,11.45,1539742276.6,primary_input_absent [netCashProvidedByOperatingActivities NaN (value=NaN)],nan
stock_CUR6K@718712e8d985,PBB.DE,2014-04-01,11.45,1539742276.6,primary_input_absent [netCashProvidedByOperatingActivities NaN (value=NaN)],nan
stock_CUR6K@718712e8d985,PBB.DE,2014-10-01,11.45,1539742276.6,primary_input_absent [netCashProvidedByOperatingActivities NaN (value=NaN)],nan
stock_CUR6K@718712e8d985,PBB.DE,2015-04-01,11.45,1539742276.6,primary_input_absent [netCashProvidedByOperatingActivities NaN (value=NaN)],nan
stock_CUR6K@718712e8d985,PBB.DE,2015-10-01,11.2,1506123449.6,primary_input_absent [netCashProvidedByOperatingActivities NaN (value=NaN)],nan
stock_CUR6K@718712e8d985,PBB.DE,2016-04-01,8.85,1176612951.6,primary_input_absent [netCashProvidedByOperatingActivities NaN (value=NaN)],nan
stock_CUR6K@718712e8d985,PBB.DE,2016-10-01,9.12,1226414808.9599998,primary_input_absent [netCashProvidedByOperatingActivities NaN (value=NaN)],nan
stock_CUR6K@718712e8d985,PBB.DE,2017-04-01,10.8,1452333326.4,primary_input_absent [netCashProvidedByOperatingActivities NaN (value=NaN)],nan
stock_CUR6K@718712e8d985,PBB.DE,2017-10-01,13.36,1796590114.8799999,primary_input_absent [netCashProvidedByOperatingActivities NaN (value=NaN)],nan
stock_CUR6K@718712e8d985,PBB.DE,2018-04-01,12.01,1615048449.08,primary_input_absent [netCashProvidedByOperatingActivities NaN (value=NaN)],nan
stock_CUR6K@718712e8d985,PBB.DE,2018-10-01,8.68,1167245673.44,primary_input_absent [netCashProvidedByOperatingActivities NaN (value=NaN)],nan
stock_CUR6K@718712e8d985,PBB.DE,2019-04-01,10.66,1433506783.28,primary_input_absent [netCashProvidedByOperatingActivities NaN (value=NaN)],nan
stock_CUR6K@718712e8d985,PBB.DE,2019-10-01,14.56,1957960484.48,primary_input_absent [netCashProvidedByOperatingActivities NaN (value=NaN)],nan
stock_CUR6K@718712e8d985,PBB.DE,2020-04-01,6.5,874089502.0,primary_input_absent [netCashProvidedByOperatingActivities NaN (value=NaN)],nan
stock_CUR6K@718712e8d985,PBB.DE,2020-10-01,8.8,1183382710.4,primary_input_absent [netCashProvidedByOperatingActivities NaN (value=NaN)],nan
stock_CUR6K@718712e8d985,PBB.DE,2021-04-01,8.34,1121524068.72,primary_input_absent [netCashProvidedByOperatingActivities NaN (value=NaN)],nan
stock_CUR6K@718712e8d985,PBB.DE,2021-10-01,10.57,1421404005.56,primary_input_absent [netCashProvidedByOperatingActivities NaN (value=NaN)],nan
stock_CUR6K@718712e8d985,PBB.DE,2022-04-01,8.58,1153798142.64,primary_input_absent [netCashProvidedByOperatingActivities NaN (value=NaN)],nan
stock_CUR6K@718712e8d985,PBB.DE,2022-10-01,7.27,977635489.16,primary_input_absent [netCashProvidedByOperatingActivities NaN (value=NaN)],nan
stock_CUR6K@718712e8d985,PBB.DE,2023-04-01,6.7,900984563.6,primary_input_absent [netCashProvidedByOperatingActivities NaN (value=NaN)],nan
stock_CUR6K@718712e8d985,PBB.DE,2023-10-01,6.08,817609872.64,primary_input_absent [netCashProvidedByOperatingActivities NaN (value=NaN)],nan
stock_CUR6K@718712e8d985,PBB.DE,2024-04-01,5.16,693892589.28,primary_input_absent [netCashProvidedByOperatingActivities NaN (value=NaN)],nan
stock_CUR6K@718712e8d985,PBB.DE,2024-10-01,4.79,644136725.32,primary_input_absent [netCashProvidedByOperatingActivities NaN (value=NaN)],nan
stock_CUR6K@718712e8d985,PBB.DE,2025-04-01,5.25,705995367.0,primary_input_absent [netCashProvidedByOperatingActivities NaN (value=NaN)],nan
stock_CUR6K@718712e8d985,PBB.DE,2025-10-01,4.22,567485799.76,primary_input_absent [netCashProvidedByOperatingActivities NaN (value=NaN)],nan
stock_CUR6K@718712e8d985,PBB.DE,2026-04-01,3.2,430320985.6,primary_input_absent [netCashProvidedByOperatingActivities NaN (value=NaN)],nan
stock_CUR6K@718712e8d985,PEUG.PA,2005-10-01,89.0,2261312000.0,primary_input_absent [revenue impossible: < 0 (value=-6.7926e+07)],nan
stock_CUR6K@718712e8d985,PEUG.PA,2006-10-01,95.25,2415934620.75,primary_input_absent [revenue impossible: < 0 (value=-6.7926e+07)],nan
stock_CUR6K@718712e8d985,PEUG.PA,2007-10-01,88.0,2235904000.0,primary_input_absent [revenue impossible: < 0 (value=-6.7926e+07)],nan
stock_CUR6K@718712e8d985,PEUG.PA,2008-10-01,23.2,589465600.0,primary_input_absent [revenue impossible: < 0 (value=-6.7926e+07)],nan
stock_CUR6K@718712e8d985,PEUG.PA,2009-10-01,44.76,1126120107.48,primary_input_absent [revenue impossible: < 0 (value=-6.7926e+07)],nan
stock_CUR6K@718712e8d985,PEUG.PA,2010-04-01,37.15,934659561.9499999,primary_input_absent [revenue impossible: < 0 (value=-6.7926e+07)],nan
stock_CUR6K@718712e8d985,PEUG.PA,2010-10-01,51.3,1290660444.8999999,primary_input_absent [revenue impossible: < 0 (value=-6.7926e+07)],nan
stock_CUR6K@718712e8d985,PEUG.PA,2011-04-01,55.0,1383650015.0,primary_input_absent [revenue impossible: < 0 (value=-6.7926e+07)],nan
stock_CUR6K@718712e8d985,PEUG.PA,2011-10-01,30.63,770567271.99,primary_input_absent [revenue impossible: < 0 (value=-6.7926e+07)],nan
stock_CUR6K@718712e8d985,PEUG.PA,2012-04-01,25.3,635914994.0,primary_input_absent [revenue impossible: < 0 (value=-6.7926e+07)],nan
stock_CUR6K@718712e8d985,PEUG.PA,2012-10-01,29.0,730335710.0,primary_input_absent [revenue impossible: < 0 (value=-6.7926e+07)],nan
stock_CUR6K@718712e8d985,PEUG.PA,2013-04-01,34.61,871249055.13,primary_input_absent [revenue impossible: < 0 (value=-6.7926e+07)],nan
stock_CUR6K@718712e8d985,PEUG.PA,2013-10-01,42.22,1061756792.9,primary_input_absent [revenue impossible: < 0 (value=-6.7926e+07)],nan
stock_CUR6K@718712e8d985,PEUG.PA,2014-04-01,46.550000000000004,1167874283.45,primary_input_absent [revenue impossible: < 0 (value=-6.7926e+07)],nan
stock_CUR6K@718712e8d985,PEUG.PA,2014-10-01,49.99,1255645070.75,primary_input_absent [revenue impossible: < 0 (value=-6.7926e+07)],nan
stock_CUR6K@718712e8d985,PEUG.PA,2015-04-01,73.0,1830998994.0,primary_input_absent [revenue impossible: < 0 (value=-6.7926e+07)],nan
stock_CUR6K@718712e8d985,PEUG.PA,2015-10-01,68.0,1703407072.0,primary_input_absent [revenue impossible: < 0 (value=-6.7926e+07)],nan
stock_CUR6K@718712e8d985,PEUG.PA,2016-04-01,62.9,1606237232.7,primary_input_absent [revenue impossible: < 0 (value=-6.7926e+07)],nan
stock_CUR6K@718712e8d985,PEUG.PA,2016-10-01,72.25,1780471272.25,primary_input_absent [revenue impossible: < 0 (value=-6.7926e+07)],nan
stock_CUR6K@718712e8d985,PEUG.PA,2017-04-01,89.11999999999999,2205170486.08,primary_input_absent [revenue impossible: < 0 (value=-6.7926e+07)],nan
stock_CUR6K@718712e8d985,PEUG.PA,2017-10-01,100.4,2485832716.0,primary_input_absent [revenue impossible: < 0 (value=-6.7926e+07)],nan
stock_CUR6K@718712e8d985,PEUG.PA,2018-04-01,105.8,2620565913.2,primary_input_absent [revenue impossible: < 0 (value=-6.7926e+07)],nan
stock_CUR6K@718712e8d985,PEUG.PA,2018-10-01,80.2,1984527987.6000001,primary_input_absent [revenue impossible: < 0 (value=-6.7926e+07)],nan
stock_CUR6K@718712e8d985,PEUG.PA,2019-04-01,95.60000000000001,2365270096.4,primary_input_absent [revenue impossible: < 0 (value=-6.7926e+07)],nan
stock_CUR6K@718712e8d985,PEUG.PA,2019-10-01,104.0,2573613016.0,primary_input_absent [revenue impossible: < 0 (value=-6.7926e+07)],nan
stock_CUR6K@718712e8d985,PEUG.PA,2020-04-01,67.0,1657889205.0,primary_input_absent [revenue impossible: < 0 (value=-6.7926e+07)],nan
stock_CUR6K@718712e8d985,PEUG.PA,2020-10-01,94.6,2347717242.2,primary_input_absent [revenue impossible: < 0 (value=-6.7926e+07)],nan
stock_CUR6K@718712e8d985,PEUG.PA,2021-04-01,113.4,2806467085.8,primary_input_absent [revenue impossible: < 0 (value=-6.7926e+07)],nan
stock_CUR6K@718712e8d985,PEUG.PA,2021-10-01,124.0,3080091180.0,primary_input_absent [revenue impossible: < 0 (value=-6.7926e+07)],nan
stock_CUR6K@718712e8d985,PEUG.PA,2022-04-01,86.5,2148023533.0,primary_input_absent [revenue impossible: < 0 (value=-6.7926e+07)],nan
stock_CUR6K@718712e8d985,PEUG.PA,2022-10-01,89.0,2209303426.0,primary_input_absent [revenue impossible: < 0 (value=-6.7926e+07)],nan
stock_CUR6K@718712e8d985,PEUG.PA,2023-04-01,102.2,2539191704.0,primary_input_absent [revenue impossible: < 0 (value=-6.7926e+07)],nan
stock_CUR6K@718712e8d985,PEUG.PA,2023-10-01,101.39999999999999,2518789587.6,primary_input_absent [revenue impossible: < 0 (value=-6.7926e+07)],nan
stock_CUR6K@718712e8d985,PEUG.PA,2024-04-01,90.7,2252383303.1,primary_input_absent [revenue impossible: < 0 (value=-6.7926e+07)],nan
stock_CUR6K@718712e8d985,PEUG.PA,2024-10-01,73.1,1813288409.6999998,primary_input_absent [revenue impossible: < 0 (value=-6.7926e+07)],nan
stock_CUR6K@718712e8d985,PEUG.PA,2025-04-01,73.6,1824934521.6,primary_input_absent [revenue impossible: < 0 (value=-6.7926e+07)],nan
stock_CUR6K@718712e8d985,PEUG.PA,2025-10-01,75.8,1894242000.0,primary_input_absent [revenue impossible: < 0 (value=-6.7926e+07)],nan
stock_CUR6K@718712e8d985,PNP.TO,2006-07-01,880.0,540800480.0,primary_input_absent [revenue impossible: < 0 (value=-1.397e+06)],nan
stock_CUR6K@718712e8d985,PNP.TO,2006-10-01,1983.0,898983135.0,primary_input_absent [revenue impossible: < 0 (value=-1.397e+06)],nan
stock_CUR6K@718712e8d985,PNP.TO,2007-01-01,2337.0,1449972954.0,primary_input_absent [revenue impossible: < 0 (value=-1.397e+06)],nan
stock_CUR6K@718712e8d985,PNP.TO,2007-04-01,1900.0,1302486100.0,primary_input_absent [revenue impossible: < 0 (value=-1.397e+06)],nan
stock_CUR6K@718712e8d985,PNP.TO,2007-07-01,1268.0,913846332.0,primary_input_absent [revenue impossible: < 0 (value=-1.397e+06)],nan
stock_CUR6K@718712e8d985,PNP.TO,2007-10-01,852.0,601742040.0,primary_input_absent [revenue impossible: < 0 (value=-1.397e+06)],nan
stock_CUR6K@718712e8d985,PNP.TO,2008-01-01,626.0,515082816.0,primary_input_absent [revenue impossible: < 0 (value=-1.397e+06)],nan
stock_CUR6K@718712e8d985,PNP.TO,2008-04-01,464.0,382141584.0,primary_input_absent [revenue impossible: < 0 (value=-1.397e+06)],nan
stock_CUR6K@718712e8d985,PNP.TO,2008-07-01,212.0,198152796.0,primary_input_absent [revenue impossible: < 0 (value=-1.397e+06)],nan
stock_CUR6K@718712e8d985,PNP.TO,2008-10-01,164.0,144812000.0,primary_input_absent [revenue impossible: < 0 (value=-1.397e+06)],nan
stock_CUR6K@718712e8d985,PNP.TO,2009-01-01,258.0,245046594.0,primary_input_absent [revenue impossible: < 0 (value=-1.397e+06)],nan
stock_CUR6K@718712e8d985,PNP.TO,2009-04-01,346.0,328921094.0,primary_input_absent [revenue impossible: < 0 (value=-1.397e+06)],nan
stock_CUR6K@718712e8d985,PNP.TO,2009-07-01,378.0,361539990.0,primary_input_absent [revenue impossible: < 0 (value=-1.397e+06)],nan
stock_CUR6K@718712e8d985,PNP.TO,2009-10-01,428.0,409849804.0,primary_input_absent [revenue impossible: < 0 (value=-1.397e+06)],nan
stock_CUR6K@718712e8d985,PNP.TO,2010-01-01,366.0,358431486.0,primary_input_absent [revenue impossible: < 0 (value=-1.397e+06)],nan
stock_CUR6K@718712e8d985,PNP.TO,2010-04-01,232.0,227419856.0,primary_input_absent [revenue impossible: < 0 (value=-1.397e+06)],nan
stock_CUR6K@718712e8d985,PNP.TO,2010-07-01,368.0,361158880.0,primary_input_absent [revenue impossible: < 0 (value=-1.397e+06)],nan
stock_CUR6K@718712e8d985,PNP.TO,2010-10-01,828.0,812339208.0,primary_input_absent [revenue impossible: < 0 (value=-1.397e+06)],nan
stock_CUR6K@718712e8d985,PNP.TO,2011-01-01,638.0,629274074.0,primary_input_absent [revenue impossible: < 0 (value=-1.397e+06)],nan
stock_CUR6K@718712e8d985,PNP.TO,2011-04-01,454.0,448306386.0,primary_input_absent [revenue impossible: < 0 (value=-1.397e+06)],nan
stock_CUR6K@718712e8d985,PNP.TO,2011-07-01,252.0,248841684.0,primary_input_absent [revenue impossible: < 0 (value=-1.397e+06)],nan
stock_CUR6K@718712e8d985,PNP.TO,2011-10-01,294.0,290213868.0,primary_input_absent [revenue impossible: < 0 (value=-1.397e+06)],nan
stock_CUR6K@718712e8d985,PNP.TO,2012-01-01,274.0,270367856.0,primary_input_absent [revenue impossible: < 0 (value=-1.397e+06)],nan
stock_CUR6K@718712e8d985,PNP.TO,2012-04-01,170.0,167746480.0,primary_input_absent [revenue impossible: < 0 (value=-1.397e+06)],nan
stock_CUR6K@718712e8d985,PNP.TO,2012-07-01,244.0,240765536.0,primary_input_absent [revenue impossible: < 0 (value=-1.397e+06)],nan
stock_CUR6K@718712e8d985,PNP.TO,2012-10-01,172.0,169542980.0,primary_input_absent [revenue impossible: < 0 (value=-1.397e+06)],nan
stock_CUR6K@718712e8d985,PNP.TO,2013-01-01,114.0,117461838.0,primary_input_absent [revenue impossible: < 0 (value=-1.397e+06)],nan
stock_CUR6K@718712e8d985,PNP.TO,2013-04-01,70.0,72803990.0,primary_input_absent [revenue impossible: < 0 (value=-1.397e+06)],nan
stock_CUR6K@718712e8d985,PNP.TO,2013-07-01,68.0,70723876.0,primary_input_absent [revenue impossible: < 0 (value=-1.397e+06)],nan
stock_CUR6K@718712e8d985,PNP.TO,2013-10-01,64.0,67000640.0,primary_input_absent [revenue impossible: < 0 (value=-1.397e+06)],nan
stock_CUR6K@718712e8d985,PNP.TO,2014-01-01,100.0,110023700.0,primary_input_absent [revenue impossible: < 0 (value=-1.397e+06)],nan
stock_CUR6K@718712e8d985,PNP.TO,2014-04-01,96.0,113092704.0,primary_input_absent [revenue impossible: < 0 (value=-1.397e+06)],nan
stock_CUR6K@718712e8d985,PNP.TO,2014-07-01,48.0,69231072.0,primary_input_absent [revenue impossible: < 0 (value=-1.397e+06)],nan
stock_CUR6K@718712e8d985,PNP.TO,2014-10-01,28.0,36305136.0,primary_input_absent [revenue impossible: < 0 (value=-1.397e+06)],nan
stock_CUR6K@718712e8d985,PNP.TO,2015-01-01,28.0,35046928.0,primary_input_absent [revenue impossible: < 0 (value=-1.397e+06)],nan
stock_CUR6K@718712e8d985,PNP.TO,2015-04-01,18.0,22530168.0,primary_input_absent [revenue impossible: < 0 (value=-1.397e+06)],nan
stock_CUR6K@718712e8d985,PNP.TO,2015-07-01,14.0,17523464.0,primary_input_absent [revenue impossible: < 0 (value=-1.397e+06)],nan
stock_CUR6K@718712e8d985,PNP.TO,2015-10-01,8.0,10013408.0,primary_input_absent [revenue impossible: < 0 (value=-1.397e+06)],nan
stock_CUR6K@718712e8d985,PNP.TO,2016-01-01,6.0,8331012.0,primary_input_absent [revenue impossible: < 0 (value=-1.397e+06)],nan
stock_CUR6K@718712e8d985,PNP.TO,2016-04-01,6.0,12391620.0,primary_input_absent [revenue impossible: < 0 (value=-1.397e+06)],nan
stock_CUR6K@718712e8d985,PNP.TO,2016-07-01,8.1,19899440.099999998,primary_input_absent [revenue impossible: < 0 (value=-1.397e+06)],nan
stock_CUR6K@718712e8d985,PNP.TO,2016-10-01,4.46,10097560.42,primary_input_absent [revenue impossible: < 0 (value=-1.397e+06)],nan
stock_CUR6K@718712e8d985,PNP.TO,2017-01-01,3.44,8451120.24,primary_input_absent [revenue impossible: < 0 (value=-1.397e+06)],nan
stock_CUR6K@718712e8d985,PNP.TO,2017-04-01,4.28,10630308.76,primary_input_absent [revenue impossible: < 0 (value=-1.397e+06)],nan
stock_CUR6K@718712e8d985,PNP.TO,2017-07-01,4.22,20734725.24,primary_input_absent [revenue impossible: < 0 (value=-1.397e+06)],nan
stock_CUR6K@718712e8d985,PNP.TO,2017-10-01,5.0,22612995.0,primary_input_absent [revenue impossible: < 0 (value=-1.397e+06)],nan
stock_CUR6K@718712e8d985,PNP.TO,2018-01-01,4.9,24075865.8,primary_input_absent [revenue impossible: < 0 (value=-1.397e+06)],nan
stock_CUR6K@718712e8d985,PNP.TO,2018-04-01,4.56,22405295.52,primary_input_absent [revenue impossible: < 0 (value=-1.397e+06)],nan
stock_CUR6K@718712e8d985,PNP.TO,2018-07-01,3.96,19457230.32,primary_input_absent [revenue impossible: < 0 (value=-1.397e+06)],nan
stock_CUR6K@718712e8d985,PNP.TO,2018-10-01,2.52,11396949.48,primary_input_absent [revenue impossible: < 0 (value=-1.397e+06)],nan
stock_CUR6K@718712e8d985,PNP.TO,2019-01-01,2.56,12578411.52,primary_input_absent [revenue impossible: < 0 (value=-1.397e+06)],nan
stock_CUR6K@718712e8d985,PNP.TO,2019-04-01,2.76,13561099.919999998,primary_input_absent [revenue impossible: < 0 (value=-1.397e+06)],nan
stock_CUR6K@718712e8d985,PNP.TO,2019-07-01,2.74,13462831.080000002,primary_input_absent [revenue impossible: < 0 (value=-1.397e+06)],nan
stock_CUR6K@718712e8d985,PNP.TO,2019-10-01,3.08,13929604.92,primary_input_absent [revenue impossible: < 0 (value=-1.397e+06)],nan
stock_CUR6K@718712e8d985,PNP.TO,2020-01-01,1.9199999999999997,9433808.639999999,primary_input_absent [revenue impossible: < 0 (value=-1.397e+06)],nan
stock_CUR6K@718712e8d985,PNP.TO,2020-04-01,2.14,9678361.860000001,primary_input_absent [revenue impossible: < 0 (value=-1.397e+06)],nan
stock_CUR6K@718712e8d985,PNP.TO,2020-07-01,2.56,12078131.200000001,primary_input_absent [revenue impossible: < 0 (value=-1.397e+06)],nan
stock_CUR6K@718712e8d985,PNP.TO,2020-10-01,3.04,13748700.96,primary_input_absent [revenue impossible: < 0 (value=-1.397e+06)],nan
stock_CUR6K@718712e8d985,PNP.TO,2021-01-01,4.68,21422110.32,primary_input_absent [revenue impossible: < 0 (value=-1.397e+06)],nan
stock_CUR6K@718712e8d985,PNP.TO,2021-04-01,4.0,28888608.0,primary_input_absent [revenue impossible: < 0 (value=-1.397e+06)],nan
stock_CUR6K@718712e8d985,PNP.TO,2021-07-01,4.59,43086330.0,primary_input_absent [revenue impossible: < 0 (value=-1.397e+06)],nan
stock_CUR6K@718712e8d985,PNP.TO,2021-10-01,5.45,50270898.1,primary_input_absent [revenue impossible: < 0 (value=-1.397e+06)],nan
stock_CUR6K@718712e8d985,PNP.TO,2022-01-01,4.49,42147630.0,primary_input_absent [revenue impossible: < 0 (value=-1.397e+06)],nan
stock_CUR6K@718712e8d985,PNP.TO,2022-04-01,3.19,29944530.0,primary_input_absent [revenue impossible: < 0 (value=-1.397e+06)],nan
stock_CUR6K@718712e8d985,PNP.TO,2022-07-01,3.08,28079334.36,primary_input_absent [revenue impossible: < 0 (value=-1.397e+06)],nan
stock_CUR6K@718712e8d985,PNP.TO,2022-10-01,3.99,37454130.0,primary_input_absent [revenue impossible: < 0 (value=-1.397e+06)],nan
stock_CUR6K@718712e8d985,PNP.TO,2023-01-01,3.58,33605460.0,primary_input_absent [revenue impossible: < 0 (value=-1.397e+06)],nan
stock_CUR6K@718712e8d985,PNP.TO,2023-04-01,4.0,37548000.0,primary_input_absent [revenue impossible: < 0 (value=-1.397e+06)],nan
stock_CUR6K@718712e8d985,PNP.TO,2023-07-01,4.06,38111220.0,primary_input_absent [revenue impossible: < 0 (value=-1.397e+06)],nan
stock_CUR6K@718712e8d985,PNP.TO,2023-10-01,3.6,33793200.0,primary_input_absent [revenue impossible: < 0 (value=-1.397e+06)],nan
stock_CUR6K@718712e8d985,PNP.TO,2024-01-01,5.7,53505900.0,primary_input_absent [revenue impossible: < 0 (value=-1.397e+06)],nan
stock_CUR6K@718712e8d985,PNP.TO,2024-04-01,6.17,57917790.0,primary_input_absent [revenue impossible: < 0 (value=-1.397e+06)],nan
stock_CUR6K@718712e8d985,PNP.TO,2024-07-01,7.5,70402500.0,primary_input_absent [revenue impossible: < 0 (value=-1.397e+06)],nan
stock_CUR6K@718712e8d985,PNP.TO,2024-10-01,11.0,103257000.0,primary_input_absent [revenue impossible: < 0 (value=-1.397e+06)],nan
stock_CUR6K@718712e8d985,PNP.TO,2025-01-01,15.0,140805000.0,primary_input_absent [revenue impossible: < 0 (value=-1.397e+06)],nan
stock_CUR6K@718712e8d985,PNP.TO,2025-04-01,16.88,158452560.0,primary_input_absent [revenue impossible: < 0 (value=-1.397e+06)],nan
stock_CUR6K@718712e8d985,PNP.TO,2025-07-01,12.46,116962020.00000001,primary_input_absent [revenue impossible: < 0 (value=-1.397e+06)],nan
stock_CUR6K@718712e8d985,PNP.TO,2025-10-01,11.05,103726350.0,primary_input_absent [revenue impossible: < 0 (value=-1.397e+06)],nan
stock_CUR6K@718712e8d985,PNP.TO,2026-01-01,8.37,78569190.0,primary_input_absent [revenue impossible: < 0 (value=-1.397e+06)],nan
stock_CUR6K@718712e8d985,PNP.TO,2026-04-01,9.01,84576870.0,primary_input_absent [revenue impossible: < 0 (value=-1.397e+06)],nan
stock_CUR6K@718712e8d985,PRC.PA,2004-10-01,,0.0,primary_input_absent [netCashProvidedByOperatingActivities NaN (value=NaN)],nan
stock_CUR6K@718712e8d985,PRC.PA,2005-10-01,,96716774.39999999,primary_input_absent [netCashProvidedByOperatingActivities NaN (value=NaN)],nan
stock_CUR6K@718712e8d985,PRC.PA,2006-10-01,,120633850.0,primary_input_absent [netCashProvidedByOperatingActivities NaN (value=NaN)],nan
stock_CUR6K@718712e8d985,PRC.PA,2007-10-01,17.040001,108189522.34915,primary_input_absent [netCashProvidedByOperatingActivities NaN (value=NaN)],nan
stock_CUR6K@718712e8d985,PRC.PA,2008-10-01,4.41,28205103.150000002,primary_input_absent [netCashProvidedByOperatingActivities NaN (value=NaN)],nan
stock_CUR6K@718712e8d985,PRC.PA,2009-10-01,9.18,58712663.699999996,primary_input_absent [netCashProvidedByOperatingActivities NaN (value=NaN)],nan
stock_CUR6K@718712e8d985,PRC.PA,2010-04-01,8.54,54633283.599999994,primary_input_absent [netCashProvidedByOperatingActivities NaN (value=NaN)],nan
stock_CUR6K@718712e8d985,PRC.PA,2010-10-01,9.04,57831953.599999994,primary_input_absent [netCashProvidedByOperatingActivities NaN (value=NaN)],nan
stock_CUR6K@718712e8d985,PRC.PA,2011-04-01,42.029999,269019355.129349,primary_input_absent [netCashProvidedByOperatingActivities NaN (value=NaN)],nan
stock_CUR6K@718712e8d985,PRC.PA,2011-10-01,51.25,328279363.75,primary_input_absent [netCashProvidedByOperatingActivities NaN (value=NaN)],nan
stock_CUR6K@718712e8d985,PRC.PA,2012-04-01,25.0,160136275.0,primary_input_absent [netCashProvidedByOperatingActivities NaN (value=NaN)],nan
stock_CUR6K@718712e8d985,PRC.PA,2012-10-01,31.049999000000003,198889247.144549,primary_input_absent [netCashProvidedByOperatingActivities NaN (value=NaN)],nan
stock_CUR6K@718712e8d985,PRC.PA,2013-04-01,20.02,128998549.67999999,primary_input_absent [netCashProvidedByOperatingActivities NaN (value=NaN)],nan
stock_CUR6K@718712e8d985,PRC.PA,2013-10-01,14.48,95517059.36,primary_input_absent [netCashProvidedByOperatingActivities NaN (value=NaN)],nan
stock_CUR6K@718712e8d985,PRC.PA,2014-04-01,14.2,94088916.0,primary_input_absent [netCashProvidedByOperatingActivities NaN (value=NaN)],nan
stock_CUR6K@718712e8d985,PRC.PA,2014-10-01,13.1,87134846.5,primary_input_absent [netCashProvidedByOperatingActivities NaN (value=NaN)],nan
stock_CUR6K@718712e8d985,PRC.PA,2015-04-01,13.79,91724391.85,primary_input_absent [netCashProvidedByOperatingActivities NaN (value=NaN)],nan
stock_CUR6K@718712e8d985,PRC.PA,2015-10-01,13.09,87068331.35,primary_input_absent [netCashProvidedByOperatingActivities NaN (value=NaN)],nan
stock_CUR6K@718712e8d985,PRC.PA,2016-04-01,9.72,64511678.88,primary_input_absent [netCashProvidedByOperatingActivities NaN (value=NaN)],nan
stock_CUR6K@718712e8d985,PRC.PA,2016-10-01,11.5,76659299.0,primary_input_absent [netCashProvidedByOperatingActivities NaN (value=NaN)],nan
stock_CUR6K@718712e8d985,PRC.PA,2017-04-01,16.9,112220393.99999999,primary_input_absent [netCashProvidedByOperatingActivities NaN (value=NaN)],nan
stock_CUR6K@718712e8d985,PRC.PA,2017-10-01,17.0,113267090.0,primary_input_absent [netCashProvidedByOperatingActivities NaN (value=NaN)],nan
stock_CUR6K@718712e8d985,PRC.PA,2018-04-01,14.34,95462914.38,primary_input_absent [netCashProvidedByOperatingActivities NaN (value=NaN)],nan
stock_CUR6K@718712e8d985,PRC.PA,2018-10-01,14.36,95435454.28,primary_input_absent [netCashProvidedByOperatingActivities NaN (value=NaN)],nan
stock_CUR6K@718712e8d985,PRC.PA,2019-04-01,12.9,85804543.5,primary_input_absent [netCashProvidedByOperatingActivities NaN (value=NaN)],nan
stock_CUR6K@718712e8d985,PRC.PA,2019-10-01,9.51,63255907.65,primary_input_absent [netCashProvidedByOperatingActivities NaN (value=NaN)],nan
stock_CUR6K@718712e8d985,PRC.PA,2020-04-01,7.82,52014847.300000004,primary_input_absent [netCashProvidedByOperatingActivities NaN (value=NaN)],nan
stock_CUR6K@718712e8d985,PRC.PA,2020-10-01,7.34,48822120.1,primary_input_absent [netCashProvidedByOperatingActivities NaN (value=NaN)],nan
stock_CUR6K@718712e8d985,PRC.PA,2021-04-01,5.54,36849393.1,primary_input_absent [netCashProvidedByOperatingActivities NaN (value=NaN)],nan
stock_CUR6K@718712e8d985,PRC.PA,2021-10-01,10.780000000000001,71703331.7,primary_input_absent [netCashProvidedByOperatingActivities NaN (value=NaN)],nan
stock_CUR6K@718712e8d985,PRC.PA,2022-04-01,6.82,45363332.300000004,primary_input_absent [netCashProvidedByOperatingActivities NaN (value=NaN)],nan
stock_CUR6K@718712e8d985,PRC.PA,2022-10-01,7.1,47225756.5,primary_input_absent [netCashProvidedByOperatingActivities NaN (value=NaN)],nan
stock_CUR6K@718712e8d985,PRC.PA,2023-04-01,7.09,47159241.35,primary_input_absent [netCashProvidedByOperatingActivities NaN (value=NaN)],nan
stock_CUR6K@718712e8d985,PRC.PA,2023-10-01,5.07,33723181.050000004,primary_input_absent [netCashProvidedByOperatingActivities NaN (value=NaN)],nan
stock_CUR6K@718712e8d985,PRC.PA,2024-04-01,4.54,30197878.1,primary_input_absent [netCashProvidedByOperatingActivities NaN (value=NaN)],nan
stock_CUR6K@718712e8d985,PRC.PA,2024-10-01,4.17,27736817.55,primary_input_absent [netCashProvidedByOperatingActivities NaN (value=NaN)],nan
stock_CUR6K@718712e8d985,PRC.PA,2025-04-01,4.29,28534999.35,primary_input_absent [netCashProvidedByOperatingActivities NaN (value=NaN)],nan
stock_CUR6K@718712e8d985,PRC.PA,2025-10-01,3.54,23546363.1,primary_input_absent [netCashProvidedByOperatingActivities NaN (value=NaN)],nan
stock_CUR6K@718712e8d985,PSDL.L,2012-10-01,,86423092.776675,primary_input_absent [revenue impossible: < 0 (value=-5.822e+06)],
stock_CUR6K@718712e8d985,PSDL.L,2013-04-01,1.7523300000000002,82640592.49365,primary_input_absent [revenue impossible: < 0 (value=-5.822e+06)],
stock_CUR6K@718712e8d985,PSDL.L,2013-10-01,1.8057899999999998,95374095.40721999,primary_input_absent [revenue impossible: < 0 (value=-5.822e+06)],
stock_CUR6K@718712e8d985,PSDL.L,2014-04-01,1.8722999999999999,94762967.0436,primary_input_absent [revenue impossible: < 0 (value=-5.822e+06)],
stock_CUR6K@718712e8d985,PSDL.L,2014-10-01,1.9309500000000004,90947743.06905001,primary_input_absent [revenue impossible: < 0 (value=-5.822e+06)],
stock_CUR6K@718712e8d985,PSDL.L,2015-04-01,2.034272625,121314985.15027237,primary_input_absent [revenue impossible: < 0 (value=-5.822e+06)],
stock_CUR6K@718712e8d985,PSDL.L,2015-10-01,2.1136283999999996,169320739.92710757,primary_input_absent [revenue impossible: < 0 (value=-5.822e+06)],
stock_CUR6K@718712e8d985,PSDL.L,2016-04-01,2.371556425,205702884.8996632,primary_input_absent [revenue impossible: < 0 (value=-5.822e+06)],
stock_CUR6K@718712e8d985,PSDL.L,2016-10-01,2.7247595374999998,261840497.93861958,primary_input_absent [revenue impossible: < 0 (value=-5.822e+06)],
stock_CUR6K@718712e8d985,PSDL.L,2017-04-01,3.3487206250000003,328050152.6530894,primary_input_absent [revenue impossible: < 0 (value=-5.822e+06)],
stock_CUR6K@718712e8d985,PSDL.L,2017-10-01,4.3525503,445589538.2726571,primary_input_absent [revenue impossible: < 0 (value=-5.822e+06)],
stock_CUR6K@718712e8d985,PSDL.L,2018-04-01,3.898914000000001,370682608.69945806,primary_input_absent [revenue impossible: < 0 (value=-5.822e+06)],
stock_CUR6K@718712e8d985,PSDL.L,2018-10-01,3.9488944,398520637.9477312,primary_input_absent [revenue impossible: < 0 (value=-5.822e+06)],
stock_CUR6K@718712e8d985,PSDL.L,2019-04-01,3.272663500000001,329726542.0594901,primary_input_absent [revenue impossible: < 0 (value=-5.822e+06)],
stock_CUR6K@718712e8d985,PSDL.L,2019-10-01,3.7804480000000007,386785940.52425605,primary_input_absent [revenue impossible: < 0 (value=-5.822e+06)],
stock_CUR6K@718712e8d985,PSDL.L,2020-04-01,3.2592468,321207272.2556544,primary_input_absent [revenue impossible: < 0 (value=-5.822e+06)],
stock_CUR6K@718712e8d985,PSDL.L,2020-10-01,3.545328,348174385.409136,primary_input_absent [revenue impossible: < 0 (value=-5.822e+06)],
stock_CUR6K@718712e8d985,PSDL.L,2021-04-01,4.6525395000000005,447851260.92389554,primary_input_absent [revenue impossible: < 0 (value=-5.822e+06)],
stock_CUR6K@718712e8d985,PSDL.L,2021-10-01,4.7297126,443801452.8072522,primary_input_absent [revenue impossible: < 0 (value=-5.822e+06)],
stock_CUR6K@718712e8d985,PSDL.L,2022-04-01,3.6693288,339251555.26602,primary_input_absent [revenue impossible: < 0 (value=-5.822e+06)],
stock_CUR6K@718712e8d985,PSDL.L,2022-10-01,2.7903589999999996,254429322.85470697,primary_input_absent [revenue impossible: < 0 (value=-5.822e+06)],
stock_CUR6K@718712e8d985,PSDL.L,2023-04-01,2.1644075999999997,197827242.06896037,primary_input_absent [revenue impossible: < 0 (value=-5.822e+06)],
stock_CUR6K@718712e8d985,PSDL.L,2023-10-01,1.9487558999999999,178949115.4276917,primary_input_absent [revenue impossible: < 0 (value=-5.822e+06)],propertyPlantEquipmentNet
stock_CUR6K@718712e8d985,PSDL.L,2024-04-01,1.8538695,170235274.5765,primary_input_absent [revenue impossible: < 0 (value=-5.822e+06)],propertyPlantEquipmentNet
stock_CUR6K@718712e8d985,PSDL.L,2024-10-01,2.044760025,187764178.815675,primary_input_absent [revenue impossible: < 0 (value=-5.822e+06)],
stock_CUR6K@718712e8d985,PSDL.L,2025-04-01,1.9300215,177228784.8783045,primary_input_absent [revenue impossible: < 0 (value=-5.822e+06)],
stock_CUR6K@718712e8d985,PSDL.L,2025-10-01,1.9321221,177421677.4370223,primary_input_absent [revenue impossible: < 0 (value=-5.822e+06)],
stock_CUR6K@718712e8d985,PSE.OL,2011-10-01,0.8468424368,12822217.478815654,primary_input_absent [netCashProvidedByOperatingActivities NaN (value=NaN)],nan
stock_CUR6K@718712e8d985,PSE.OL,2012-01-01,1.44886640496,39461132.7062587,primary_input_absent [netCashProvidedByOperatingActivities NaN (value=NaN)],nan
stock_CUR6K@718712e8d985,PSE.OL,2012-04-01,1.12567060656,30658614.926077485,primary_input_absent [netCashProvidedByOperatingActivities NaN (value=NaN)],nan
stock_CUR6K@718712e8d985,PSE.OL,2012-07-01,1.1897500467,32403874.035164986,primary_input_absent [netCashProvidedByOperatingActivities NaN (value=NaN)],nan
stock_CUR6K@718712e8d985,PSE.OL,2012-10-01,0.8531000000000001,23234918.137700003,primary_input_absent [netCashProvidedByOperatingActivities NaN (value=NaN)],nan
stock_CUR6K@718712e8d985,PSE.OL,2013-01-01,1.5149713999999999,41261559.559203796,primary_input_absent [netCashProvidedByOperatingActivities NaN (value=NaN)],nan
stock_CUR6K@718712e8d985,PSE.OL,2013-04-01,1.2188945,33197648.4890315,primary_input_absent [netCashProvidedByOperatingActivities NaN (value=NaN)],nan
stock_CUR6K@718712e8d985,PSE.OL,2013-07-01,1.0329713999999999,28133871.665203795,primary_input_absent [netCashProvidedByOperatingActivities NaN (value=NaN)],nan
stock_CUR6K@718712e8d985,PSE.OL,2013-10-01,0.9849357,26825577.728751898,primary_input_absent [netCashProvidedByOperatingActivities NaN (value=NaN)],nan
stock_CUR6K@718712e8d985,PSE.OL,2014-01-01,1.9870619999999999,54119356.352754,primary_input_absent [netCashProvidedByOperatingActivities NaN (value=NaN)],nan
stock_CUR6K@718712e8d985,PSE.OL,2014-04-01,1.743244,47478761.732548,primary_input_absent [netCashProvidedByOperatingActivities NaN (value=NaN)],nan
stock_CUR6K@718712e8d985,PSE.OL,2014-07-01,1.3993200000000001,38111693.410440005,primary_input_absent [netCashProvidedByOperatingActivities NaN (value=NaN)],nan
stock_CUR6K@718712e8d985,PSE.OL,2014-10-01,0.9123515000000001,24848684.1112505,primary_input_absent [netCashProvidedByOperatingActivities NaN (value=NaN)],nan
stock_CUR6K@718712e8d985,PSE.OL,2015-01-01,0.8186640000000001,22297023.821688,primary_input_absent [netCashProvidedByOperatingActivities NaN (value=NaN)],nan
stock_CUR6K@718712e8d985,PSE.OL,2015-04-01,0.776591,21151129.189397,primary_input_absent [netCashProvidedByOperatingActivities NaN (value=NaN)],nan
stock_CUR6K@718712e8d985,PSE.OL,2015-07-01,0.5677895,15464239.305996498,primary_input_absent [netCashProvidedByOperatingActivities NaN (value=NaN)],nan
stock_CUR6K@718712e8d985,PSE.OL,2015-10-01,0.54216,14766197.652719999,primary_input_absent [netCashProvidedByOperatingActivities NaN (value=NaN)],nan
stock_CUR6K@718712e8d985,PSE.OL,2016-01-01,0.5209497,14188516.7428899,primary_input_absent [netCashProvidedByOperatingActivities NaN (value=NaN)],nan
stock_CUR6K@718712e8d985,PSE.OL,2016-04-01,0.5278364,14376081.9881588,primary_input_absent [netCashProvidedByOperatingActivities NaN (value=NaN)],nan
stock_CUR6K@718712e8d985,PSE.OL,2016-07-01,0.44342040000000005,12076939.039486801,primary_input_absent [netCashProvidedByOperatingActivities NaN (value=NaN)],nan
stock_CUR6K@718712e8d985,PSE.OL,2016-10-01,0.47841839999999997,13030139.9127528,primary_input_absent [netCashProvidedByOperatingActivities NaN (value=NaN)],nan
stock_CUR6K@718712e8d985,PSE.OL,2017-04-01,,0.0,primary_input_absent [netCashProvidedByOperatingActivities NaN (value=NaN)],nan
stock_CUR6K@718712e8d985,PSE.OL,2017-10-01,,0.0,primary_input_absent [netCashProvidedByOperatingActivities NaN (value=NaN)],nan
stock_CUR6K@718712e8d985,PSE.OL,2018-04-01,,0.0,primary_input_absent [netCashProvidedByOperatingActivities NaN (value=NaN)],nan
stock_CUR6K@718712e8d985,PSE.OL,2018-10-01,,0.0,primary_input_absent [netCashProvidedByOperatingActivities NaN (value=NaN)],nan
stock_CUR6K@718712e8d985,PSE.OL,2019-04-01,,0.0,primary_input_absent [netCashProvidedByOperatingActivities NaN (value=NaN)],nan
stock_CUR6K@718712e8d985,PSE.OL,2019-10-01,,0.0,primary_input_absent [netCashProvidedByOperatingActivities NaN (value=NaN)],nan
stock_CUR6K@718712e8d985,PSE.OL,2020-04-01,,0.0,primary_input_absent [netCashProvidedByOperatingActivities NaN (value=NaN)],nan
stock_CUR6K@718712e8d985,PSE.OL,2020-10-01,,0.0,primary_input_absent [netCashProvidedByOperatingActivities NaN (value=NaN)],nan
stock_CUR6K@718712e8d985,PSE.OL,2021-04-01,,0.0,primary_input_absent [netCashProvidedByOperatingActivities NaN (value=NaN)],nan
stock_CUR6K@718712e8d985,PSE.OL,2021-10-01,,0.0,primary_input_absent [netCashProvidedByOperatingActivities NaN (value=NaN)],nan
stock_CUR6K@718712e8d985,PSE.OL,2022-04-01,0.7867860000000001,46525634.951796,primary_input_absent [netCashProvidedByOperatingActivities NaN (value=NaN)],nan
stock_CUR6K@718712e8d985,PSE.OL,2022-10-01,0.40983899999999995,24235331.720453996,primary_input_absent [netCashProvidedByOperatingActivities NaN (value=NaN)],nan
stock_CUR6K@718712e8d985,PSE.OL,2023-04-01,0.3592116,21205620.7231176,primary_input_absent [netCashProvidedByOperatingActivities NaN (value=NaN)],nan
stock_CUR6K@718712e8d985,PSE.OL,2023-10-01,0.41957019999999995,24768817.398777198,primary_input_absent [netCashProvidedByOperatingActivities NaN (value=NaN)],nan
stock_CUR6K@718712e8d985,PSE.OL,2024-01-01,0.40966650000000004,24225131.142369002,primary_input_absent [netCashProvidedByOperatingActivities NaN (value=NaN)],nan
stock_CUR6K@718712e8d985,PSE.OL,2024-04-01,0.4651488,27506009.5973568,primary_input_absent [netCashProvidedByOperatingActivities NaN (value=NaN)],nan
stock_CUR6K@718712e8d985,PSE.OL,2024-07-01,0.60496,35652583.17856,primary_input_absent [netCashProvidedByOperatingActivities NaN (value=NaN)],nan
stock_CUR6K@718712e8d985,PSE.OL,2024-10-01,0.38640800000000003,22772486.380688,primary_input_absent [netCashProvidedByOperatingActivities NaN (value=NaN)],nan
stock_CUR6K@718712e8d985,PSE.OL,2025-01-01,0.39897900000000003,23593138.804494,primary_input_absent [netCashProvidedByOperatingActivities NaN (value=NaN)],nan
stock_CUR6K@718712e8d985,PSE.OL,2025-04-01,0.4058467,23999251.9066062,primary_input_absent [netCashProvidedByOperatingActivities NaN (value=NaN)],nan
stock_CUR6K@718712e8d985,PSE.OL,2025-07-01,0.510663,30197436.560117997,primary_input_absent [netCashProvidedByOperatingActivities NaN (value=NaN)],nan
stock_CUR6K@718712e8d985,PSE.OL,2025-10-01,0.48078049999999994,28382293.149972998,primary_input_absent [netCashProvidedByOperatingActivities NaN (value=NaN)],nan
stock_CUR6K@718712e8d985,PSE.OL,2026-04-01,0.5700284999999999,33650940.482901,primary_input_absent [netCashProvidedByOperatingActivities NaN (value=NaN)],nan
stock_CUR6K@718712e8d985,QB7.DE,2007-10-01,3.82,165837365.85999998,primary_input_absent [netCashProvidedByOperatingActivities NaN (value=NaN)],
stock_CUR6K@718712e8d985,QB7.DE,2008-04-01,2.52,93110008.32000001,primary_input_absent [netCashProvidedByOperatingActivities NaN (value=NaN)],
stock_CUR6K@718712e8d985,QB7.DE,2008-10-01,1.54,56900560.64,primary_input_absent [netCashProvidedByOperatingActivities NaN (value=NaN)],
stock_CUR6K@718712e8d985,QB7.DE,2009-04-01,1.42,61646350.66,primary_input_absent [netCashProvidedByOperatingActivities NaN (value=NaN)],
stock_CUR6K@718712e8d985,QB7.DE,2009-10-01,2.1,91167138.3,primary_input_absent [netCashProvidedByOperatingActivities NaN (value=NaN)],
stock_CUR6K@718712e8d985,QB7.DE,2010-04-01,2.38,102593434.3,primary_input_absent [netCashProvidedByOperatingActivities NaN (value=NaN)],
stock_CUR6K@718712e8d985,QB7.DE,2010-10-01,2.2,94834267.00000001,primary_input_absent [netCashProvidedByOperatingActivities NaN (value=NaN)],
stock_CUR6K@718712e8d985,QB7.DE,2011-04-01,1.97,84919775.45,primary_input_absent [netCashProvidedByOperatingActivities NaN (value=NaN)],
stock_CUR6K@718712e8d985,QB7.DE,2011-10-01,1.49,64228662.65,primary_input_absent [netCashProvidedByOperatingActivities NaN (value=NaN)],
stock_CUR6K@718712e8d985,QB7.DE,2012-04-01,1.44,62073338.4,primary_input_absent [netCashProvidedByOperatingActivities NaN (value=NaN)],
stock_CUR6K@718712e8d985,QB7.DE,2012-10-01,1.46,62935468.1,primary_input_absent [netCashProvidedByOperatingActivities NaN (value=NaN)],
stock_CUR6K@718712e8d985,QB7.DE,2013-04-01,1.37,59055884.45,primary_input_absent [netCashProvidedByOperatingActivities NaN (value=NaN)],
stock_CUR6K@718712e8d985,QB7.DE,2013-10-01,1.45,62504403.25,primary_input_absent [netCashProvidedByOperatingActivities NaN (value=NaN)],
stock_CUR6K@718712e8d985,QB7.DE,2014-04-01,1.37,59055884.45,primary_input_absent [netCashProvidedByOperatingActivities NaN (value=NaN)],
stock_CUR6K@718712e8d985,QB7.DE,2014-10-01,1.5,64659727.5,primary_input_absent [netCashProvidedByOperatingActivities NaN (value=NaN)],
stock_CUR6K@718712e8d985,QB7.DE,2015-04-01,1.38,59486949.3,primary_input_absent [netCashProvidedByOperatingActivities NaN (value=NaN)],
stock_CUR6K@718712e8d985,QB7.DE,2015-10-01,1.51,65090792.35,primary_input_absent [netCashProvidedByOperatingActivities NaN (value=NaN)],
stock_CUR6K@718712e8d985,QB7.DE,2016-04-01,1.18,50865652.3,primary_input_absent [netCashProvidedByOperatingActivities NaN (value=NaN)],
stock_CUR6K@718712e8d985,QB7.DE,2016-10-01,1.23,53020976.55,primary_input_absent [netCashProvidedByOperatingActivities NaN (value=NaN)],
stock_CUR6K@718712e8d985,QB7.DE,2017-04-01,1.64,71197193.72,primary_input_absent [netCashProvidedByOperatingActivities NaN (value=NaN)],
stock_CUR6K@718712e8d985,QB7.DE,2017-10-01,1.52,65987642.96,primary_input_absent [netCashProvidedByOperatingActivities NaN (value=NaN)],totalCurrentAssets
stock_CUR6K@718712e8d985,QB7.DE,2018-04-01,1.59,69026547.57000001,primary_input_absent [netCashProvidedByOperatingActivities NaN (value=NaN)],totalCurrentAssets
stock_CUR6K@718712e8d985,QB7.DE,2018-10-01,1.51,65553513.73,primary_input_absent [netCashProvidedByOperatingActivities NaN (value=NaN)],totalCurrentAssets
stock_CUR6K@718712e8d985,QB7.DE,2019-04-01,1.48,64251126.04,primary_input_absent [netCashProvidedByOperatingActivities NaN (value=NaN)],
stock_CUR6K@718712e8d985,QB7.DE,2019-10-01,1.55,67290030.65,primary_input_absent [netCashProvidedByOperatingActivities NaN (value=NaN)],
stock_CUR6K@718712e8d985,QB7.DE,2020-04-01,1.52,65987642.96,primary_input_absent [netCashProvidedByOperatingActivities NaN (value=NaN)],
stock_CUR6K@718712e8d985,QB7.DE,2020-10-01,1.64,71197193.72,primary_input_absent [netCashProvidedByOperatingActivities NaN (value=NaN)],
stock_CUR6K@718712e8d985,QB7.DE,2021-04-01,2.68,116346633.64,primary_input_absent [netCashProvidedByOperatingActivities NaN (value=NaN)],
stock_CUR6K@718712e8d985,QB7.DE,2021-10-01,4.5,195358153.5,primary_input_absent [netCashProvidedByOperatingActivities NaN (value=NaN)],
stock_CUR6K@718712e8d985,QB7.DE,2022-04-01,3.8000000000000003,164969107.4,primary_input_absent [netCashProvidedByOperatingActivities NaN (value=NaN)],
stock_CUR6K@718712e8d985,QB7.DE,2022-10-01,3.3000000000000003,143262645.9,primary_input_absent [netCashProvidedByOperatingActivities NaN (value=NaN)],
stock_CUR6K@718712e8d985,QB7.DE,2023-04-01,4.08,177124725.84,primary_input_absent [netCashProvidedByOperatingActivities NaN (value=NaN)],
stock_CUR6K@718712e8d985,QB7.DE,2023-10-01,3.5399999999999996,153681747.42,primary_input_absent [netCashProvidedByOperatingActivities NaN (value=NaN)],
stock_CUR6K@718712e8d985,QB7.DE,2024-04-01,3.92,170178658.16,primary_input_absent [netCashProvidedByOperatingActivities NaN (value=NaN)],
stock_CUR6K@718712e8d985,QB7.DE,2024-10-01,3.6199999999999997,157154781.26,primary_input_absent [netCashProvidedByOperatingActivities NaN (value=NaN)],
stock_CUR6K@718712e8d985,QB7.DE,2025-04-01,3.68,159759556.64000002,primary_input_absent [netCashProvidedByOperatingActivities NaN (value=NaN)],
stock_CUR6K@718712e8d985,QB7.DE,2025-10-01,3.28,142394387.44,primary_input_absent [netCashProvidedByOperatingActivities NaN (value=NaN)],
stock_CUR6K@718712e8d985,QB7.DE,2026-04-01,3.16,137184836.68,primary_input_absent [netCashProvidedByOperatingActivities NaN (value=NaN)],
stock_CUR6K@718712e8d985,QFG.BR,2009-10-01,4.339147,53618097.484863,primary_input_absent [netCashProvidedByOperatingActivities NaN (value=NaN)],nan
stock_CUR6K@718712e8d985,QFG.BR,2010-01-01,4.10586,50907897.09654,primary_input_absent [netCashProvidedByOperatingActivities NaN (value=NaN)],nan
stock_CUR6K@718712e8d985,QFG.BR,2010-04-01,3.9658870000000004,52503810.871159,primary_input_absent [netCashProvidedByOperatingActivities NaN (value=NaN)],nan
stock_CUR6K@718712e8d985,QFG.BR,2010-07-01,4.124523,52108501.790474996,primary_input_absent [netCashProvidedByOperatingActivities NaN (value=NaN)],nan
stock_CUR6K@718712e8d985,QFG.BR,2010-10-01,4.992352,61689639.971808,primary_input_absent [netCashProvidedByOperatingActivities NaN (value=NaN)],nan
stock_CUR6K@718712e8d985,QFG.BR,2011-01-01,5.552242000000001,68354411.919154,primary_input_absent [netCashProvidedByOperatingActivities NaN (value=NaN)],nan
stock_CUR6K@718712e8d985,QFG.BR,2011-04-01,5.430933,67104304.015751995,primary_input_absent [netCashProvidedByOperatingActivities NaN (value=NaN)],nan
stock_CUR6K@718712e8d985,QFG.BR,2011-07-01,4.66575,57875148.1005,primary_input_absent [netCashProvidedByOperatingActivities NaN (value=NaN)],nan
stock_CUR6K@718712e8d985,QFG.BR,2011-10-01,4.432462,54767252.254128,primary_input_absent [netCashProvidedByOperatingActivities NaN (value=NaN)],nan
stock_CUR6K@718712e8d985,QFG.BR,2012-01-01,4.66575,57645826.488,primary_input_absent [netCashProvidedByOperatingActivities NaN (value=NaN)],nan
stock_CUR6K@718712e8d985,QFG.BR,2012-04-01,4.367142,52136832.16848601,primary_input_absent [netCashProvidedByOperatingActivities NaN (value=NaN)],nan
stock_CUR6K@718712e8d985,QFG.BR,2012-07-01,4.983021,61387654.501664996,primary_input_absent [netCashProvidedByOperatingActivities NaN (value=NaN)],nan
stock_CUR6K@718712e8d985,QFG.BR,2012-10-01,5.365612,66052400.71584,primary_input_absent [netCashProvidedByOperatingActivities NaN (value=NaN)],nan
stock_CUR6K@718712e8d985,QFG.BR,2013-01-01,6.168121,76218552.146971,primary_input_absent [netCashProvidedByOperatingActivities NaN (value=NaN)],nan
stock_CUR6K@718712e8d985,QFG.BR,2013-04-01,5.692215,72421328.533695,primary_input_absent [netCashProvidedByOperatingActivities NaN (value=NaN)],nan
stock_CUR6K@718712e8d985,QFG.BR,2013-07-01,6.494724,76119016.088844,primary_input_absent [netCashProvidedByOperatingActivities NaN (value=NaN)],nan
stock_CUR6K@718712e8d985,QFG.BR,2013-10-01,7.661162,94311355.79184,primary_input_absent [netCashProvidedByOperatingActivities NaN (value=NaN)],nan
stock_CUR6K@718712e8d985,QFG.BR,2014-01-01,7.399879000000001,91439032.02381201,primary_input_absent [netCashProvidedByOperatingActivities NaN (value=NaN)],nan
stock_CUR6K@718712e8d985,QFG.BR,2014-04-01,6.845588,85060175.436636,primary_input_absent [netCashProvidedByOperatingActivities NaN (value=NaN)],nan
stock_CUR6K@718712e8d985,QFG.BR,2014-07-01,6.71868,82217279.96424,primary_input_absent [netCashProvidedByOperatingActivities NaN (value=NaN)],nan
stock_CUR6K@718712e8d985,QFG.BR,2014-10-01,7.102204999999999,87760732.70794499,primary_input_absent [netCashProvidedByOperatingActivities NaN (value=NaN)],nan
stock_CUR6K@718712e8d985,QFG.BR,2015-01-01,7.736746999999999,95591230.560307,primary_input_absent [netCashProvidedByOperatingActivities NaN (value=NaN)],nan
stock_CUR6K@718712e8d985,QFG.BR,2015-04-01,8.651234,128398206.441804,primary_input_absent [netCashProvidedByOperatingActivities NaN (value=NaN)],nan
stock_CUR6K@718712e8d985,QFG.BR,2015-07-01,9.190594,104268796.187416,primary_input_absent [netCashProvidedByOperatingActivities NaN (value=NaN)],nan
stock_CUR6K@718712e8d985,QFG.BR,2015-10-01,10.63791,131450834.78739,primary_input_absent [netCashProvidedByOperatingActivities NaN (value=NaN)],nan
stock_CUR6K@718712e8d985,QFG.BR,2016-01-01,9.882059,113932531.08457,primary_input_absent [netCashProvidedByOperatingActivities NaN (value=NaN)],nan
stock_CUR6K@718712e8d985,QFG.BR,2016-04-01,7.14,105090090.0,primary_input_absent [netCashProvidedByOperatingActivities NaN (value=NaN)],nan
stock_CUR6K@718712e8d985,QFG.BR,2016-07-01,7.215,109878273.96,primary_input_absent [netCashProvidedByOperatingActivities NaN (value=NaN)],nan
stock_CUR6K@718712e8d985,QFG.BR,2016-10-01,7.649,94517385.021,primary_input_absent [netCashProvidedByOperatingActivities NaN (value=NaN)],nan
stock_CUR6K@718712e8d985,QFG.BR,2017-01-01,7.33,84515273.83,primary_input_absent [netCashProvidedByOperatingActivities NaN (value=NaN)],nan
stock_CUR6K@718712e8d985,QFG.BR,2017-04-01,8.04,99348905.16,primary_input_absent [netCashProvidedByOperatingActivities NaN (value=NaN)],nan
stock_CUR6K@718712e8d985,QFG.BR,2017-07-01,8.499,128810580.531,primary_input_absent [netCashProvidedByOperatingActivities NaN (value=NaN)],nan
stock_CUR6K@718712e8d985,QFG.BR,2017-10-01,8.98,136100601.62,primary_input_absent [netCashProvidedByOperatingActivities NaN (value=NaN)],nan
stock_CUR6K@718712e8d985,QFG.BR,2018-01-01,9.32,141253631.08,primary_input_absent [netCashProvidedByOperatingActivities NaN (value=NaN)],nan
stock_CUR6K@718712e8d985,QFG.BR,2018-04-01,7.56,124597758.6,primary_input_absent [netCashProvidedByOperatingActivities NaN (value=NaN)],nan
stock_CUR6K@718712e8d985,QFG.BR,2018-07-01,6.94,129677536.56,primary_input_absent [netCashProvidedByOperatingActivities NaN (value=NaN)],nan
stock_CUR6K@718712e8d985,QFG.BR,2018-10-01,6.02,89557457.08,primary_input_absent [netCashProvidedByOperatingActivities NaN (value=NaN)],nan
stock_CUR6K@718712e8d985,QFG.BR,2019-01-01,5.72,95948572.72,primary_input_absent [netCashProvidedByOperatingActivities NaN (value=NaN)],nan
stock_CUR6K@718712e8d985,QFG.BR,2019-04-01,5.759999999999999,71175335.03999999,primary_input_absent [netCashProvidedByOperatingActivities NaN (value=NaN)],nan
stock_CUR6K@718712e8d985,QFG.BR,2019-07-01,5.66,94942119.16,primary_input_absent [netCashProvidedByOperatingActivities NaN (value=NaN)],nan
stock_CUR6K@718712e8d985,QFG.BR,2019-10-01,5.9,98967933.4,primary_input_absent [netCashProvidedByOperatingActivities NaN (value=NaN)],nan
stock_CUR6K@718712e8d985,QFG.BR,2020-01-01,4.52,75819501.52,primary_input_absent [netCashProvidedByOperatingActivities NaN (value=NaN)],nan
stock_CUR6K@718712e8d985,QFG.BR,2020-04-01,5.24,64749783.96,primary_input_absent [netCashProvidedByOperatingActivities NaN (value=NaN)],nan
stock_CUR6K@718712e8d985,QFG.BR,2020-07-01,5.5,92258243.0,primary_input_absent [netCashProvidedByOperatingActivities NaN (value=NaN)],nan
stock_CUR6K@718712e8d985,QFG.BR,2020-10-01,6.5,109032469.0,primary_input_absent [netCashProvidedByOperatingActivities NaN (value=NaN)],nan
stock_CUR6K@718712e8d985,QFG.BR,2021-01-01,6.98,117084097.48,primary_input_absent [netCashProvidedByOperatingActivities NaN (value=NaN)],nan
stock_CUR6K@718712e8d985,QFG.BR,2021-04-01,7.62,127819594.5,primary_input_absent [netCashProvidedByOperatingActivities NaN (value=NaN)],nan
stock_CUR6K@718712e8d985,QFG.BR,2021-07-01,7.66,128490563.5,primary_input_absent [netCashProvidedByOperatingActivities NaN (value=NaN)],nan
stock_CUR6K@718712e8d985,QFG.BR,2021-10-01,7.98,133858315.5,primary_input_absent [netCashProvidedByOperatingActivities NaN (value=NaN)],nan
stock_CUR6K@718712e8d985,QFG.BR,2022-01-01,8.6,144258335.0,primary_input_absent [netCashProvidedByOperatingActivities NaN (value=NaN)],nan
stock_CUR6K@718712e8d985,QFG.BR,2022-04-01,6.12,107018720.28,primary_input_absent [netCashProvidedByOperatingActivities NaN (value=NaN)],nan
stock_CUR6K@718712e8d985,QFG.BR,2022-07-01,5.64,102643555.67999999,primary_input_absent [netCashProvidedByOperatingActivities NaN (value=NaN)],nan
stock_CUR6K@718712e8d985,QFG.BR,2022-10-01,6.0,109195272.0,primary_input_absent [netCashProvidedByOperatingActivities NaN (value=NaN)],nan
stock_CUR6K@718712e8d985,QFG.BR,2023-01-01,5.6,104915781.6,primary_input_absent [netCashProvidedByOperatingActivities NaN (value=NaN)],nan
stock_CUR6K@718712e8d985,QFG.BR,2023-04-01,5.46,102287427.06,primary_input_absent [netCashProvidedByOperatingActivities NaN (value=NaN)],nan
stock_CUR6K@718712e8d985,QFG.BR,2023-07-01,5.1,95543201.1,primary_input_absent [netCashProvidedByOperatingActivities NaN (value=NaN)],nan
stock_CUR6K@718712e8d985,QFG.BR,2023-10-01,5.0,93669805.0,primary_input_absent [netCashProvidedByOperatingActivities NaN (value=NaN)],nan
stock_CUR6K@718712e8d985,QFG.BR,2024-01-01,4.55,85239522.55,primary_input_absent [netCashProvidedByOperatingActivities NaN (value=NaN)],nan
stock_CUR6K@718712e8d985,QFG.BR,2024-04-01,4.49,84115484.89,primary_input_absent [netCashProvidedByOperatingActivities NaN (value=NaN)],nan
stock_CUR6K@718712e8d985,QFG.BR,2024-07-01,4.45,83366126.45,primary_input_absent [netCashProvidedByOperatingActivities NaN (value=NaN)],nan
stock_CUR6K@718712e8d985,QFG.BR,2024-10-01,3.98,74561164.78,primary_input_absent [netCashProvidedByOperatingActivities NaN (value=NaN)],nan
stock_CUR6K@718712e8d985,QFG.BR,2025-01-01,4.12,77183919.32000001,primary_input_absent [netCashProvidedByOperatingActivities NaN (value=NaN)],nan
stock_CUR6K@718712e8d985,QFG.BR,2025-04-01,4.04,75683182.44,primary_input_absent [netCashProvidedByOperatingActivities NaN (value=NaN)],nan
stock_CUR6K@718712e8d985,QFG.BR,2025-07-01,4.12,77183919.32000001,primary_input_absent [netCashProvidedByOperatingActivities NaN (value=NaN)],nan
stock_CUR6K@718712e8d985,QFG.BR,2025-10-01,4.19,78495296.59,primary_input_absent [netCashProvidedByOperatingActivities NaN (value=NaN)],nan
stock_CUR6K@718712e8d985,QFG.BR,2026-01-01,2.85,53390363.85,primary_input_absent [netCashProvidedByOperatingActivities NaN (value=NaN)],nan
stock_CUR6K@718712e8d985,QFG.BR,2026-04-01,2.99,56014543.39,primary_input_absent [netCashProvidedByOperatingActivities NaN (value=NaN)],nan
stock_CUR6K@718712e8d985,RAM.LS,2009-10-01,0.901,21656706.3,primary_input_absent [totalAssets impossible: <= 0 (value=0)],nan
stock_CUR6K@718712e8d985,RAM.LS,2010-07-01,0.75,19231094.25,primary_input_absent [totalAssets impossible: <= 0 (value=0)],nan
stock_CUR6K@718712e8d985,RAM.LS,2010-10-01,0.73,17546499.0,primary_input_absent [totalAssets impossible: <= 0 (value=0)],nan
stock_CUR6K@718712e8d985,RAM.LS,2011-04-01,0.74,18974679.66,primary_input_absent [totalAssets impossible: <= 0 (value=0)],nan
stock_CUR6K@718712e8d985,RAM.LS,2011-07-01,0.6,15473305.799999999,primary_input_absent [totalAssets impossible: <= 0 (value=0)],nan
stock_CUR6K@718712e8d985,RAM.LS,2011-10-01,0.63,15142869.0,primary_input_absent [totalAssets impossible: <= 0 (value=0)],nan
stock_CUR6K@718712e8d985,RAM.LS,2012-01-01,0.72,18461850.48,primary_input_absent [totalAssets impossible: <= 0 (value=0)],nan
stock_CUR6K@718712e8d985,RAM.LS,2012-04-01,0.61,15404990.629999999,primary_input_absent [totalAssets impossible: <= 0 (value=0)],nan
stock_CUR6K@718712e8d985,RAM.LS,2012-07-01,0.64,16410533.76,primary_input_absent [totalAssets impossible: <= 0 (value=0)],nan
stock_CUR6K@718712e8d985,RAM.LS,2012-10-01,0.715,17185954.5,primary_input_absent [totalAssets impossible: <= 0 (value=0)],nan
stock_CUR6K@718712e8d985,RAM.LS,2013-01-01,0.85,19615716.9,primary_input_absent [totalAssets impossible: <= 0 (value=0)],nan
stock_CUR6K@718712e8d985,RAM.LS,2013-04-01,1.0,24688333.0,primary_input_absent [totalAssets impossible: <= 0 (value=0)],nan
stock_CUR6K@718712e8d985,RAM.LS,2013-07-01,1.18,27849121.0,primary_input_absent [totalAssets impossible: <= 0 (value=0)],nan
stock_CUR6K@718712e8d985,RAM.LS,2013-10-01,1.38,31846693.319999997,primary_input_absent [totalAssets impossible: <= 0 (value=0)],nan
stock_CUR6K@718712e8d985,RAM.LS,2014-01-01,2.46,59984288.22,primary_input_absent [totalAssets impossible: <= 0 (value=0)],nan
stock_CUR6K@718712e8d985,RAM.LS,2014-04-01,2.98,64810714.76,primary_input_absent [totalAssets impossible: <= 0 (value=0)],nan
stock_CUR6K@718712e8d985,RAM.LS,2014-07-01,2.72,61315975.36000001,primary_input_absent [totalAssets impossible: <= 0 (value=0)],nan
stock_CUR6K@718712e8d985,RAM.LS,2014-10-01,2.6,60001016.4,primary_input_absent [totalAssets impossible: <= 0 (value=0)],nan
stock_CUR6K@718712e8d985,RAM.LS,2015-01-01,3.9499999999999997,91155390.3,primary_input_absent [totalAssets impossible: <= 0 (value=0)],nan
stock_CUR6K@718712e8d985,RAM.LS,2015-04-01,2.81,63957426.5,primary_input_absent [totalAssets impossible: <= 0 (value=0)],nan
stock_CUR6K@718712e8d985,RAM.LS,2015-07-01,3.6099999999999994,80490516.61999999,primary_input_absent [totalAssets impossible: <= 0 (value=0)],nan
stock_CUR6K@718712e8d985,RAM.LS,2015-10-01,5.29,122078991.06,primary_input_absent [totalAssets impossible: <= 0 (value=0)],nan
stock_CUR6K@718712e8d985,RAM.LS,2016-01-01,5.08,117232755.12,primary_input_absent [totalAssets impossible: <= 0 (value=0)],nan
stock_CUR6K@718712e8d985,RAM.LS,2016-04-01,5.14,118617393.96,primary_input_absent [totalAssets impossible: <= 0 (value=0)],nan
stock_CUR6K@718712e8d985,RAM.LS,2016-07-01,5.17,119309713.38,primary_input_absent [totalAssets impossible: <= 0 (value=0)],nan
stock_CUR6K@718712e8d985,RAM.LS,2016-10-01,5.11,117925074.54,primary_input_absent [totalAssets impossible: <= 0 (value=0)],nan
stock_CUR6K@718712e8d985,RAM.LS,2017-01-01,7.38,170310577.32,primary_input_absent [totalAssets impossible: <= 0 (value=0)],nan
stock_CUR6K@718712e8d985,RAM.LS,2017-04-01,7.3,168464392.2,primary_input_absent [totalAssets impossible: <= 0 (value=0)],nan
stock_CUR6K@718712e8d985,RAM.LS,2017-07-01,9.35,214386421.15,primary_input_absent [totalAssets impossible: <= 0 (value=0)],nan
stock_CUR6K@718712e8d985,RAM.LS,2017-10-01,10.53,253102238.99999997,primary_input_absent [totalAssets impossible: <= 0 (value=0)],nan
stock_CUR6K@718712e8d985,RAM.LS,2018-01-01,12.800000000000002,328210675.20000005,primary_input_absent [totalAssets impossible: <= 0 (value=0)],nan
stock_CUR6K@718712e8d985,RAM.LS,2018-04-01,8.65,222137371.65,primary_input_absent [totalAssets impossible: <= 0 (value=0)],nan
stock_CUR6K@718712e8d985,RAM.LS,2018-07-01,10.0,260245800.0,primary_input_absent [totalAssets impossible: <= 0 (value=0)],nan
stock_CUR6K@718712e8d985,RAM.LS,2018-10-01,7.5,180272250.0,primary_input_absent [totalAssets impossible: <= 0 (value=0)],nan
stock_CUR6K@718712e8d985,RAM.LS,2019-01-01,7.7,197439234.3,primary_input_absent [totalAssets impossible: <= 0 (value=0)],nan
stock_CUR6K@718712e8d985,RAM.LS,2019-04-01,7.2,189416160.0,primary_input_absent [totalAssets impossible: <= 0 (value=0)],nan
stock_CUR6K@718712e8d985,RAM.LS,2019-07-01,5.98,147802505.24,primary_input_absent [totalAssets impossible: <= 0 (value=0)],nan
stock_CUR6K@718712e8d985,RAM.LS,2019-10-01,5.84,140371992.0,primary_input_absent [totalAssets impossible: <= 0 (value=0)],nan
stock_CUR6K@718712e8d985,RAM.LS,2020-01-01,2.89,74103816.51,primary_input_absent [totalAssets impossible: <= 0 (value=0)],nan
stock_CUR6K@718712e8d985,RAM.LS,2020-04-01,3.9,93741570.0,primary_input_absent [totalAssets impossible: <= 0 (value=0)],nan
stock_CUR6K@718712e8d985,RAM.LS,2020-07-01,3.19,82820601.49,primary_input_absent [totalAssets impossible: <= 0 (value=0)],nan
stock_CUR6K@718712e8d985,RAM.LS,2020-10-01,4.8,123079003.19999999,primary_input_absent [totalAssets impossible: <= 0 (value=0)],nan
stock_CUR6K@718712e8d985,RAM.LS,2021-01-01,5.480000000000001,140515195.32000002,primary_input_absent [totalAssets impossible: <= 0 (value=0)],nan
stock_CUR6K@718712e8d985,RAM.LS,2021-04-01,5.96,151791664.0,primary_input_absent [totalAssets impossible: <= 0 (value=0)],nan
stock_CUR6K@718712e8d985,RAM.LS,2021-07-01,5.94,152310266.46,primary_input_absent [totalAssets impossible: <= 0 (value=0)],nan
stock_CUR6K@718712e8d985,RAM.LS,2021-10-01,7.08,181541529.72,primary_input_absent [totalAssets impossible: <= 0 (value=0)],nan
stock_CUR6K@718712e8d985,RAM.LS,2022-01-01,7.2,184618504.8,primary_input_absent [totalAssets impossible: <= 0 (value=0)],nan
stock_CUR6K@718712e8d985,RAM.LS,2022-04-01,6.579999999999999,166446462.7,primary_input_absent [totalAssets impossible: <= 0 (value=0)],nan
stock_CUR6K@718712e8d985,RAM.LS,2022-07-01,7.02,178880888.16,primary_input_absent [totalAssets impossible: <= 0 (value=0)],nan
stock_CUR6K@718712e8d985,RAM.LS,2022-10-01,6.54,166649716.32,primary_input_absent [totalAssets impossible: <= 0 (value=0)],nan
stock_CUR6K@718712e8d985,RAM.LS,2023-01-01,7.480000000000001,191798113.32000002,primary_input_absent [totalAssets impossible: <= 0 (value=0)],nan
stock_CUR6K@718712e8d985,RAM.LS,2023-04-01,6.58,168720800.22,primary_input_absent [totalAssets impossible: <= 0 (value=0)],nan
stock_CUR6K@718712e8d985,RAM.LS,2023-07-01,6.26,160515533.34,primary_input_absent [totalAssets impossible: <= 0 (value=0)],nan
stock_CUR6K@718712e8d985,RAM.LS,2023-10-01,6.38,163592508.42,primary_input_absent [totalAssets impossible: <= 0 (value=0)],nan
stock_CUR6K@718712e8d985,RAM.LS,2024-01-01,6.76,173336262.84,primary_input_absent [totalAssets impossible: <= 0 (value=0)],nan
stock_CUR6K@718712e8d985,RAM.LS,2024-04-01,6.400000000000001,164105337.60000002,primary_input_absent [totalAssets impossible: <= 0 (value=0)],nan
stock_CUR6K@718712e8d985,RAM.LS,2024-07-01,6.88,176413237.92,primary_input_absent [totalAssets impossible: <= 0 (value=0)],nan
stock_CUR6K@718712e8d985,RAM.LS,2024-10-01,6.92,177438896.28,primary_input_absent [totalAssets impossible: <= 0 (value=0)],nan
stock_CUR6K@718712e8d985,RAM.LS,2025-01-01,7.38,189233967.42,primary_input_absent [totalAssets impossible: <= 0 (value=0)],nan
stock_CUR6K@718712e8d985,RAM.LS,2025-04-01,7.22,185131333.98,primary_input_absent [totalAssets impossible: <= 0 (value=0)],nan
stock_CUR6K@718712e8d985,RAM.LS,2025-07-01,7.980000000000001,204618842.82000002,primary_input_absent [totalAssets impossible: <= 0 (value=0)],nan
stock_CUR6K@718712e8d985,RAM.LS,2025-10-01,7.400000000000001,189746796.60000002,primary_input_absent [totalAssets impossible: <= 0 (value=0)],nan
stock_CUR6K@718712e8d985,RAM.LS,2026-01-01,7.44,189414960.0,primary_input_absent [totalAssets impossible: <= 0 (value=0)],nan
stock_CUR6K@718712e8d985,RAM.LS,2026-04-01,6.82,174857980.0,primary_input_absent [totalAssets impossible: <= 0 (value=0)],nan
stock_CUR6K@718712e8d985,RCMN.DE,2012-10-01,,0.0,primary_input_absent [netCashProvidedByOperatingActivities NaN (value=NaN)],nan
stock_CUR6K@718712e8d985,RCMN.DE,2013-04-01,,0.0,primary_input_absent [netCashProvidedByOperatingActivities NaN (value=NaN)],nan
stock_CUR6K@718712e8d985,RCMN.DE,2013-10-01,,0.0,primary_input_absent [netCashProvidedByOperatingActivities NaN (value=NaN)],nan
stock_CUR6K@718712e8d985,RCMN.DE,2014-04-01,,0.0,primary_input_absent [netCashProvidedByOperatingActivities NaN (value=NaN)],nan
stock_CUR6K@718712e8d985,RCMN.DE,2014-10-01,,0.0,primary_input_absent [netCashProvidedByOperatingActivities NaN (value=NaN)],nan
stock_CUR6K@718712e8d985,RCMN.DE,2015-04-01,,0.0,primary_input_absent [netCashProvidedByOperatingActivities NaN (value=NaN)],nan
stock_CUR6K@718712e8d985,RCMN.DE,2015-10-01,,0.0,primary_input_absent [netCashProvidedByOperatingActivities NaN (value=NaN)],nan
stock_CUR6K@718712e8d985,RCMN.DE,2016-04-01,,0.0,primary_input_absent [netCashProvidedByOperatingActivities NaN (value=NaN)],nan
stock_CUR6K@718712e8d985,RCMN.DE,2016-10-01,,0.0,primary_input_absent [netCashProvidedByOperatingActivities NaN (value=NaN)],nan
stock_CUR6K@718712e8d985,RCMN.DE,2017-04-01,,0.0,primary_input_absent [netCashProvidedByOperatingActivities NaN (value=NaN)],nan
stock_CUR6K@718712e8d985,RCMN.DE,2017-10-01,,0.0,primary_input_absent [netCashProvidedByOperatingActivities NaN (value=NaN)],nan
stock_CUR6K@718712e8d985,RCMN.DE,2018-01-01,2.26,31276117.4,primary_input_absent [netCashProvidedByOperatingActivities NaN (value=NaN)],nan
stock_CUR6K@718712e8d985,RCMN.DE,2018-04-01,2.23,30860947.7,primary_input_absent [netCashProvidedByOperatingActivities NaN (value=NaN)],nan
stock_CUR6K@718712e8d985,RCMN.DE,2018-07-01,2.2,30445778.000000004,primary_input_absent [netCashProvidedByOperatingActivities NaN (value=NaN)],nan
stock_CUR6K@718712e8d985,RCMN.DE,2018-10-01,2.18,29296206.860000003,primary_input_absent [netCashProvidedByOperatingActivities NaN (value=NaN)],nan
stock_CUR6K@718712e8d985,RCMN.DE,2019-01-01,2.16,27731170.8,primary_input_absent [netCashProvidedByOperatingActivities NaN (value=NaN)],nan
stock_CUR6K@718712e8d985,RCMN.DE,2019-04-01,2.12,27217630.6,primary_input_absent [netCashProvidedByOperatingActivities NaN (value=NaN)],nan
stock_CUR6K@718712e8d985,RCMN.DE,2019-07-01,2.06,25562566.78,primary_input_absent [netCashProvidedByOperatingActivities NaN (value=NaN)],nan
stock_CUR6K@718712e8d985,RCMN.DE,2019-10-01,2.14,26555287.82,primary_input_absent [netCashProvidedByOperatingActivities NaN (value=NaN)],nan
stock_CUR6K@718712e8d985,RCMN.DE,2020-01-01,2.0,26050836.0,primary_input_absent [netCashProvidedByOperatingActivities NaN (value=NaN)],nan
stock_CUR6K@718712e8d985,RCMN.DE,2020-04-01,2.16,28134902.880000003,primary_input_absent [netCashProvidedByOperatingActivities NaN (value=NaN)],nan
stock_CUR6K@718712e8d985,RCMN.DE,2020-07-01,2.06,26045408.12,primary_input_absent [netCashProvidedByOperatingActivities NaN (value=NaN)],nan
stock_CUR6K@718712e8d985,RCMN.DE,2020-10-01,2.08,26298276.16,primary_input_absent [netCashProvidedByOperatingActivities NaN (value=NaN)],nan
stock_CUR6K@718712e8d985,RCMN.DE,2021-01-01,2.24,28233479.680000003,primary_input_absent [netCashProvidedByOperatingActivities NaN (value=NaN)],nan
stock_CUR6K@718712e8d985,RCMN.DE,2021-04-01,2.16,27225141.12,primary_input_absent [netCashProvidedByOperatingActivities NaN (value=NaN)],nan
stock_CUR6K@718712e8d985,RCMN.DE,2021-07-01,2.26,29549057.039999995,primary_input_absent [netCashProvidedByOperatingActivities NaN (value=NaN)],nan
stock_CUR6K@718712e8d985,RCMN.DE,2021-10-01,2.14,27980080.560000002,primary_input_absent [netCashProvidedByOperatingActivities NaN (value=NaN)],nan
stock_CUR6K@718712e8d985,RCMN.DE,2022-01-01,2.1,27376282.5,primary_input_absent [netCashProvidedByOperatingActivities NaN (value=NaN)],nan
stock_CUR6K@718712e8d985,RCMN.DE,2022-04-01,2.1,27376282.5,primary_input_absent [netCashProvidedByOperatingActivities NaN (value=NaN)],nan
stock_CUR6K@718712e8d985,RCMN.DE,2022-07-01,1.95,25311070.2,primary_input_absent [netCashProvidedByOperatingActivities NaN (value=NaN)],nan
stock_CUR6K@718712e8d985,RCMN.DE,2022-10-01,1.84,23883266.240000002,primary_input_absent [netCashProvidedByOperatingActivities NaN (value=NaN)],nan
stock_CUR6K@718712e8d985,RCMN.DE,2023-01-01,1.82,23528350.3,primary_input_absent [netCashProvidedByOperatingActivities NaN (value=NaN)],nan
stock_CUR6K@718712e8d985,RCMN.DE,2023-04-01,1.65,21330647.25,primary_input_absent [netCashProvidedByOperatingActivities NaN (value=NaN)],nan
stock_CUR6K@718712e8d985,RCMN.DE,2023-07-01,1.65,21302516.4,primary_input_absent [netCashProvidedByOperatingActivities NaN (value=NaN)],nan
stock_CUR6K@718712e8d985,RCMN.DE,2023-10-01,1.55,20011454.8,primary_input_absent [netCashProvidedByOperatingActivities NaN (value=NaN)],nan
stock_CUR6K@718712e8d985,RCMN.DE,2024-01-01,1.4800000000000002,19080411.6,primary_input_absent [netCashProvidedByOperatingActivities NaN (value=NaN)],nan
stock_CUR6K@718712e8d985,RCMN.DE,2024-04-01,1.46,18822568.2,primary_input_absent [netCashProvidedByOperatingActivities NaN (value=NaN)],nan
stock_CUR6K@718712e8d985,RCMN.DE,2024-07-01,1.3299999999999998,17130220.45,primary_input_absent [netCashProvidedByOperatingActivities NaN (value=NaN)],nan
stock_CUR6K@718712e8d985,RCMN.DE,2024-10-01,1.23,15842233.95,primary_input_absent [netCashProvidedByOperatingActivities NaN (value=NaN)],nan
stock_CUR6K@718712e8d985,RCMN.DE,2025-01-01,1.25,16070750.0,primary_input_absent [netCashProvidedByOperatingActivities NaN (value=NaN)],nan
stock_CUR6K@718712e8d985,RCMN.DE,2025-04-01,1.34,17227844.0,primary_input_absent [netCashProvidedByOperatingActivities NaN (value=NaN)],nan
stock_CUR6K@718712e8d985,RCMN.DE,2025-07-01,1.3,16690142.3,primary_input_absent [netCashProvidedByOperatingActivities NaN (value=NaN)],nan
stock_CUR6K@718712e8d985,RCMN.DE,2025-10-01,1.21,15534670.91,primary_input_absent [netCashProvidedByOperatingActivities NaN (value=NaN)],nan
stock_CUR6K@718712e8d985,REINA.AS,2009-01-01,17.0,2866200000.0,primary_input_absent [revenue impossible: < 0 (value=-5.5e+07)],nan
stock_CUR6K@718712e8d985,REINA.AS,2010-01-01,17.0,3330300000.0,primary_input_absent [revenue impossible: < 0 (value=-5.5e+07)],nan
stock_CUR6K@718712e8d985,REINA.AS,2010-07-01,17.0,3330300000.0,primary_input_absent [revenue impossible: < 0 (value=-5.5e+07)],nan
stock_CUR6K@718712e8d985,REINA.AS,2011-01-01,17.0,3330300000.0,primary_input_absent [revenue impossible: < 0 (value=-5.5e+07)],nan
stock_CUR6K@718712e8d985,REINA.AS,2011-07-01,17.0,3330300000.0,primary_input_absent [revenue impossible: < 0 (value=-5.5e+07)],nan
stock_CUR6K@718712e8d985,REINA.AS,2012-01-01,17.0,3330300000.0,primary_input_absent [revenue impossible: < 0 (value=-5.5e+07)],nan
stock_CUR6K@718712e8d985,REINA.AS,2012-07-01,17.0,3330300000.0,primary_input_absent [revenue impossible: < 0 (value=-5.5e+07)],nan
stock_CUR6K@718712e8d985,REINA.AS,2013-01-01,17.0,3330300000.0,primary_input_absent [revenue impossible: < 0 (value=-5.5e+07)],nan
stock_CUR6K@718712e8d985,REINA.AS,2013-07-01,17.0,1700000000.0,primary_input_absent [revenue impossible: < 0 (value=-5.5e+07)],nan
stock_CUR6K@718712e8d985,REINA.AS,2014-01-01,17.0,3330300000.0,primary_input_absent [revenue impossible: < 0 (value=-5.5e+07)],nan
stock_CUR6K@718712e8d985,REINA.AS,2014-07-01,17.0,3330300000.0,primary_input_absent [revenue impossible: < 0 (value=-5.5e+07)],nan
stock_CUR6K@718712e8d985,REINA.AS,2015-01-01,17.0,3330300000.0,primary_input_absent [revenue impossible: < 0 (value=-5.5e+07)],nan
stock_CUR6K@718712e8d985,REINA.AS,2015-07-01,17.0,3330300000.0,primary_input_absent [revenue impossible: < 0 (value=-5.5e+07)],nan
stock_CUR6K@718712e8d985,REINA.AS,2016-01-01,17.0,3330300000.0,primary_input_absent [revenue impossible: < 0 (value=-5.5e+07)],nan
stock_CUR6K@718712e8d985,REINA.AS,2016-07-01,17.0,3327439019.0,primary_input_absent [revenue impossible: < 0 (value=-5.5e+07)],nan
stock_CUR6K@718712e8d985,REINA.AS,2017-01-01,17.0,3330300000.0,primary_input_absent [revenue impossible: < 0 (value=-5.5e+07)],nan
stock_CUR6K@718712e8d985,REINA.AS,2017-07-01,17.0,3330136970.0,primary_input_absent [revenue impossible: < 0 (value=-5.5e+07)],nan
stock_CUR6K@718712e8d985,REINA.AS,2018-01-01,15.7,3075630000.0,primary_input_absent [revenue impossible: < 0 (value=-5.5e+07)],nan
stock_CUR6K@718712e8d985,REINA.AS,2018-07-01,16.2,3173580000.0,primary_input_absent [revenue impossible: < 0 (value=-5.5e+07)],nan
stock_CUR6K@718712e8d985,REINA.AS,2019-01-01,14.7,2850330000.0,primary_input_absent [revenue impossible: < 0 (value=-5.5e+07)],nan
stock_CUR6K@718712e8d985,REINA.AS,2019-07-01,16.85,3198130000.0000005,primary_input_absent [revenue impossible: < 0 (value=-5.5e+07)],nan
stock_CUR6K@718712e8d985,REINA.AS,2020-01-01,14.0,2570400000.0,primary_input_absent [revenue impossible: < 0 (value=-5.5e+07)],nan
stock_CUR6K@718712e8d985,REINA.AS,2020-07-01,14.71,5422106000.0,primary_input_absent [revenue impossible: < 0 (value=-5.5e+07)],nan
stock_CUR6K@718712e8d985,REINA.AS,2021-01-01,17.08,6295687999.999999,primary_input_absent [revenue impossible: < 0 (value=-5.5e+07)],nan
stock_CUR6K@718712e8d985,REINA.AS,2021-07-01,16.3,3004090000.0,primary_input_absent [revenue impossible: < 0 (value=-5.5e+07)],nan
stock_CUR6K@718712e8d985,REINA.AS,2022-01-01,20.0,3686000000.0,primary_input_absent [revenue impossible: < 0 (value=-5.5e+07)],nan
stock_CUR6K@718712e8d985,REINA.AS,2022-07-01,14.9,5456380000.0,primary_input_absent [revenue impossible: < 0 (value=-5.5e+07)],nan
stock_CUR6K@718712e8d985,REINA.AS,2023-01-01,19.0,6874200000.0,primary_input_absent [revenue impossible: < 0 (value=-5.5e+07)],nan
stock_CUR6K@718712e8d985,REINA.AS,2023-07-01,19.6,3563280000.0000005,primary_input_absent [revenue impossible: < 0 (value=-5.5e+07)],nan
stock_CUR6K@718712e8d985,REINA.AS,2024-01-01,22.2,4035960000.0,primary_input_absent [revenue impossible: < 0 (value=-5.5e+07)],nan
stock_CUR6K@718712e8d985,REINA.AS,2024-07-01,25.4,4617720000.0,primary_input_absent [revenue impossible: < 0 (value=-5.5e+07)],nan
stock_CUR6K@718712e8d985,REINA.AS,2025-01-01,22.6,4108313473.2000003,primary_input_absent [revenue impossible: < 0 (value=-5.5e+07)],nan
stock_CUR6K@718712e8d985,REINA.AS,2025-07-01,25.2,224492259.6,primary_input_absent [revenue impossible: < 0 (value=-5.5e+07)],nan
stock_CUR6K@718712e8d985,REINA.AS,2026-01-01,27.599999999999998,5017232383.2,primary_input_absent [revenue impossible: < 0 (value=-5.5e+07)],nan
stock_CUR6K@718712e8d985,SDSD.OL,2011-01-01,3.2137350000000002,64303623.615,primary_input_absent [revenue impossible: < 0 (value=-2.88743e+06)],nan
stock_CUR6K@718712e8d985,SDSD.OL,2011-04-01,2.5656033000000003,219761881.86810002,primary_input_absent [revenue impossible: < 0 (value=-2.88743e+06)],nan
stock_CUR6K@718712e8d985,SDSD.OL,2011-07-01,2.5194764999999997,314470978.82399994,primary_input_absent [revenue impossible: < 0 (value=-2.88743e+06)],nan
stock_CUR6K@718712e8d985,SDSD.OL,2011-10-01,2.527136,1455696041.536,primary_input_absent [revenue impossible: < 0 (value=-2.88743e+06)],nan
stock_CUR6K@718712e8d985,SDSD.OL,2012-01-01,3.0452508,380096023.85279995,primary_input_absent [revenue impossible: < 0 (value=-2.88743e+06)],nan
stock_CUR6K@718712e8d985,SDSD.OL,2012-04-01,2.5767936,321625069.9776,primary_input_absent [revenue impossible: < 0 (value=-2.88743e+06)],nan
stock_CUR6K@718712e8d985,SDSD.OL,2012-07-01,3.1383554999999994,391716980.08799994,primary_input_absent [revenue impossible: < 0 (value=-2.88743e+06)],nan
stock_CUR6K@718712e8d985,SDSD.OL,2012-10-01,3.665636,437640282.04,primary_input_absent [revenue impossible: < 0 (value=-2.88743e+06)],nan
stock_CUR6K@718712e8d985,SDSD.OL,2013-01-01,3.5087148,437943746.47679996,primary_input_absent [revenue impossible: < 0 (value=-2.88743e+06)],nan
stock_CUR6K@718712e8d985,SDSD.OL,2013-04-01,0.5595462,69840318.4992,primary_input_absent [revenue impossible: < 0 (value=-2.88743e+06)],nan
stock_CUR6K@718712e8d985,SDSD.OL,2013-07-01,0.5439318,67891473.6825018,primary_input_absent [revenue impossible: < 0 (value=-2.88743e+06)],nan
stock_CUR6K@718712e8d985,SDSD.OL,2013-10-01,0.5376861,67111869.12174359,primary_input_absent [revenue impossible: < 0 (value=-2.88743e+06)],nan
stock_CUR6K@718712e8d985,SDSD.OL,2014-01-01,0.5126286,63984328.7445186,primary_input_absent [revenue impossible: < 0 (value=-2.88743e+06)],nan
stock_CUR6K@718712e8d985,SDSD.OL,2014-04-01,0.5034228000000001,62835296.22164281,primary_input_absent [revenue impossible: < 0 (value=-2.88743e+06)],nan
stock_CUR6K@718712e8d985,SDSD.OL,2014-07-01,0.42601520000000004,53173577.531495206,primary_input_absent [revenue impossible: < 0 (value=-2.88743e+06)],nan
stock_CUR6K@718712e8d985,SDSD.OL,2014-10-01,0.31299649999999996,37368652.135,primary_input_absent [revenue impossible: < 0 (value=-2.88743e+06)],nan
stock_CUR6K@718712e8d985,SDSD.OL,2015-01-01,0.32622520000000005,40718173.8232052,primary_input_absent [revenue impossible: < 0 (value=-2.88743e+06)],nan
stock_CUR6K@718712e8d985,SDSD.OL,2015-04-01,0.3742914,46717555.3824,primary_input_absent [revenue impossible: < 0 (value=-2.88743e+06)],nan
stock_CUR6K@718712e8d985,SDSD.OL,2015-07-01,0.3465272,43252138.9952,primary_input_absent [revenue impossible: < 0 (value=-2.88743e+06)],nan
stock_CUR6K@718712e8d985,SDSD.OL,2015-10-01,0.153612,19173258.587412,primary_input_absent [revenue impossible: < 0 (value=-2.88743e+06)],nan
stock_CUR6K@718712e8d985,SDSD.OL,2016-01-01,0.22602690000000003,28211807.680461902,primary_input_absent [revenue impossible: < 0 (value=-2.88743e+06)],nan
stock_CUR6K@718712e8d985,SDSD.OL,2016-04-01,0.20181979999999997,17625528.593399998,primary_input_absent [revenue impossible: < 0 (value=-2.88743e+06)],nan
stock_CUR6K@718712e8d985,SDSD.OL,2016-07-01,0.30187660000000005,26363789.107800003,primary_input_absent [revenue impossible: < 0 (value=-2.88743e+06)],nan
stock_CUR6K@718712e8d985,SDSD.OL,2016-10-01,0.485352,42387246.216,primary_input_absent [revenue impossible: < 0 (value=-2.88743e+06)],nan
stock_CUR6K@718712e8d985,SDSD.OL,2017-01-01,0.243873,80621487.324,primary_input_absent [revenue impossible: < 0 (value=-2.88743e+06)],nan
stock_CUR6K@718712e8d985,SDSD.OL,2017-04-01,0.1831716,65335111.660799995,primary_input_absent [revenue impossible: < 0 (value=-2.88743e+06)],nan
stock_CUR6K@718712e8d985,SDSD.OL,2017-07-01,0.1744867,62237312.0496,primary_input_absent [revenue impossible: < 0 (value=-2.88743e+06)],nan
stock_CUR6K@718712e8d985,SDSD.OL,2017-10-01,0.16928809999999997,77172181.13029999,primary_input_absent [revenue impossible: < 0 (value=-2.88743e+06)],nan
stock_CUR6K@718712e8d985,SDSD.OL,2018-01-01,0.1924797,102176116.4277,primary_input_absent [revenue impossible: < 0 (value=-2.88743e+06)],nan
stock_CUR6K@718712e8d985,SDSD.OL,2018-04-01,0.20363219999999999,117297441.6372,primary_input_absent [revenue impossible: < 0 (value=-2.88743e+06)],nan
stock_CUR6K@718712e8d985,SDSD.OL,2018-07-01,0.1826293,105199225.1618,primary_input_absent [revenue impossible: < 0 (value=-2.88743e+06)],nan
stock_CUR6K@718712e8d985,SDSD.OL,2018-10-01,0.11907830000000001,68592196.8358,primary_input_absent [revenue impossible: < 0 (value=-2.88743e+06)],nan
stock_CUR6K@718712e8d985,SDSD.OL,2019-01-01,0.1442492,83091289.6792,primary_input_absent [revenue impossible: < 0 (value=-2.88743e+06)],nan
stock_CUR6K@718712e8d985,SDSD.OL,2019-04-01,0.14442280000000002,83191287.79280001,primary_input_absent [revenue impossible: < 0 (value=-2.88743e+06)],nan
stock_CUR6K@718712e8d985,SDSD.OL,2019-07-01,0.1164092,67054725.839200005,primary_input_absent [revenue impossible: < 0 (value=-2.88743e+06)],nan
stock_CUR6K@718712e8d985,SDSD.OL,2019-10-01,0.15372450000000001,85776118.85700001,primary_input_absent [revenue impossible: < 0 (value=-2.88743e+06)],nan
stock_CUR6K@718712e8d985,SDSD.OL,2020-01-01,0.073000362,42050106.521412,primary_input_absent [revenue impossible: < 0 (value=-2.88743e+06)],nan
stock_CUR6K@718712e8d985,SDSD.OL,2020-04-01,0.0766566,44156194.67160001,primary_input_absent [revenue impossible: < 0 (value=-2.88743e+06)],nan
stock_CUR6K@718712e8d985,SDSD.OL,2020-07-01,0.0717503,41330038.3078,primary_input_absent [revenue impossible: < 0 (value=-2.88743e+06)],nan
stock_CUR6K@718712e8d985,SDSD.OL,2020-10-01,0.1258632,70229903.5152,primary_input_absent [revenue impossible: < 0 (value=-2.88743e+06)],nan
stock_CUR6K@718712e8d985,SDSD.OL,2021-01-01,0.137824,72286292.61888,primary_input_absent [revenue impossible: < 0 (value=-2.88743e+06)],nan
stock_CUR6K@718712e8d985,SDSD.OL,2021-04-01,0.15665400000000002,82162359.88200001,primary_input_absent [revenue impossible: < 0 (value=-2.88743e+06)],nan
stock_CUR6K@718712e8d985,SDSD.OL,2021-07-01,0.1416328,74283995.8424,primary_input_absent [revenue impossible: < 0 (value=-2.88743e+06)],nan
stock_CUR6K@718712e8d985,SDSD.OL,2021-10-01,0.1551662,81351000.8346,primary_input_absent [revenue impossible: < 0 (value=-2.88743e+06)],nan
stock_CUR6K@718712e8d985,SDSD.OL,2022-01-01,0.18164800000000003,95271287.98400001,primary_input_absent [revenue impossible: < 0 (value=-2.88743e+06)],nan
stock_CUR6K@718712e8d985,SDSD.OL,2022-04-01,0.1876182,98402556.39060001,primary_input_absent [revenue impossible: < 0 (value=-2.88743e+06)],nan
stock_CUR6K@718712e8d985,SDSD.OL,2022-07-01,0.151536,79478055.888,primary_input_absent [revenue impossible: < 0 (value=-2.88743e+06)],nan
stock_CUR6K@718712e8d985,SDSD.OL,2022-10-01,0.19268549999999998,101060269.0965,primary_input_absent [revenue impossible: < 0 (value=-2.88743e+06)],nan
stock_CUR6K@718712e8d985,SDSD.OL,2023-01-01,0.18612749999999997,97620709.58249998,primary_input_absent [revenue impossible: < 0 (value=-2.88743e+06)],nan
stock_CUR6K@718712e8d985,SDSD.OL,2023-04-01,0.162855,85414678.965,primary_input_absent [revenue impossible: < 0 (value=-2.88743e+06)],nan
stock_CUR6K@718712e8d985,SDSD.OL,2023-07-01,0.1756296,92114739.4968,primary_input_absent [revenue impossible: < 0 (value=-2.88743e+06)],nan
stock_CUR6K@718712e8d985,SDSD.OL,2023-10-01,0.17785060000000003,93279616.2398,primary_input_absent [revenue impossible: < 0 (value=-2.88743e+06)],nan
stock_CUR6K@718712e8d985,SDSD.OL,2024-01-01,0.15658364,82125457.25812,primary_input_absent [revenue impossible: < 0 (value=-2.88743e+06)],nan
stock_CUR6K@718712e8d985,SDSD.OL,2024-04-01,0.15286139999999998,80175804.3,primary_input_absent [revenue impossible: < 0 (value=-2.88743e+06)],nan
stock_CUR6K@718712e8d985,SDSD.OL,2024-07-01,0.1720355,90232619.75,primary_input_absent [revenue impossible: < 0 (value=-2.88743e+06)],nan
stock_CUR6K@718712e8d985,SDSD.OL,2024-10-01,0.1484158,77841563.88298419,primary_input_absent [revenue impossible: < 0 (value=-2.88743e+06)],nan
stock_CUR6K@718712e8d985,SDSD.OL,2025-01-01,0.1785906,93667733.6598,primary_input_absent [revenue impossible: < 0 (value=-2.88743e+06)],nan
stock_CUR6K@718712e8d985,SDSD.OL,2025-04-01,0.18114621000000003,95008107.65943001,primary_input_absent [revenue impossible: < 0 (value=-2.88743e+06)],nan
stock_CUR6K@718712e8d985,SDSD.OL,2025-07-01,0.1832379,96105163.32246211,primary_input_absent [revenue impossible: < 0 (value=-2.88743e+06)],nan
stock_CUR6K@718712e8d985,SDSD.OL,2025-10-01,0.1843818,96705119.4250182,primary_input_absent [revenue impossible: < 0 (value=-2.88743e+06)],nan
stock_CUR6K@718712e8d985,SDSD.OL,2026-01-01,0.1919148,100656050.0484,primary_input_absent [revenue impossible: < 0 (value=-2.88743e+06)],nan
stock_CUR6K@718712e8d985,SDSD.OL,2026-04-01,0.18563759999999999,97363765.17516239,primary_input_absent [revenue impossible: < 0 (value=-2.88743e+06)],nan
stock_CUR6K@718712e8d985,SEM.LS,2008-10-01,6.4,722460608.0,primary_input_absent [totalAssets impossible: <= 0 (value=0)],nan
stock_CUR6K@718712e8d985,SEM.LS,2009-07-01,7.73,872596953.1,primary_input_absent [totalAssets impossible: <= 0 (value=0)],nan
stock_CUR6K@718712e8d985,SEM.LS,2009-10-01,7.76,875983487.1999999,primary_input_absent [totalAssets impossible: <= 0 (value=0)],nan
stock_CUR6K@718712e8d985,SEM.LS,2010-01-01,7.85,886143089.5,primary_input_absent [totalAssets impossible: <= 0 (value=0)],nan
stock_CUR6K@718712e8d985,SEM.LS,2010-04-01,7.35,829263220.8,primary_input_absent [totalAssets impossible: <= 0 (value=0)],nan
stock_CUR6K@718712e8d985,SEM.LS,2010-07-01,7.78,878241176.6,primary_input_absent [totalAssets impossible: <= 0 (value=0)],nan
stock_CUR6K@718712e8d985,SEM.LS,2010-10-01,8.28,934683411.5999999,primary_input_absent [totalAssets impossible: <= 0 (value=0)],nan
stock_CUR6K@718712e8d985,SEM.LS,2011-01-01,8.44,952744926.8,primary_input_absent [totalAssets impossible: <= 0 (value=0)],nan
stock_CUR6K@718712e8d985,SEM.LS,2011-04-01,7.47,843246990.9,primary_input_absent [totalAssets impossible: <= 0 (value=0)],nan
stock_CUR6K@718712e8d985,SEM.LS,2011-07-01,5.24,591514622.8000001,primary_input_absent [totalAssets impossible: <= 0 (value=0)],nan
stock_CUR6K@718712e8d985,SEM.LS,2011-10-01,5.37,606189603.9,primary_input_absent [totalAssets impossible: <= 0 (value=0)],nan
stock_CUR6K@718712e8d985,SEM.LS,2012-01-01,5.53,624251119.1,primary_input_absent [totalAssets impossible: <= 0 (value=0)],nan
stock_CUR6K@718712e8d985,SEM.LS,2012-04-01,4.93,556404222.2099999,primary_input_absent [totalAssets impossible: <= 0 (value=0)],nan
stock_CUR6K@718712e8d985,SEM.LS,2012-07-01,4.95,558532022.4,primary_input_absent [totalAssets impossible: <= 0 (value=0)],nan
stock_CUR6K@718712e8d985,SEM.LS,2012-10-01,5.69,642312634.3000001,primary_input_absent [totalAssets impossible: <= 0 (value=0)],nan
stock_CUR6K@718712e8d985,SEM.LS,2013-01-01,7.0,790191290.0,primary_input_absent [totalAssets impossible: <= 0 (value=0)],nan
stock_CUR6K@718712e8d985,SEM.LS,2013-04-01,6.64,748752986.56,primary_input_absent [totalAssets impossible: <= 0 (value=0)],nan
stock_CUR6K@718712e8d985,SEM.LS,2013-07-01,6.9399999999999995,782189571.14,primary_input_absent [totalAssets impossible: <= 0 (value=0)],nan
stock_CUR6K@718712e8d985,SEM.LS,2013-10-01,8.14,918879585.8000001,primary_input_absent [totalAssets impossible: <= 0 (value=0)],nan
stock_CUR6K@718712e8d985,SEM.LS,2014-01-01,10.65,1202219605.5,primary_input_absent [totalAssets impossible: <= 0 (value=0)],nan
stock_CUR6K@718712e8d985,SEM.LS,2014-04-01,10.32,1163053339.44,primary_input_absent [totalAssets impossible: <= 0 (value=0)],nan
stock_CUR6K@718712e8d985,SEM.LS,2014-07-01,9.7,1095741022.3999999,primary_input_absent [totalAssets impossible: <= 0 (value=0)],nan
stock_CUR6K@718712e8d985,SEM.LS,2014-10-01,10.03,1100235534.1,primary_input_absent [totalAssets impossible: <= 0 (value=0)],nan
stock_CUR6K@718712e8d985,SEM.LS,2015-01-01,12.44,1324915606.8,primary_input_absent [totalAssets impossible: <= 0 (value=0)],nan
stock_CUR6K@718712e8d985,SEM.LS,2015-04-01,12.11,1367594313.12,primary_input_absent [totalAssets impossible: <= 0 (value=0)],nan
stock_CUR6K@718712e8d985,SEM.LS,2015-07-01,11.59,946207518.87,primary_input_absent [totalAssets impossible: <= 0 (value=0)],nan
stock_CUR6K@718712e8d985,SEM.LS,2015-10-01,12.7,1018171623.8,primary_input_absent [totalAssets impossible: <= 0 (value=0)],nan
stock_CUR6K@718712e8d985,SEM.LS,2016-01-01,11.6,942911382.4,primary_input_absent [totalAssets impossible: <= 0 (value=0)],nan
stock_CUR6K@718712e8d985,SEM.LS,2016-04-01,9.9,804464070.3000001,primary_input_absent [totalAssets impossible: <= 0 (value=0)],nan
stock_CUR6K@718712e8d985,SEM.LS,2016-07-01,11.39,924263828.84,primary_input_absent [totalAssets impossible: <= 0 (value=0)],nan
stock_CUR6K@718712e8d985,SEM.LS,2016-10-01,13.4,1073269784.0,primary_input_absent [totalAssets impossible: <= 0 (value=0)],nan
stock_CUR6K@718712e8d985,SEM.LS,2017-01-01,14.299999999999999,1153776495.3,primary_input_absent [totalAssets impossible: <= 0 (value=0)],nan
stock_CUR6K@718712e8d985,SEM.LS,2017-04-01,16.98,1371865377.72,primary_input_absent [totalAssets impossible: <= 0 (value=0)],nan
stock_CUR6K@718712e8d985,SEM.LS,2017-07-01,16.21,1307882306.91,primary_input_absent [totalAssets impossible: <= 0 (value=0)],nan
stock_CUR6K@718712e8d985,SEM.LS,2017-10-01,17.86,1431853952.84,primary_input_absent [totalAssets impossible: <= 0 (value=0)],nan
stock_CUR6K@718712e8d985,SEM.LS,2018-01-01,18.52,1492714370.56,primary_input_absent [totalAssets impossible: <= 0 (value=0)],nan
stock_CUR6K@718712e8d985,SEM.LS,2018-04-01,22.95,1853622800.1,primary_input_absent [totalAssets impossible: <= 0 (value=0)],nan
stock_CUR6K@718712e8d985,SEM.LS,2018-07-01,17.26,1392600161.46,primary_input_absent [totalAssets impossible: <= 0 (value=0)],nan
stock_CUR6K@718712e8d985,SEM.LS,2018-10-01,13.1,1050240021.4,primary_input_absent [totalAssets impossible: <= 0 (value=0)],nan
stock_CUR6K@718712e8d985,SEM.LS,2019-01-01,14.68,1182683601.04,primary_input_absent [totalAssets impossible: <= 0 (value=0)],nan
stock_CUR6K@718712e8d985,SEM.LS,2019-04-01,12.56,1012831680.4000001,primary_input_absent [totalAssets impossible: <= 0 (value=0)],nan
stock_CUR6K@718712e8d985,SEM.LS,2019-07-01,11.7,943926527.6999999,primary_input_absent [totalAssets impossible: <= 0 (value=0)],nan
stock_CUR6K@718712e8d985,SEM.LS,2019-10-01,13.72,1099946037.68,primary_input_absent [totalAssets impossible: <= 0 (value=0)],nan
stock_CUR6K@718712e8d985,SEM.LS,2020-01-01,7.75,621445878.75,primary_input_absent [totalAssets impossible: <= 0 (value=0)],nan
stock_CUR6K@718712e8d985,SEM.LS,2020-04-01,8.09,648583341.46,primary_input_absent [totalAssets impossible: <= 0 (value=0)],nan
stock_CUR6K@718712e8d985,SEM.LS,2020-07-01,7.629999999999999,609298510.31,primary_input_absent [totalAssets impossible: <= 0 (value=0)],nan
stock_CUR6K@718712e8d985,SEM.LS,2020-10-01,9.0,713099313.0,primary_input_absent [totalAssets impossible: <= 0 (value=0)],nan
stock_CUR6K@718712e8d985,SEM.LS,2021-01-01,11.8,942458601.4000001,primary_input_absent [totalAssets impossible: <= 0 (value=0)],nan
stock_CUR6K@718712e8d985,SEM.LS,2021-04-01,11.48,916900402.0400001,primary_input_absent [totalAssets impossible: <= 0 (value=0)],nan
stock_CUR6K@718712e8d985,SEM.LS,2021-07-01,11.7,934471664.0999999,primary_input_absent [totalAssets impossible: <= 0 (value=0)],nan
stock_CUR6K@718712e8d985,SEM.LS,2021-10-01,11.7,934471664.0999999,primary_input_absent [totalAssets impossible: <= 0 (value=0)],nan
stock_CUR6K@718712e8d985,SEM.LS,2022-01-01,12.06,963224638.38,primary_input_absent [totalAssets impossible: <= 0 (value=0)],nan
stock_CUR6K@718712e8d985,SEM.LS,2022-04-01,13.44,1073444373.12,primary_input_absent [totalAssets impossible: <= 0 (value=0)],nan
stock_CUR6K@718712e8d985,SEM.LS,2022-07-01,12.22,976003738.0600001,primary_input_absent [totalAssets impossible: <= 0 (value=0)],nan
stock_CUR6K@718712e8d985,SEM.LS,2022-10-01,12.36,987185450.28,primary_input_absent [totalAssets impossible: <= 0 (value=0)],nan
stock_CUR6K@718712e8d985,SEM.LS,2023-01-01,13.679999999999998,1092613022.6399999,primary_input_absent [totalAssets impossible: <= 0 (value=0)],nan
stock_CUR6K@718712e8d985,SEM.LS,2023-04-01,13.02,1039899236.4599999,primary_input_absent [totalAssets impossible: <= 0 (value=0)],nan
stock_CUR6K@718712e8d985,SEM.LS,2023-07-01,13.6,1086223472.8,primary_input_absent [totalAssets impossible: <= 0 (value=0)],nan
stock_CUR6K@718712e8d985,SEM.LS,2023-10-01,13.4,1070249598.2,primary_input_absent [totalAssets impossible: <= 0 (value=0)],nan
stock_CUR6K@718712e8d985,SEM.LS,2024-01-01,14.960000000000003,1194845820.0800002,primary_input_absent [totalAssets impossible: <= 0 (value=0)],nan
stock_CUR6K@718712e8d985,SEM.LS,2024-04-01,14.579999999999998,1164495458.34,primary_input_absent [totalAssets impossible: <= 0 (value=0)],nan
stock_CUR6K@718712e8d985,SEM.LS,2024-07-01,14.439999999999998,1153313746.12,primary_input_absent [totalAssets impossible: <= 0 (value=0)],nan
stock_CUR6K@718712e8d985,SEM.LS,2024-10-01,14.179999999999998,1132547709.1399999,primary_input_absent [totalAssets impossible: <= 0 (value=0)],nan
stock_CUR6K@718712e8d985,SEM.LS,2025-01-01,15.280000000000001,1220404019.44,primary_input_absent [totalAssets impossible: <= 0 (value=0)],nan
stock_CUR6K@718712e8d985,SEM.LS,2025-04-01,16.7,1333818529.1,primary_input_absent [totalAssets impossible: <= 0 (value=0)],nan
stock_CUR6K@718712e8d985,SEM.LS,2025-07-01,18.26,1458414750.98,primary_input_absent [totalAssets impossible: <= 0 (value=0)],nan
stock_CUR6K@718712e8d985,SEM.LS,2025-10-01,20.9,1698543000.0,primary_input_absent [totalAssets impossible: <= 0 (value=0)],nan
stock_CUR6K@718712e8d985,SEM.LS,2026-01-01,22.2,1804194000.0,primary_input_absent [totalAssets impossible: <= 0 (value=0)],nan
stock_CUR6K@718712e8d985,SEM.LS,2026-04-01,20.3,1649801300.0,primary_input_absent [totalAssets impossible: <= 0 (value=0)],nan
stock_CUR6K@718712e8d985,SFTR.ST,2013-01-01,5.6,39854432.8,primary_input_absent [netCashProvidedByOperatingActivities NaN (value=NaN)],nan
stock_CUR6K@718712e8d985,SFTR.ST,2013-07-01,5.6,36702075.199999996,primary_input_absent [netCashProvidedByOperatingActivities NaN (value=NaN)],nan
stock_CUR6K@718712e8d985,SFTR.ST,2013-10-01,5.6,32498927.999999996,primary_input_absent [netCashProvidedByOperatingActivities NaN (value=NaN)],nan
stock_CUR6K@718712e8d985,SFTR.ST,2014-01-01,5.6,35672128.8,primary_input_absent [netCashProvidedByOperatingActivities NaN (value=NaN)],nan
stock_CUR6K@718712e8d985,SFTR.ST,2014-04-01,5.6,40905216.8,primary_input_absent [netCashProvidedByOperatingActivities NaN (value=NaN)],nan
stock_CUR6K@718712e8d985,SFTR.ST,2014-10-01,5.2,55513983.2,primary_input_absent [netCashProvidedByOperatingActivities NaN (value=NaN)],nan
stock_CUR6K@718712e8d985,SFTR.ST,2015-01-01,5.7,64457902.800000004,primary_input_absent [netCashProvidedByOperatingActivities NaN (value=NaN)],nan
stock_CUR6K@718712e8d985,SFTR.ST,2015-04-01,9.25,104602737.0,primary_input_absent [netCashProvidedByOperatingActivities NaN (value=NaN)],nan
stock_CUR6K@718712e8d985,SFTR.ST,2015-07-01,17.299999,195635377.891596,primary_input_absent [netCashProvidedByOperatingActivities NaN (value=NaN)],nan
stock_CUR6K@718712e8d985,SFTR.ST,2015-10-01,24.4,353416578.4,primary_input_absent [netCashProvidedByOperatingActivities NaN (value=NaN)],nan
stock_CUR6K@718712e8d985,SFTR.ST,2016-01-01,12.4,190248413.6,primary_input_absent [netCashProvidedByOperatingActivities NaN (value=NaN)],nan
stock_CUR6K@718712e8d985,SFTR.ST,2016-04-01,10.85,166846037.75,primary_input_absent [netCashProvidedByOperatingActivities NaN (value=NaN)],nan
stock_CUR6K@718712e8d985,SFTR.ST,2016-07-01,10.7,164414926.7,primary_input_absent [netCashProvidedByOperatingActivities NaN (value=NaN)],nan
stock_CUR6K@718712e8d985,SFTR.ST,2016-10-01,8.2,117796493.19999999,primary_input_absent [netCashProvidedByOperatingActivities NaN (value=NaN)],nan
stock_CUR6K@718712e8d985,SFTR.ST,2017-01-01,4.2,64216567.800000004,primary_input_absent [netCashProvidedByOperatingActivities NaN (value=NaN)],nan
stock_CUR6K@718712e8d985,SFTR.ST,2017-04-01,5.25,80731953.75,primary_input_absent [netCashProvidedByOperatingActivities NaN (value=NaN)],nan
stock_CUR6K@718712e8d985,SFTR.ST,2017-07-01,4.09,62894036.35,primary_input_absent [netCashProvidedByOperatingActivities NaN (value=NaN)],nan
stock_CUR6K@718712e8d985,SFTR.ST,2017-10-01,3.19,50912664.769999996,primary_input_absent [netCashProvidedByOperatingActivities NaN (value=NaN)],nan
stock_CUR6K@718712e8d985,SFTR.ST,2018-01-01,3.15,53766823.949999996,primary_input_absent [netCashProvidedByOperatingActivities NaN (value=NaN)],nan
stock_CUR6K@718712e8d985,SFTR.ST,2018-04-01,2.6,44378965.800000004,primary_input_absent [netCashProvidedByOperatingActivities NaN (value=NaN)],nan
stock_CUR6K@718712e8d985,SFTR.ST,2018-07-01,2.91,51574087.14,primary_input_absent [netCashProvidedByOperatingActivities NaN (value=NaN)],nan
stock_CUR6K@718712e8d985,SFTR.ST,2018-10-01,5.98,140164448.58,primary_input_absent [netCashProvidedByOperatingActivities NaN (value=NaN)],nan
stock_CUR6K@718712e8d985,SFTR.ST,2019-01-01,5.4,134070341.4,primary_input_absent [netCashProvidedByOperatingActivities NaN (value=NaN)],nan
stock_CUR6K@718712e8d985,SFTR.ST,2019-04-01,5.7,140038626.0,primary_input_absent [netCashProvidedByOperatingActivities NaN (value=NaN)],nan
stock_CUR6K@718712e8d985,SFTR.ST,2019-07-01,6.3,154779534.0,primary_input_absent [netCashProvidedByOperatingActivities NaN (value=NaN)],nan
stock_CUR6K@718712e8d985,SFTR.ST,2019-10-01,10.1,275258077.5,primary_input_absent [netCashProvidedByOperatingActivities NaN (value=NaN)],nan
stock_CUR6K@718712e8d985,SFTR.ST,2020-01-01,8.361625,205429908.0925,primary_input_absent [netCashProvidedByOperatingActivities NaN (value=NaN)],nan
stock_CUR6K@718712e8d985,SFTR.ST,2020-04-01,10.4,268284525.60000002,primary_input_absent [netCashProvidedByOperatingActivities NaN (value=NaN)],nan
stock_CUR6K@718712e8d985,SFTR.ST,2020-07-01,9.18,248089481.64,primary_input_absent [netCashProvidedByOperatingActivities NaN (value=NaN)],nan
stock_CUR6K@718712e8d985,SFTR.ST,2020-10-01,9.9,267547480.20000002,primary_input_absent [netCashProvidedByOperatingActivities NaN (value=NaN)],nan
stock_CUR6K@718712e8d985,SFTR.ST,2021-01-01,9.12,268687001.28,primary_input_absent [netCashProvidedByOperatingActivities NaN (value=NaN)],nan
stock_CUR6K@718712e8d985,SFTR.ST,2021-04-01,10.5,334924695.0,primary_input_absent [netCashProvidedByOperatingActivities NaN (value=NaN)],nan
stock_CUR6K@718712e8d985,SFTR.ST,2021-07-01,10.2,325355418.0,primary_input_absent [netCashProvidedByOperatingActivities NaN (value=NaN)],nan
stock_CUR6K@718712e8d985,SFTR.ST,2021-10-01,8.88,267404416.8,primary_input_absent [netCashProvidedByOperatingActivities NaN (value=NaN)],nan
stock_CUR6K@718712e8d985,SFTR.ST,2022-01-01,6.88,231085722.07999998,primary_input_absent [netCashProvidedByOperatingActivities NaN (value=NaN)],nan
stock_CUR6K@718712e8d985,SFTR.ST,2022-04-01,5.35,179696019.35,primary_input_absent [netCashProvidedByOperatingActivities NaN (value=NaN)],nan
stock_CUR6K@718712e8d985,SFTR.ST,2022-07-01,3.7,118021086.7,primary_input_absent [netCashProvidedByOperatingActivities NaN (value=NaN)],nan
stock_CUR6K@718712e8d985,SFTR.ST,2022-10-01,4.82,166916971.14000002,primary_input_absent [netCashProvidedByOperatingActivities NaN (value=NaN)],nan
stock_CUR6K@718712e8d985,SFTR.ST,2023-01-01,4.78,187122865.54000002,primary_input_absent [netCashProvidedByOperatingActivities NaN (value=NaN)],nan
stock_CUR6K@718712e8d985,SFTR.ST,2023-04-01,5.1,199649919.29999998,primary_input_absent [netCashProvidedByOperatingActivities NaN (value=NaN)],nan
stock_CUR6K@718712e8d985,SFTR.ST,2023-07-01,5.0,195735215.0,primary_input_absent [netCashProvidedByOperatingActivities NaN (value=NaN)],nan
stock_CUR6K@718712e8d985,SFTR.ST,2023-10-01,7.3,285773413.9,primary_input_absent [netCashProvidedByOperatingActivities NaN (value=NaN)],nan
stock_CUR6K@718712e8d985,SFTR.ST,2024-01-01,8.35,326877809.05,primary_input_absent [netCashProvidedByOperatingActivities NaN (value=NaN)],nan
stock_CUR6K@718712e8d985,SFTR.ST,2024-04-01,6.8,266199892.4,primary_input_absent [netCashProvidedByOperatingActivities NaN (value=NaN)],nan
stock_CUR6K@718712e8d985,SFTR.ST,2024-07-01,8.1,317091048.3,primary_input_absent [netCashProvidedByOperatingActivities NaN (value=NaN)],nan
stock_CUR6K@718712e8d985,SFTR.ST,2024-10-01,7.1000000000000005,277944005.3,primary_input_absent [netCashProvidedByOperatingActivities NaN (value=NaN)],nan
stock_CUR6K@718712e8d985,SFTR.ST,2025-01-01,5.5,215308736.5,primary_input_absent [netCashProvidedByOperatingActivities NaN (value=NaN)],nan
stock_CUR6K@718712e8d985,SFTR.ST,2025-04-01,6.0,235309308.0,primary_input_absent [netCashProvidedByOperatingActivities NaN (value=NaN)],nan
stock_CUR6K@718712e8d985,SFTR.ST,2025-07-01,4.78,187803293.76000002,primary_input_absent [netCashProvidedByOperatingActivities NaN (value=NaN)],nan
stock_CUR6K@718712e8d985,SFTR.ST,2025-10-01,4.5,176802264.0,primary_input_absent [netCashProvidedByOperatingActivities NaN (value=NaN)],nan
stock_CUR6K@718712e8d985,SFTR.ST,2026-01-01,3.84,150871265.28,primary_input_absent [netCashProvidedByOperatingActivities NaN (value=NaN)],nan
stock_CUR6K@718712e8d985,SFTR.ST,2026-04-01,3.26,128083417.91999999,primary_input_absent [netCashProvidedByOperatingActivities NaN (value=NaN)],nan
stock_CUR6K@718712e8d985,SIGHT.PA,2012-10-01,,0.0,primary_input_absent [revenue impossible: < 0 (value=-47000)],nan
stock_CUR6K@718712e8d985,SIGHT.PA,2013-04-01,8.15,71350715.35000001,primary_input_absent [revenue impossible: < 0 (value=-47000)],nan
stock_CUR6K@718712e8d985,SIGHT.PA,2013-10-01,8.15,71350715.35000001,primary_input_absent [revenue impossible: < 0 (value=-47000)],nan
stock_CUR6K@718712e8d985,SIGHT.PA,2014-10-01,8.15,71350715.35000001,primary_input_absent [revenue impossible: < 0 (value=-47000)],nan
stock_CUR6K@718712e8d985,SIGHT.PA,2015-04-01,8.15,73221629.35000001,primary_input_absent [revenue impossible: < 0 (value=-47000)],nan
stock_CUR6K@718712e8d985,SIGHT.PA,2015-10-01,8.15,109984926.45,primary_input_absent [revenue impossible: < 0 (value=-47000)],nan
stock_CUR6K@718712e8d985,SIGHT.PA,2016-10-01,7.75,146447177.5,primary_input_absent [revenue impossible: < 0 (value=-47000)],nan
stock_CUR6K@718712e8d985,SIGHT.PA,2017-04-01,4.83,95652938.43,primary_input_absent [revenue impossible: < 0 (value=-47000)],nan
stock_CUR6K@718712e8d985,SIGHT.PA,2017-10-01,6.16,148661072.56,primary_input_absent [revenue impossible: < 0 (value=-47000)],nan
stock_CUR6K@718712e8d985,SIGHT.PA,2018-04-01,2.67,64705375.41,primary_input_absent [revenue impossible: < 0 (value=-47000)],nan
stock_CUR6K@718712e8d985,SIGHT.PA,2018-10-01,3.33,81893597.76,primary_input_absent [revenue impossible: < 0 (value=-47000)],nan
stock_CUR6K@718712e8d985,SIGHT.PA,2019-04-01,1.446,39896233.176,primary_input_absent [revenue impossible: < 0 (value=-47000)],nan
stock_CUR6K@718712e8d985,SIGHT.PA,2019-10-01,2.485,73256453.13,primary_input_absent [revenue impossible: < 0 (value=-47000)],nan
stock_CUR6K@718712e8d985,SIGHT.PA,2020-04-01,2.87,93930169.34,primary_input_absent [revenue impossible: < 0 (value=-47000)],nan
stock_CUR6K@718712e8d985,SIGHT.PA,2020-10-01,7.13,264120582.79999998,primary_input_absent [revenue impossible: < 0 (value=-47000)],nan
stock_CUR6K@718712e8d985,SIGHT.PA,2021-04-01,8.045,352447507.95,primary_input_absent [revenue impossible: < 0 (value=-47000)],nan
stock_CUR6K@718712e8d985,SIGHT.PA,2021-10-01,5.56,258493707.43999997,primary_input_absent [revenue impossible: < 0 (value=-47000)],nan
stock_CUR6K@718712e8d985,SIGHT.PA,2022-04-01,2.236,103582469.69200002,primary_input_absent [revenue impossible: < 0 (value=-47000)],nan
stock_CUR6K@718712e8d985,SIGHT.PA,2022-10-01,3.3619999999999997,155780653.658,primary_input_absent [revenue impossible: < 0 (value=-47000)],nan
stock_CUR6K@718712e8d985,SIGHT.PA,2023-04-01,0.748,34462971.268,primary_input_absent [revenue impossible: < 0 (value=-47000)],nan
stock_CUR6K@718712e8d985,SIGHT.PA,2023-10-01,0.45999999999999996,23257226.02,primary_input_absent [revenue impossible: < 0 (value=-47000)],nan
stock_CUR6K@718712e8d985,SIGHT.PA,2024-04-01,0.322,26645334.814,primary_input_absent [revenue impossible: < 0 (value=-47000)],nan
stock_CUR6K@718712e8d985,SIGHT.PA,2024-10-01,0.27,29389638.51,primary_input_absent [revenue impossible: < 0 (value=-47000)],nan
stock_CUR6K@718712e8d985,SIGHT.PA,2025-04-01,0.2015,25846801.955000002,primary_input_absent [revenue impossible: < 0 (value=-47000)],nan
stock_CUR6K@718712e8d985,SIGHT.PA,2025-10-01,0.1044,19746424.8,primary_input_absent [revenue impossible: < 0 (value=-47000)],nan
stock_CUR6K@718712e8d985,SNT,2006-01-01,,,primary_input_absent [netCashProvidedByOperatingActivities NaN (value=NaN)],nan
stock_CUR6K@718712e8d985,SNT,2006-04-01,9.51,104602334.94,primary_input_absent [netCashProvidedByOperatingActivities NaN (value=NaN)],nan
stock_CUR6K@718712e8d985,SNT,2006-07-01,9.48,104382876.96000001,primary_input_absent [netCashProvidedByOperatingActivities NaN (value=NaN)],nan
stock_CUR6K@718712e8d985,SNT,2006-10-01,8.95,88720875.64999999,primary_input_absent [netCashProvidedByOperatingActivities NaN (value=NaN)],nan
stock_CUR6K@718712e8d985,SNT,2007-01-01,11.01,121276151.91,primary_input_absent [netCashProvidedByOperatingActivities NaN (value=NaN)],nan
stock_CUR6K@718712e8d985,SNT,2007-04-01,10.12,111472720.91999999,primary_input_absent [netCashProvidedByOperatingActivities NaN (value=NaN)],nan
stock_CUR6K@718712e8d985,SNT,2007-07-01,8.9,98043743.9,primary_input_absent [netCashProvidedByOperatingActivities NaN (value=NaN)],nan
stock_CUR6K@718712e8d985,SNT,2007-10-01,6.33,71377250.91,primary_input_absent [netCashProvidedByOperatingActivities NaN (value=NaN)],nan
stock_CUR6K@718712e8d985,SNT,2008-01-01,6.77,74593687.89999999,primary_input_absent [netCashProvidedByOperatingActivities NaN (value=NaN)],nan
stock_CUR6K@718712e8d985,SNT,2008-04-01,8.48,93434929.60000001,primary_input_absent [netCashProvidedByOperatingActivities NaN (value=NaN)],nan
stock_CUR6K@718712e8d985,SNT,2008-10-01,5.83,64225530.38,primary_input_absent [netCashProvidedByOperatingActivities NaN (value=NaN)],nan
stock_CUR6K@718712e8d985,SNT,2009-04-01,,0.0,primary_input_absent [netCashProvidedByOperatingActivities NaN (value=NaN)],nan
stock_CUR6K@718712e8d985,SNT,2009-07-01,4.08,44535133.92,primary_input_absent [netCashProvidedByOperatingActivities NaN (value=NaN)],nan
stock_CUR6K@718712e8d985,SNT,2009-10-01,3.68,38815120.160000004,primary_input_absent [netCashProvidedByOperatingActivities NaN (value=NaN)],nan
stock_CUR6K@718712e8d985,SNT,2010-01-01,3.8500000000000005,42219708.300000004,primary_input_absent [netCashProvidedByOperatingActivities NaN (value=NaN)],nan
stock_CUR6K@718712e8d985,SNT,2010-04-01,2.73,29772618.33,primary_input_absent [netCashProvidedByOperatingActivities NaN (value=NaN)],nan
stock_CUR6K@718712e8d985,SNT,2010-07-01,3.0,32981145.0,primary_input_absent [netCashProvidedByOperatingActivities NaN (value=NaN)],nan
stock_CUR6K@718712e8d985,SNT,2010-10-01,3.11,33242441.68,primary_input_absent [netCashProvidedByOperatingActivities NaN (value=NaN)],nan
stock_CUR6K@718712e8d985,SNT,2011-01-01,3.07,33862827.589999996,primary_input_absent [netCashProvidedByOperatingActivities NaN (value=NaN)],nan
stock_CUR6K@718712e8d985,SNT,2011-04-01,3.04,33569753.28,primary_input_absent [netCashProvidedByOperatingActivities NaN (value=NaN)],nan
stock_CUR6K@718712e8d985,SNT,2011-07-01,2.32,28407075.279999997,primary_input_absent [netCashProvidedByOperatingActivities NaN (value=NaN)],nan
stock_CUR6K@718712e8d985,SNT,2011-10-01,3.7399999999999998,71966067.36,primary_input_absent [netCashProvidedByOperatingActivities NaN (value=NaN)],nan
stock_CUR6K@718712e8d985,SNT,2012-01-01,4.65,77801679.60000001,primary_input_absent [netCashProvidedByOperatingActivities NaN (value=NaN)],nan
stock_CUR6K@718712e8d985,SNT,2012-04-01,3.81,64646559.81,primary_input_absent [netCashProvidedByOperatingActivities NaN (value=NaN)],nan
stock_CUR6K@718712e8d985,SNT,2012-07-01,3.79,64337470.94,primary_input_absent [netCashProvidedByOperatingActivities NaN (value=NaN)],nan
stock_CUR6K@718712e8d985,SNT,2012-10-01,4.09,69595816.28,primary_input_absent [netCashProvidedByOperatingActivities NaN (value=NaN)],nan
stock_CUR6K@718712e8d985,SNT,2013-01-01,4.15,70861328.85000001,primary_input_absent [netCashProvidedByOperatingActivities NaN (value=NaN)],nan
stock_CUR6K@718712e8d985,SNT,2013-04-01,3.6,61470068.4,primary_input_absent [netCashProvidedByOperatingActivities NaN (value=NaN)],nan
stock_CUR6K@718712e8d985,SNT,2013-07-01,3.47,59250315.93,primary_input_absent [netCashProvidedByOperatingActivities NaN (value=NaN)],nan
stock_CUR6K@718712e8d985,SNT,2013-10-01,3.56,60787067.64,primary_input_absent [netCashProvidedByOperatingActivities NaN (value=NaN)],nan
stock_CUR6K@718712e8d985,SNT,2014-01-01,3.67,62665319.73,primary_input_absent [netCashProvidedByOperatingActivities NaN (value=NaN)],nan
stock_CUR6K@718712e8d985,SNT,2014-04-01,3.8,64885072.199999996,primary_input_absent [netCashProvidedByOperatingActivities NaN (value=NaN)],nan
stock_CUR6K@718712e8d985,SNT,2014-07-01,4.29,73398279.24,primary_input_absent [netCashProvidedByOperatingActivities NaN (value=NaN)],nan
stock_CUR6K@718712e8d985,SNT,2014-10-01,5.81,99952323.38,primary_input_absent [netCashProvidedByOperatingActivities NaN (value=NaN)],nan
stock_CUR6K@718712e8d985,SNT,2015-01-01,5.45,94009649.65,primary_input_absent [netCashProvidedByOperatingActivities NaN (value=NaN)],nan
stock_CUR6K@718712e8d985,SNT,2015-04-01,4.36,75408183.80000001,primary_input_absent [netCashProvidedByOperatingActivities NaN (value=NaN)],nan
stock_CUR6K@718712e8d985,SNT,2015-07-01,4.19,68622097.91000001,primary_input_absent [netCashProvidedByOperatingActivities NaN (value=NaN)],nan
stock_CUR6K@718712e8d985,SNT,2015-10-01,4.25,73643715.25,primary_input_absent [netCashProvidedByOperatingActivities NaN (value=NaN)],nan
stock_CUR6K@718712e8d985,SNT,2016-01-01,4.97,78859959.14999999,primary_input_absent [netCashProvidedByOperatingActivities NaN (value=NaN)],nan
stock_CUR6K@718712e8d985,SNT,2016-04-01,4.77,78222619.44,primary_input_absent [netCashProvidedByOperatingActivities NaN (value=NaN)],nan
stock_CUR6K@718712e8d985,SNT,2016-07-01,4.22,69389097.08,primary_input_absent [netCashProvidedByOperatingActivities NaN (value=NaN)],nan
stock_CUR6K@718712e8d985,SNT,2016-10-01,5.07,115208935.92,primary_input_absent [netCashProvidedByOperatingActivities NaN (value=NaN)],nan
stock_CUR6K@718712e8d985,SNT,2017-01-01,7.52,172330824.16,primary_input_absent [netCashProvidedByOperatingActivities NaN (value=NaN)],nan
stock_CUR6K@718712e8d985,SNT,2017-04-01,4.92,113163104.52,primary_input_absent [netCashProvidedByOperatingActivities NaN (value=NaN)],nan
stock_CUR6K@718712e8d985,SNT,2017-07-01,4.8,110459750.39999999,primary_input_absent [netCashProvidedByOperatingActivities NaN (value=NaN)],nan
stock_CUR6K@718712e8d985,SNT,2017-10-01,5.22,120193725.96,primary_input_absent [netCashProvidedByOperatingActivities NaN (value=NaN)],nan
stock_CUR6K@718712e8d985,SNT,2018-01-01,5.77,132897588.46999998,primary_input_absent [netCashProvidedByOperatingActivities NaN (value=NaN)],nan
stock_CUR6K@718712e8d985,SNT,2018-04-01,5.33,122815704.18,primary_input_absent [netCashProvidedByOperatingActivities NaN (value=NaN)],nan
stock_CUR6K@718712e8d985,SNT,2018-07-01,5.64,129961927.8,primary_input_absent [netCashProvidedByOperatingActivities NaN (value=NaN)],nan
stock_CUR6K@718712e8d985,SNT,2018-10-01,4.45,102545096.9,primary_input_absent [netCashProvidedByOperatingActivities NaN (value=NaN)],nan
stock_CUR6K@718712e8d985,SNT,2019-01-01,5.17,119227939.49,primary_input_absent [netCashProvidedByOperatingActivities NaN (value=NaN)],nan
stock_CUR6K@718712e8d985,SNT,2019-04-01,5.0,115734115.0,primary_input_absent [netCashProvidedByOperatingActivities NaN (value=NaN)],nan
stock_CUR6K@718712e8d985,SNT,2019-07-01,4.2,97246737.0,primary_input_absent [netCashProvidedByOperatingActivities NaN (value=NaN)],nan
stock_CUR6K@718712e8d985,SNT,2019-10-01,3.75,86827443.75,primary_input_absent [netCashProvidedByOperatingActivities NaN (value=NaN)],nan
stock_CUR6K@718712e8d985,SNT,2020-01-01,2.9400000000000004,68072715.9,primary_input_absent [netCashProvidedByOperatingActivities NaN (value=NaN)],nan
stock_CUR6K@718712e8d985,SNT,2020-04-01,3.0,69461955.0,primary_input_absent [netCashProvidedByOperatingActivities NaN (value=NaN)],nan
stock_CUR6K@718712e8d985,SNT,2020-07-01,3.73,86364364.05,primary_input_absent [netCashProvidedByOperatingActivities NaN (value=NaN)],nan
stock_CUR6K@718712e8d985,SNT,2020-10-01,3.8800000000000003,89844209.12,primary_input_absent [netCashProvidedByOperatingActivities NaN (value=NaN)],nan
stock_CUR6K@718712e8d985,SNT,2021-01-01,4.48,103774652.80000001,primary_input_absent [netCashProvidedByOperatingActivities NaN (value=NaN)],nan
stock_CUR6K@718712e8d985,SNT,2021-04-01,4.73,109565649.05000001,primary_input_absent [netCashProvidedByOperatingActivities NaN (value=NaN)],nan
stock_CUR6K@718712e8d985,SNT,2021-07-01,3.96,91932623.64,primary_input_absent [netCashProvidedByOperatingActivities NaN (value=NaN)],nan
stock_CUR6K@718712e8d985,SNT,2021-10-01,2.98,69393138.24,primary_input_absent [netCashProvidedByOperatingActivities NaN (value=NaN)],nan
stock_CUR6K@718712e8d985,SNT,2022-01-01,2.63,61284078.53,primary_input_absent [netCashProvidedByOperatingActivities NaN (value=NaN)],nan
stock_CUR6K@718712e8d985,SNT,2022-04-01,1.97,45920674.39,primary_input_absent [netCashProvidedByOperatingActivities NaN (value=NaN)],nan
stock_CUR6K@718712e8d985,SNT,2022-07-01,1.73,40326277.51,primary_input_absent [netCashProvidedByOperatingActivities NaN (value=NaN)],nan
stock_CUR6K@718712e8d985,SNT,2022-10-01,1.26,29370583.62,primary_input_absent [netCashProvidedByOperatingActivities NaN (value=NaN)],nan
stock_CUR6K@718712e8d985,SNT,2023-01-01,1.37,31934682.19,primary_input_absent [netCashProvidedByOperatingActivities NaN (value=NaN)],nan
stock_CUR6K@718712e8d985,SNT,2023-04-01,1.21,28205084.27,primary_input_absent [netCashProvidedByOperatingActivities NaN (value=NaN)],nan
stock_CUR6K@718712e8d985,SNT,2023-07-01,1.11,25874085.570000004,primary_input_absent [netCashProvidedByOperatingActivities NaN (value=NaN)],nan
stock_CUR6K@718712e8d985,SNT,2023-10-01,1.29,30069883.23,primary_input_absent [netCashProvidedByOperatingActivities NaN (value=NaN)],nan
stock_CUR6K@718712e8d985,SNT,2024-01-01,1.21,28205084.27,primary_input_absent [netCashProvidedByOperatingActivities NaN (value=NaN)],nan
stock_CUR6K@718712e8d985,SNT,2024-04-01,1.87,43589675.690000005,primary_input_absent [netCashProvidedByOperatingActivities NaN (value=NaN)],nan
stock_CUR6K@718712e8d985,SNT,2024-07-01,1.5899999999999999,37062879.33,primary_input_absent [netCashProvidedByOperatingActivities NaN (value=NaN)],nan
stock_CUR6K@718712e8d985,SNT,2024-10-01,3.4400000000000004,80210084.4,primary_input_absent [netCashProvidedByOperatingActivities NaN (value=NaN)],nan
stock_CUR6K@718712e8d985,SNT,2025-01-01,3.46,80710219.38,primary_input_absent [netCashProvidedByOperatingActivities NaN (value=NaN)],nan
stock_CUR6K@718712e8d985,SNT,2025-04-01,4.73,110342343.43,primary_input_absent [netCashProvidedByOperatingActivities NaN (value=NaN)],nan
stock_CUR6K@718712e8d985,SNT,2025-07-01,4.99,116424948.47,primary_input_absent [netCashProvidedByOperatingActivities NaN (value=NaN)],nan
stock_CUR6K@718712e8d985,SNT,2025-10-01,4.83,112691883.99,primary_input_absent [netCashProvidedByOperatingActivities NaN (value=NaN)],nan
stock_CUR6K@718712e8d985,SNT,2026-01-01,3.0299999999999994,70694908.58999999,primary_input_absent [netCashProvidedByOperatingActivities NaN (value=NaN)],nan
stock_CUR6K@718712e8d985,SNT,2026-04-01,1.93,45030090.29,primary_input_absent [netCashProvidedByOperatingActivities NaN (value=NaN)],nan
stock_CUR6K@718712e8d985,SPEONE.ST,2010-01-01,2.3,11384477.899999999,primary_input_absent [netCashProvidedByOperatingActivities NaN (value=NaN)],nan
stock_CUR6K@718712e8d985,SPEONE.ST,2010-04-01,2.3,11384477.899999999,primary_input_absent [netCashProvidedByOperatingActivities NaN (value=NaN)],nan
stock_CUR6K@718712e8d985,SPEONE.ST,2010-07-01,2.3,11384477.899999999,primary_input_absent [netCashProvidedByOperatingActivities NaN (value=NaN)],nan
stock_CUR6K@718712e8d985,SPEONE.ST,2010-10-01,2.3,11384477.899999999,primary_input_absent [netCashProvidedByOperatingActivities NaN (value=NaN)],nan
stock_CUR6K@718712e8d985,SPEONE.ST,2011-01-01,2.3,14100246.6,primary_input_absent [netCashProvidedByOperatingActivities NaN (value=NaN)],nan
stock_CUR6K@718712e8d985,SPEONE.ST,2011-04-01,2.3,14330246.6,primary_input_absent [netCashProvidedByOperatingActivities NaN (value=NaN)],nan
stock_CUR6K@718712e8d985,SPEONE.ST,2011-07-01,2.3,16209995.2,primary_input_absent [netCashProvidedByOperatingActivities NaN (value=NaN)],nan
stock_CUR6K@718712e8d985,SPEONE.ST,2011-10-01,2.3,16209995.2,primary_input_absent [netCashProvidedByOperatingActivities NaN (value=NaN)],nan
stock_CUR6K@718712e8d985,SPEONE.ST,2012-01-01,2.3,18286129.299999997,primary_input_absent [netCashProvidedByOperatingActivities NaN (value=NaN)],nan
stock_CUR6K@718712e8d985,SPEONE.ST,2013-10-01,2.3,28525887.999999996,primary_input_absent [netCashProvidedByOperatingActivities NaN (value=NaN)],nan
stock_CUR6K@718712e8d985,SPEONE.ST,2014-04-01,2.3,41487620.8,primary_input_absent [netCashProvidedByOperatingActivities NaN (value=NaN)],nan
stock_CUR6K@718712e8d985,SPEONE.ST,2014-07-01,2.3,41487620.8,primary_input_absent [netCashProvidedByOperatingActivities NaN (value=NaN)],nan
stock_CUR6K@718712e8d985,SPEONE.ST,2014-10-01,2.3,41487620.8,primary_input_absent [netCashProvidedByOperatingActivities NaN (value=NaN)],nan
stock_CUR6K@718712e8d985,SPEONE.ST,2015-01-01,2.3,83112399.8,primary_input_absent [netCashProvidedByOperatingActivities NaN (value=NaN)],nan
stock_CUR6K@718712e8d985,SPEONE.ST,2015-04-01,2.9,45483101.199999996,primary_input_absent [netCashProvidedByOperatingActivities NaN (value=NaN)],nan
stock_CUR6K@718712e8d985,SPEONE.ST,2015-07-01,4.15,49640411.75000001,primary_input_absent [netCashProvidedByOperatingActivities NaN (value=NaN)],nan
stock_CUR6K@718712e8d985,SPEONE.ST,2015-10-01,3.44,40722162.72,primary_input_absent [netCashProvidedByOperatingActivities NaN (value=NaN)],nan
stock_CUR6K@718712e8d985,SPEONE.ST,2016-01-01,2.87,70031102.47,primary_input_absent [netCashProvidedByOperatingActivities NaN (value=NaN)],nan
stock_CUR6K@718712e8d985,SPEONE.ST,2016-04-01,1.63,44203086.54,primary_input_absent [netCashProvidedByOperatingActivities NaN (value=NaN)],nan
stock_CUR6K@718712e8d985,SPEONE.ST,2016-07-01,2.11,54353114.699999996,primary_input_absent [netCashProvidedByOperatingActivities NaN (value=NaN)],nan
stock_CUR6K@718712e8d985,SPEONE.ST,2016-10-01,3.1399999999999997,80885677.8,primary_input_absent [netCashProvidedByOperatingActivities NaN (value=NaN)],nan
stock_CUR6K@718712e8d985,SPEONE.ST,2017-01-01,3.6200000000000006,102557492.38000001,primary_input_absent [netCashProvidedByOperatingActivities NaN (value=NaN)],nan
stock_CUR6K@718712e8d985,SPEONE.ST,2017-04-01,2.7000000000000006,75674827.80000001,primary_input_absent [netCashProvidedByOperatingActivities NaN (value=NaN)],nan
stock_CUR6K@718712e8d985,SPEONE.ST,2017-07-01,2.7000000000000006,76493157.30000001,primary_input_absent [netCashProvidedByOperatingActivities NaN (value=NaN)],nan
stock_CUR6K@718712e8d985,SPEONE.ST,2017-10-01,2.21,61941247.94,primary_input_absent [netCashProvidedByOperatingActivities NaN (value=NaN)],nan
stock_CUR6K@718712e8d985,SPEONE.ST,2018-01-01,2.0,61087500.0,primary_input_absent [netCashProvidedByOperatingActivities NaN (value=NaN)],nan
stock_CUR6K@718712e8d985,SPEONE.ST,2018-04-01,2.07,89371508.94,primary_input_absent [netCashProvidedByOperatingActivities NaN (value=NaN)],nan
stock_CUR6K@718712e8d985,SPEONE.ST,2018-07-01,1.9950000000000003,86649269.91000001,primary_input_absent [netCashProvidedByOperatingActivities NaN (value=NaN)],nan
stock_CUR6K@718712e8d985,SPEONE.ST,2018-10-01,1.935,83959419.735,primary_input_absent [netCashProvidedByOperatingActivities NaN (value=NaN)],nan
stock_CUR6K@718712e8d985,SPEONE.ST,2019-01-01,0.8,43350725.6,primary_input_absent [netCashProvidedByOperatingActivities NaN (value=NaN)],nan
stock_CUR6K@718712e8d985,SPEONE.ST,2019-04-01,0.4000000000000001,21512727.200000003,primary_input_absent [netCashProvidedByOperatingActivities NaN (value=NaN)],nan
stock_CUR6K@718712e8d985,SPEONE.ST,2019-07-01,0.193,20916725.102,primary_input_absent [netCashProvidedByOperatingActivities NaN (value=NaN)],nan
stock_CUR6K@718712e8d985,SPEONE.ST,2019-10-01,1.235,147984995.145,primary_input_absent [netCashProvidedByOperatingActivities NaN (value=NaN)],nan
stock_CUR6K@718712e8d985,SPEONE.ST,2020-01-01,0.574,101853404.16999999,primary_input_absent [netCashProvidedByOperatingActivities NaN (value=NaN)],nan
stock_CUR6K@718712e8d985,SPEONE.ST,2020-04-01,1.606,290758197.73,primary_input_absent [netCashProvidedByOperatingActivities NaN (value=NaN)],nan
stock_CUR6K@718712e8d985,SPEONE.ST,2020-07-01,2.8,506925890.79999995,primary_input_absent [netCashProvidedByOperatingActivities NaN (value=NaN)],nan
stock_CUR6K@718712e8d985,SPEONE.ST,2020-10-01,3.25,588396123.25,primary_input_absent [netCashProvidedByOperatingActivities NaN (value=NaN)],nan
stock_CUR6K@718712e8d985,SPEONE.ST,2021-01-01,2.2,501078756.20000005,primary_input_absent [netCashProvidedByOperatingActivities NaN (value=NaN)],nan
stock_CUR6K@718712e8d985,SPEONE.ST,2021-04-01,1.339,362986832.0,primary_input_absent [netCashProvidedByOperatingActivities NaN (value=NaN)],nan
stock_CUR6K@718712e8d985,SPEONE.ST,2021-07-01,1.42,392759024.03999996,primary_input_absent [netCashProvidedByOperatingActivities NaN (value=NaN)],nan
stock_CUR6K@718712e8d985,SPEONE.ST,2021-10-01,1.3,404281426.90000004,primary_input_absent [netCashProvidedByOperatingActivities NaN (value=NaN)],nan
stock_CUR6K@718712e8d985,SPEONE.ST,2022-01-01,1.37,469138199.54,primary_input_absent [netCashProvidedByOperatingActivities NaN (value=NaN)],nan
stock_CUR6K@718712e8d985,SPEONE.ST,2022-04-01,0.9854999999999999,368466201.2205,primary_input_absent [netCashProvidedByOperatingActivities NaN (value=NaN)],nan
stock_CUR6K@718712e8d985,SPEONE.ST,2022-07-01,0.564,211060589.85599998,primary_input_absent [netCashProvidedByOperatingActivities NaN (value=NaN)],nan
stock_CUR6K@718712e8d985,SPEONE.ST,2022-10-01,0.3798,142129099.33920002,primary_input_absent [netCashProvidedByOperatingActivities NaN (value=NaN)],nan
stock_CUR6K@718712e8d985,SPEONE.ST,2023-01-01,0.3038,113688310.63520001,primary_input_absent [netCashProvidedByOperatingActivities NaN (value=NaN)],nan
stock_CUR6K@718712e8d985,SPEONE.ST,2023-04-01,0.35,130977316.39999999,primary_input_absent [netCashProvidedByOperatingActivities NaN (value=NaN)],nan
stock_CUR6K@718712e8d985,SPEONE.ST,2023-07-01,0.2695,100852533.628,primary_input_absent [netCashProvidedByOperatingActivities NaN (value=NaN)],nan
stock_CUR6K@718712e8d985,SPEONE.ST,2023-10-01,0.262,98045876.848,primary_input_absent [netCashProvidedByOperatingActivities NaN (value=NaN)],nan
stock_CUR6K@718712e8d985,SPEONE.ST,2024-01-01,0.237,88690354.248,primary_input_absent [netCashProvidedByOperatingActivities NaN (value=NaN)],nan
stock_CUR6K@718712e8d985,SPEONE.ST,2024-04-01,0.397,148565698.888,primary_input_absent [netCashProvidedByOperatingActivities NaN (value=NaN)],nan
stock_CUR6K@718712e8d985,SPEONE.ST,2024-07-01,0.415,155301675.16,primary_input_absent [netCashProvidedByOperatingActivities NaN (value=NaN)],nan
stock_CUR6K@718712e8d985,SPEONE.ST,2024-10-01,0.247,92432563.288,primary_input_absent [netCashProvidedByOperatingActivities NaN (value=NaN)],nan
stock_CUR6K@718712e8d985,SPEONE.ST,2025-01-01,0.246,92058342.384,primary_input_absent [netCashProvidedByOperatingActivities NaN (value=NaN)],nan
stock_CUR6K@718712e8d985,SPEONE.ST,2025-04-01,0.251,93929446.904,primary_input_absent [netCashProvidedByOperatingActivities NaN (value=NaN)],nan
stock_CUR6K@718712e8d985,SPEONE.ST,2025-07-01,0.18150000000000002,67921094.076,primary_input_absent [netCashProvidedByOperatingActivities NaN (value=NaN)],nan
stock_CUR6K@718712e8d985,SPEONE.ST,2025-10-01,0.1565,58565571.476,primary_input_absent [netCashProvidedByOperatingActivities NaN (value=NaN)],nan
stock_CUR6K@718712e8d985,SPEONE.ST,2026-01-01,0.164,61372228.256000005,primary_input_absent [netCashProvidedByOperatingActivities NaN (value=NaN)],nan
stock_CUR6K@718712e8d985,SPEONE.ST,2026-04-01,0.183,70654293.588,primary_input_absent [netCashProvidedByOperatingActivities NaN (value=NaN)],nan
stock_CUR6K@718712e8d985,SPERM.ST,2020-10-01,7.65,261042763.05,primary_input_absent [netCashProvidedByOperatingActivities NaN (value=NaN)],nan
stock_CUR6K@718712e8d985,SPERM.ST,2021-01-01,7.65,261042763.05,primary_input_absent [netCashProvidedByOperatingActivities NaN (value=NaN)],nan
stock_CUR6K@718712e8d985,SPERM.ST,2021-04-01,11.2,391544305.59999996,primary_input_absent [netCashProvidedByOperatingActivities NaN (value=NaN)],nan
stock_CUR6K@718712e8d985,SPERM.ST,2021-07-01,18.0,629267634.0,primary_input_absent [netCashProvidedByOperatingActivities NaN (value=NaN)],nan
stock_CUR6K@718712e8d985,SPERM.ST,2021-10-01,20.4,520661488.79999995,primary_input_absent [netCashProvidedByOperatingActivities NaN (value=NaN)],nan
stock_CUR6K@718712e8d985,SPERM.ST,2022-01-01,16.3,354272920.5,primary_input_absent [netCashProvidedByOperatingActivities NaN (value=NaN)],nan
stock_CUR6K@718712e8d985,SPERM.ST,2022-04-01,11.8,273000764.40000004,primary_input_absent [netCashProvidedByOperatingActivities NaN (value=NaN)],nan
stock_CUR6K@718712e8d985,SPERM.ST,2022-07-01,6.0,150317898.0,primary_input_absent [netCashProvidedByOperatingActivities NaN (value=NaN)],nan
stock_CUR6K@718712e8d985,SPERM.ST,2022-10-01,1.86,40482468.480000004,primary_input_absent [netCashProvidedByOperatingActivities NaN (value=NaN)],nan
stock_CUR6K@718712e8d985,SPERM.ST,2023-01-01,0.95,27163594.15,primary_input_absent [netCashProvidedByOperatingActivities NaN (value=NaN)],nan
stock_CUR6K@718712e8d985,SPERM.ST,2023-04-01,0.693,28547217.468,primary_input_absent [netCashProvidedByOperatingActivities NaN (value=NaN)],nan
stock_CUR6K@718712e8d985,SPERM.ST,2023-07-01,0.83,70699518.69,primary_input_absent [netCashProvidedByOperatingActivities NaN (value=NaN)],nan
stock_CUR6K@718712e8d985,SPERM.ST,2023-10-01,0.745,150409161.54,primary_input_absent [netCashProvidedByOperatingActivities NaN (value=NaN)],nan
stock_CUR6K@718712e8d985,SPERM.ST,2024-01-01,0.2,8238735.2,primary_input_absent [netCashProvidedByOperatingActivities NaN (value=NaN)],nan
stock_CUR6K@718712e8d985,SPERM.ST,2024-04-01,0.0554,7803230.494399999,primary_input_absent [netCashProvidedByOperatingActivities NaN (value=NaN)],nan
stock_CUR6K@718712e8d985,SPERM.ST,2024-07-01,0.0214,6069192.368,primary_input_absent [netCashProvidedByOperatingActivities NaN (value=NaN)],nan
stock_CUR6K@718712e8d985,SPERM.ST,2024-10-01,0.0134,3800335.4080000003,primary_input_absent [netCashProvidedByOperatingActivities NaN (value=NaN)],nan
stock_CUR6K@718712e8d985,SPERM.ST,2025-01-01,0.0094,2665906.9280000003,primary_input_absent [netCashProvidedByOperatingActivities NaN (value=NaN)],nan
stock_CUR6K@718712e8d985,SPERM.ST,2025-04-01,0.008,15150578.8,primary_input_absent [netCashProvidedByOperatingActivities NaN (value=NaN)],nan
stock_CUR6K@718712e8d985,SPERM.ST,2025-07-01,0.0074,23480378.081,primary_input_absent [netCashProvidedByOperatingActivities NaN (value=NaN)],nan
stock_CUR6K@718712e8d985,SPERM.ST,2025-10-01,0.0058,18403539.577,primary_input_absent [netCashProvidedByOperatingActivities NaN (value=NaN)],nan
stock_CUR6K@718712e8d985,SPERM.ST,2026-01-01,0.0088,27922611.772,primary_input_absent [netCashProvidedByOperatingActivities NaN (value=NaN)],nan
stock_CUR6K@718712e8d985,SPERM.ST,2026-04-01,0.0104,32999450.275999997,primary_input_absent [netCashProvidedByOperatingActivities NaN (value=NaN)],nan
stock_CUR6K@718712e8d985,SPOTR.ST,2015-07-01,,0.0,primary_input_absent [netCashProvidedByOperatingActivities NaN (value=NaN)],nan
stock_CUR6K@718712e8d985,SPOTR.ST,2016-04-01,173895.0,1922930910.0,primary_input_absent [netCashProvidedByOperatingActivities NaN (value=NaN)],nan
stock_CUR6K@718712e8d985,SPOTR.ST,2016-07-01,173895.0,1922930910.0,primary_input_absent [netCashProvidedByOperatingActivities NaN (value=NaN)],nan
stock_CUR6K@718712e8d985,SPOTR.ST,2016-10-01,173895.0,2592426660.0,primary_input_absent [netCashProvidedByOperatingActivities NaN (value=NaN)],nan
stock_CUR6K@718712e8d985,SPOTR.ST,2017-01-01,352765.0,33474223615.0,primary_input_absent [netCashProvidedByOperatingActivities NaN (value=NaN)],nan
stock_CUR6K@718712e8d985,SPOTR.ST,2017-04-01,147812.5,14026075937.5,primary_input_absent [netCashProvidedByOperatingActivities NaN (value=NaN)],nan
stock_CUR6K@718712e8d985,SPOTR.ST,2017-07-01,218750.0,25900000000.0,primary_input_absent [netCashProvidedByOperatingActivities NaN (value=NaN)],nan
stock_CUR6K@718712e8d985,SPOTR.ST,2017-10-01,216250.0,25603567500.0,primary_input_absent [netCashProvidedByOperatingActivities NaN (value=NaN)],nan
stock_CUR6K@718712e8d985,SPOTR.ST,2018-01-01,152502.5,18055990995.0,primary_input_absent [netCashProvidedByOperatingActivities NaN (value=NaN)],nan
stock_CUR6K@718712e8d985,SPOTR.ST,2018-04-01,122000.0,14444434000.0,primary_input_absent [netCashProvidedByOperatingActivities NaN (value=NaN)],nan
stock_CUR6K@718712e8d985,SPOTR.ST,2018-07-01,71752.5,17296370640.0,primary_input_absent [netCashProvidedByOperatingActivities NaN (value=NaN)],nan
stock_CUR6K@718712e8d985,SPOTR.ST,2018-10-01,53197.5,18319676272.5,primary_input_absent [netCashProvidedByOperatingActivities NaN (value=NaN)],nan
stock_CUR6K@718712e8d985,SPOTR.ST,2019-01-01,34122.5,14377993090.0,primary_input_absent [netCashProvidedByOperatingActivities NaN (value=NaN)],nan
stock_CUR6K@718712e8d985,SPOTR.ST,2019-04-01,27980.0,7976006780.0,primary_input_absent [netCashProvidedByOperatingActivities NaN (value=NaN)],nan
stock_CUR6K@718712e8d985,SPOTR.ST,2019-07-01,15510.0,4421296110.0,primary_input_absent [netCashProvidedByOperatingActivities NaN (value=NaN)],nan
stock_CUR6K@718712e8d985,SPOTR.ST,2019-10-01,15107.5,7349798750.0,primary_input_absent [netCashProvidedByOperatingActivities NaN (value=NaN)],nan
stock_CUR6K@718712e8d985,SPOTR.ST,2019-10-01,17247.5,4916589597.5,primary_input_absent [netCashProvidedByOperatingActivities NaN (value=NaN)],nan
stock_CUR6K@718712e8d985,SPOTR.ST,2020-01-01,17717.5,9213100000.0,primary_input_absent [netCashProvidedByOperatingActivities NaN (value=NaN)],nan
stock_CUR6K@718712e8d985,SPOTR.ST,2020-04-01,10857.5,8044886340.0,primary_input_absent [netCashProvidedByOperatingActivities NaN (value=NaN)],nan
stock_CUR6K@718712e8d985,SPOTR.ST,2020-07-01,16067.5,19495179775.0,primary_input_absent [netCashProvidedByOperatingActivities NaN (value=NaN)],nan
stock_CUR6K@718712e8d985,SPOTR.ST,2020-10-01,39085.0,47423081220.0,primary_input_absent [netCashProvidedByOperatingActivities NaN (value=NaN)],nan
stock_CUR6K@718712e8d985,SPOTR.ST,2021-01-01,31640.0,45812758320.0,primary_input_absent [netCashProvidedByOperatingActivities NaN (value=NaN)],nan
stock_CUR6K@718712e8d985,SPOTR.ST,2021-04-01,16250.0,31106058750.0,primary_input_absent [netCashProvidedByOperatingActivities NaN (value=NaN)],nan
stock_CUR6K@718712e8d985,SPOTR.ST,2021-07-01,11350.0,21726385650.0,primary_input_absent [netCashProvidedByOperatingActivities NaN (value=NaN)],nan
stock_CUR6K@718712e8d985,SPOTR.ST,2021-10-01,9375.0,17945803125.0,primary_input_absent [netCashProvidedByOperatingActivities NaN (value=NaN)],nan
stock_CUR6K@718712e8d985,SPOTR.ST,2022-01-01,6762.5,12944905987.5,primary_input_absent [netCashProvidedByOperatingActivities NaN (value=NaN)],nan
stock_CUR6K@718712e8d985,SPOTR.ST,2022-04-01,4605.0,8814978495.0,primary_input_absent [netCashProvidedByOperatingActivities NaN (value=NaN)],nan
stock_CUR6K@718712e8d985,SPOTR.ST,2022-07-01,2562.5,4916776375.0,primary_input_absent [netCashProvidedByOperatingActivities NaN (value=NaN)],nan
stock_CUR6K@718712e8d985,SPOTR.ST,2022-10-01,2812.5,5416065000.0,primary_input_absent [netCashProvidedByOperatingActivities NaN (value=NaN)],nan
stock_CUR6K@718712e8d985,SPOTR.ST,2023-01-01,1885.0,3683985565.0,primary_input_absent [netCashProvidedByOperatingActivities NaN (value=NaN)],nan
stock_CUR6K@718712e8d985,SPOTR.ST,2023-04-01,450.0,879466050.0,primary_input_absent [netCashProvidedByOperatingActivities NaN (value=NaN)],nan
stock_CUR6K@718712e8d985,SPOTR.ST,2023-07-01,236.0,1201206724.0,primary_input_absent [netCashProvidedByOperatingActivities NaN (value=NaN)],nan
stock_CUR6K@718712e8d985,SPOTR.ST,2023-10-01,114.5,1000038878.0,primary_input_absent [netCashProvidedByOperatingActivities NaN (value=NaN)],nan
stock_CUR6K@718712e8d985,SPOTR.ST,2024-01-01,110.5,1330441768.5,primary_input_absent [netCashProvidedByOperatingActivities NaN (value=NaN)],nan
stock_CUR6K@718712e8d985,SPOTR.ST,2024-04-01,95.5,1430436913.5,primary_input_absent [netCashProvidedByOperatingActivities NaN (value=NaN)],nan
stock_CUR6K@718712e8d985,SPOTR.ST,2024-07-01,82.0,1319490864.0,primary_input_absent [netCashProvidedByOperatingActivities NaN (value=NaN)],nan
stock_CUR6K@718712e8d985,SPOTR.ST,2024-10-01,29.75,2623021175.25,primary_input_absent [netCashProvidedByOperatingActivities NaN (value=NaN)],nan
stock_CUR6K@718712e8d985,SPOTR.ST,2025-01-01,20.1,20521818.6,primary_input_absent [netCashProvidedByOperatingActivities NaN (value=NaN)],nan
stock_CUR6K@718712e8d985,SPOTR.ST,2025-04-01,28.63,17197182100.0,primary_input_absent [netCashProvidedByOperatingActivities NaN (value=NaN)],nan
stock_CUR6K@718712e8d985,SPOTR.ST,2025-07-01,9.9,11951478000.0,primary_input_absent [netCashProvidedByOperatingActivities NaN (value=NaN)],nan
stock_CUR6K@718712e8d985,SPOTR.ST,2025-10-01,9.7,12346645000.0,primary_input_absent [netCashProvidedByOperatingActivities NaN (value=NaN)],nan
stock_CUR6K@718712e8d985,SPOTR.ST,2026-01-01,8.7,12448377.6,primary_input_absent [netCashProvidedByOperatingActivities NaN (value=NaN)],nan
stock_CUR6K@718712e8d985,SVE.DE,2007-10-01,,0.0,primary_input_absent [revenue impossible: < 0 (value=-2.40613e+06)],
stock_CUR6K@718712e8d985,SVE.DE,2008-10-01,,0.0,primary_input_absent [revenue impossible: < 0 (value=-2.40613e+06)],
stock_CUR6K@718712e8d985,SVE.DE,2009-10-01,,0.0,primary_input_absent [revenue impossible: < 0 (value=-2.40613e+06)],
stock_CUR6K@718712e8d985,SVE.DE,2011-10-01,,0.0,primary_input_absent [revenue impossible: < 0 (value=-2.40613e+06)],
stock_CUR6K@718712e8d985,SVE.DE,2012-10-01,,0.0,primary_input_absent [revenue impossible: < 0 (value=-2.40613e+06)],
stock_CUR6K@718712e8d985,SVE.DE,2013-04-01,39.45,27516375.000000004,primary_input_absent [revenue impossible: < 0 (value=-2.40613e+06)],
stock_CUR6K@718712e8d985,SVE.DE,2013-10-01,43.8,30550499.999999996,primary_input_absent [revenue impossible: < 0 (value=-2.40613e+06)],totalCurrentLiabilities|totalLiabilities
stock_CUR6K@718712e8d985,SVE.DE,2014-04-01,52.93,36918675.0,primary_input_absent [revenue impossible: < 0 (value=-2.40613e+06)],
stock_CUR6K@718712e8d985,SVE.DE,2014-10-01,46.9,32712750.0,primary_input_absent [revenue impossible: < 0 (value=-2.40613e+06)],
stock_CUR6K@718712e8d985,SVE.DE,2015-04-01,53.0,36967500.0,primary_input_absent [revenue impossible: < 0 (value=-2.40613e+06)],
stock_CUR6K@718712e8d985,SVE.DE,2015-10-01,62.3,43454250.0,primary_input_absent [revenue impossible: < 0 (value=-2.40613e+06)],
stock_CUR6K@718712e8d985,SVE.DE,2016-04-01,88.95,62042625.0,primary_input_absent [revenue impossible: < 0 (value=-2.40613e+06)],
stock_CUR6K@718712e8d985,SVE.DE,2016-10-01,90.08,62830800.0,primary_input_absent [revenue impossible: < 0 (value=-2.40613e+06)],
stock_CUR6K@718712e8d985,SVE.DE,2017-04-01,119.2,83142000.0,primary_input_absent [revenue impossible: < 0 (value=-2.40613e+06)],
stock_CUR6K@718712e8d985,SVE.DE,2017-10-01,129.0,89977500.0,primary_input_absent [revenue impossible: < 0 (value=-2.40613e+06)],
stock_CUR6K@718712e8d985,SVE.DE,2018-04-01,124.5,86838750.0,primary_input_absent [revenue impossible: < 0 (value=-2.40613e+06)],
stock_CUR6K@718712e8d985,SVE.DE,2018-10-01,95.0,66262500.0,primary_input_absent [revenue impossible: < 0 (value=-2.40613e+06)],
stock_CUR6K@718712e8d985,SVE.DE,2019-04-01,101.0,70447500.0,primary_input_absent [revenue impossible: < 0 (value=-2.40613e+06)],
stock_CUR6K@718712e8d985,SVE.DE,2019-10-01,102.0,71145000.0,primary_input_absent [revenue impossible: < 0 (value=-2.40613e+06)],
stock_CUR6K@718712e8d985,SVE.DE,2020-04-01,94.5,65913750.0,primary_input_absent [revenue impossible: < 0 (value=-2.40613e+06)],
stock_CUR6K@718712e8d985,SVE.DE,2020-10-01,98.0,68355000.0,primary_input_absent [revenue impossible: < 0 (value=-2.40613e+06)],
stock_CUR6K@718712e8d985,SVE.DE,2021-04-01,129.0,89647776.0,primary_input_absent [revenue impossible: < 0 (value=-2.40613e+06)],
stock_CUR6K@718712e8d985,SVE.DE,2021-10-01,142.0,98682048.0,primary_input_absent [revenue impossible: < 0 (value=-2.40613e+06)],
stock_CUR6K@718712e8d985,SVE.DE,2022-04-01,129.0,89647776.0,primary_input_absent [revenue impossible: < 0 (value=-2.40613e+06)],
stock_CUR6K@718712e8d985,SVE.DE,2022-10-01,114.0,79223616.0,primary_input_absent [revenue impossible: < 0 (value=-2.40613e+06)],
stock_CUR6K@718712e8d985,SVE.DE,2023-04-01,112.0,77833728.0,primary_input_absent [revenue impossible: < 0 (value=-2.40613e+06)],
stock_CUR6K@718712e8d985,SVE.DE,2023-10-01,85.0,59070240.0,primary_input_absent [revenue impossible: < 0 (value=-2.40613e+06)],
stock_CUR6K@718712e8d985,SVE.DE,2024-04-01,83.5,58027824.0,primary_input_absent [revenue impossible: < 0 (value=-2.40613e+06)],
stock_CUR6K@718712e8d985,SVE.DE,2024-10-01,73.0,50739234.0,primary_input_absent [revenue impossible: < 0 (value=-2.40613e+06)],
stock_CUR6K@718712e8d985,SVE.DE,2025-04-01,85.5,59417712.0,primary_input_absent [revenue impossible: < 0 (value=-2.40613e+06)],
stock_CUR6K@718712e8d985,SVE.DE,2025-10-01,81.5,56637936.0,primary_input_absent [revenue impossible: < 0 (value=-2.40613e+06)],
stock_CUR6K@718712e8d985,SVE.DE,2026-04-01,69.5,48298608.0,primary_input_absent [revenue impossible: < 0 (value=-2.40613e+06)],
stock_CUR6K@718712e8d985,TFG.AS,2009-10-01,3.83,492681847.14,primary_input_absent [revenue impossible: < 0 (value=-1.314e+08)],nan
stock_CUR6K@718712e8d985,TFG.AS,2010-01-01,3.86,488214081.52,primary_input_absent [revenue impossible: < 0 (value=-1.314e+08)],nan
stock_CUR6K@718712e8d985,TFG.AS,2010-04-01,4.19,523888370.56000006,primary_input_absent [revenue impossible: < 0 (value=-1.314e+08)],nan
stock_CUR6K@718712e8d985,TFG.AS,2010-07-01,4.34,537406988.3,primary_input_absent [revenue impossible: < 0 (value=-1.314e+08)],nan
stock_CUR6K@718712e8d985,TFG.AS,2010-10-01,5.75,705387005.75,primary_input_absent [revenue impossible: < 0 (value=-1.314e+08)],nan
stock_CUR6K@718712e8d985,TFG.AS,2011-01-01,6.5,794260759.5,primary_input_absent [revenue impossible: < 0 (value=-1.314e+08)],nan
stock_CUR6K@718712e8d985,TFG.AS,2011-04-01,7.76,943057163.6,primary_input_absent [revenue impossible: < 0 (value=-1.314e+08)],nan
stock_CUR6K@718712e8d985,TFG.AS,2011-07-01,6.38,767506324.86,primary_input_absent [revenue impossible: < 0 (value=-1.314e+08)],nan
stock_CUR6K@718712e8d985,TFG.AS,2011-10-01,6.129999999999999,719037132.3199999,primary_input_absent [revenue impossible: < 0 (value=-1.314e+08)],nan
stock_CUR6K@718712e8d985,TFG.AS,2012-01-01,7.15,838681157.6,primary_input_absent [revenue impossible: < 0 (value=-1.314e+08)],nan
stock_CUR6K@718712e8d985,TFG.AS,2012-04-01,7.25,843761358.25,primary_input_absent [revenue impossible: < 0 (value=-1.314e+08)],nan
stock_CUR6K@718712e8d985,TFG.AS,2012-07-01,8.57,978386542.6800001,primary_input_absent [revenue impossible: < 0 (value=-1.314e+08)],nan
stock_CUR6K@718712e8d985,TFG.AS,2012-10-01,9.75,981745820.25,primary_input_absent [revenue impossible: < 0 (value=-1.314e+08)],nan
stock_CUR6K@718712e8d985,TFG.AS,2013-01-01,11.4,1121760456.0,primary_input_absent [revenue impossible: < 0 (value=-1.314e+08)],nan
stock_CUR6K@718712e8d985,TFG.AS,2013-04-01,10.36,1030160596.3599999,primary_input_absent [revenue impossible: < 0 (value=-1.314e+08)],nan
stock_CUR6K@718712e8d985,TFG.AS,2013-07-01,10.05,999335327.5500001,primary_input_absent [revenue impossible: < 0 (value=-1.314e+08)],nan
stock_CUR6K@718712e8d985,TFG.AS,2013-10-01,9.77,985083873.86,primary_input_absent [revenue impossible: < 0 (value=-1.314e+08)],nan
stock_CUR6K@718712e8d985,TFG.AS,2014-01-01,10.4,997827220.0,primary_input_absent [revenue impossible: < 0 (value=-1.314e+08)],nan
stock_CUR6K@718712e8d985,TFG.AS,2014-04-01,9.9,950823304.2,primary_input_absent [revenue impossible: < 0 (value=-1.314e+08)],nan
stock_CUR6K@718712e8d985,TFG.AS,2014-07-01,10.9,1031113523.9,primary_input_absent [revenue impossible: < 0 (value=-1.314e+08)],nan
stock_CUR6K@718712e8d985,TFG.AS,2014-10-01,9.79,829085338.4,primary_input_absent [revenue impossible: < 0 (value=-1.314e+08)],nan
stock_CUR6K@718712e8d985,TFG.AS,2015-01-01,9.84,968696536.8,primary_input_absent [revenue impossible: < 0 (value=-1.314e+08)],nan
stock_CUR6K@718712e8d985,TFG.AS,2015-04-01,9.97,853473355.5600001,primary_input_absent [revenue impossible: < 0 (value=-1.314e+08)],nan
stock_CUR6K@718712e8d985,TFG.AS,2015-07-01,9.77,966783686.86,primary_input_absent [revenue impossible: < 0 (value=-1.314e+08)],nan
stock_CUR6K@718712e8d985,TFG.AS,2015-10-01,9.73,950926541.46,primary_input_absent [revenue impossible: < 0 (value=-1.314e+08)],nan
stock_CUR6K@718712e8d985,TFG.AS,2016-01-01,9.75,945750000.0,primary_input_absent [revenue impossible: < 0 (value=-1.314e+08)],nan
stock_CUR6K@718712e8d985,TFG.AS,2016-04-01,9.93,868875000.0,primary_input_absent [revenue impossible: < 0 (value=-1.314e+08)],nan
stock_CUR6K@718712e8d985,TFG.AS,2016-07-01,10.65,935070000.0,primary_input_absent [revenue impossible: < 0 (value=-1.314e+08)],nan
stock_CUR6K@718712e8d985,TFG.AS,2016-10-01,12.25,1066975000.0,primary_input_absent [revenue impossible: < 0 (value=-1.314e+08)],nan
stock_CUR6K@718712e8d985,TFG.AS,2017-01-01,12.25,1233575000.0,primary_input_absent [revenue impossible: < 0 (value=-1.314e+08)],nan
stock_CUR6K@718712e8d985,TFG.AS,2017-04-01,13.1,1319170000.0,primary_input_absent [revenue impossible: < 0 (value=-1.314e+08)],nan
stock_CUR6K@718712e8d985,TFG.AS,2017-07-01,12.65,1223216619.9,primary_input_absent [revenue impossible: < 0 (value=-1.314e+08)],nan
stock_CUR6K@718712e8d985,TFG.AS,2017-10-01,13.53,1308309949.98,primary_input_absent [revenue impossible: < 0 (value=-1.314e+08)],nan
stock_CUR6K@718712e8d985,TFG.AS,2018-01-01,12.95,1286366662.35,primary_input_absent [revenue impossible: < 0 (value=-1.314e+08)],nan
stock_CUR6K@718712e8d985,TFG.AS,2018-04-01,12.379999999999999,1229746662.54,primary_input_absent [revenue impossible: < 0 (value=-1.314e+08)],nan
stock_CUR6K@718712e8d985,TFG.AS,2018-07-01,12.88,1288000000.0,primary_input_absent [revenue impossible: < 0 (value=-1.314e+08)],nan
stock_CUR6K@718712e8d985,TFG.AS,2018-10-01,11.63,1163000000.0,primary_input_absent [revenue impossible: < 0 (value=-1.314e+08)],nan
stock_CUR6K@718712e8d985,TFG.AS,2019-01-01,12.979999999999999,1269252337.32,primary_input_absent [revenue impossible: < 0 (value=-1.314e+08)],nan
stock_CUR6K@718712e8d985,TFG.AS,2019-04-01,12.5,1222315425.0,primary_input_absent [revenue impossible: < 0 (value=-1.314e+08)],nan
stock_CUR6K@718712e8d985,TFG.AS,2019-07-01,12.45,1289898995.25,primary_input_absent [revenue impossible: < 0 (value=-1.314e+08)],nan
stock_CUR6K@718712e8d985,TFG.AS,2019-10-01,12.230000000000002,1267105599.3500001,primary_input_absent [revenue impossible: < 0 (value=-1.314e+08)],nan
stock_CUR6K@718712e8d985,TFG.AS,2020-01-01,7.36,683008000.0,primary_input_absent [revenue impossible: < 0 (value=-1.314e+08)],nan
stock_CUR6K@718712e8d985,TFG.AS,2020-04-01,8.84,820352000.0,primary_input_absent [revenue impossible: < 0 (value=-1.314e+08)],nan
stock_CUR6K@718712e8d985,TFG.AS,2020-07-01,8.6,965688883.0,primary_input_absent [revenue impossible: < 0 (value=-1.314e+08)],nan
stock_CUR6K@718712e8d985,TFG.AS,2020-10-01,7.528546437662574,845376000.0,primary_input_absent [revenue impossible: < 0 (value=-1.314e+08)],nan
stock_CUR6K@718712e8d985,TFG.AS,2021-01-01,9.79,975940624.9999999,primary_input_absent [revenue impossible: < 0 (value=-1.314e+08)],nan
stock_CUR6K@718712e8d985,TFG.AS,2021-04-01,8.615423197492163,858850000.0,primary_input_absent [revenue impossible: < 0 (value=-1.314e+08)],nan
stock_CUR6K@718712e8d985,TFG.AS,2021-07-01,9.18,924426000.0,primary_input_absent [revenue impossible: < 0 (value=-1.314e+08)],nan
stock_CUR6K@718712e8d985,TFG.AS,2021-10-01,7.637789982125123,769125451.1999999,primary_input_absent [revenue impossible: < 0 (value=-1.314e+08)],nan
stock_CUR6K@718712e8d985,TFG.AS,2022-01-01,8.95,798339999.9999999,primary_input_absent [revenue impossible: < 0 (value=-1.314e+08)],nan
stock_CUR6K@718712e8d985,TFG.AS,2022-04-01,10.3,918760000.0000001,primary_input_absent [revenue impossible: < 0 (value=-1.314e+08)],nan
stock_CUR6K@718712e8d985,TFG.AS,2022-07-01,9.5,877800000.0,primary_input_absent [revenue impossible: < 0 (value=-1.314e+08)],nan
stock_CUR6K@718712e8d985,TFG.AS,2022-10-01,9.55,882420000.0000001,primary_input_absent [revenue impossible: < 0 (value=-1.314e+08)],nan
stock_CUR6K@718712e8d985,TFG.AS,2023-01-01,10.45,978499993.3499999,primary_input_absent [revenue impossible: < 0 (value=-1.314e+08)],nan
stock_CUR6K@718712e8d985,TFG.AS,2023-04-01,9.9,926999993.7,primary_input_absent [revenue impossible: < 0 (value=-1.314e+08)],nan
stock_CUR6K@718712e8d985,TFG.AS,2023-07-01,9.9,893970000.0,primary_input_absent [revenue impossible: < 0 (value=-1.314e+08)],nan
stock_CUR6K@718712e8d985,TFG.AS,2023-10-01,10.05,907515000.0000001,primary_input_absent [revenue impossible: < 0 (value=-1.314e+08)],nan
stock_CUR6K@718712e8d985,TFG.AS,2024-01-01,9.8,879277716.8000001,primary_input_absent [revenue impossible: < 0 (value=-1.314e+08)],nan
stock_CUR6K@718712e8d985,TFG.AS,2024-04-01,9.734935659636406,873440000.0000001,primary_input_absent [revenue impossible: < 0 (value=-1.314e+08)],nan
stock_CUR6K@718712e8d985,TFG.AS,2024-07-01,10.05,888420000.0000001,primary_input_absent [revenue impossible: < 0 (value=-1.314e+08)],nan
stock_CUR6K@718712e8d985,TFG.AS,2024-10-01,14.0,1148000000.0,primary_input_absent [revenue impossible: < 0 (value=-1.314e+08)],nan
stock_CUR6K@718712e8d985,TFG.AS,2025-01-01,14.8,1393635902.4,primary_input_absent [revenue impossible: < 0 (value=-1.314e+08)],nan
stock_CUR6K@718712e8d985,TFG.AS,2025-04-01,17.431852795847753,1511341637.4,primary_input_absent [revenue impossible: < 0 (value=-1.314e+08)],nan
stock_CUR6K@718712e8d985,TFG.AS,2025-07-01,19.15,1874784999.9999998,primary_input_absent [revenue impossible: < 0 (value=-1.314e+08)],nan
stock_CUR6K@718712e8d985,TFG.AS,2025-10-01,17.35,1452195000.0,primary_input_absent [revenue impossible: < 0 (value=-1.314e+08)],nan
stock_CUR6K@718712e8d985,TFG.AS,2026-01-01,14.0,1237600000.0,primary_input_absent [revenue impossible: < 0 (value=-1.314e+08)],nan
stock_CUR6K@718712e8d985,TFG.AS,2026-04-01,13.05,1153620000.0,primary_input_absent [revenue impossible: < 0 (value=-1.314e+08)],nan
stock_CUR6K@718712e8d985,TFGS.L,2009-10-01,3.83,492681847.14,primary_input_absent [revenue impossible: < 0 (value=-1.32237e+08)],nan
stock_CUR6K@718712e8d985,TFGS.L,2010-01-01,3.86,488214081.52,primary_input_absent [revenue impossible: < 0 (value=-1.32237e+08)],nan
stock_CUR6K@718712e8d985,TFGS.L,2010-04-01,4.19,523888370.56000006,primary_input_absent [revenue impossible: < 0 (value=-1.32237e+08)],nan
stock_CUR6K@718712e8d985,TFGS.L,2010-07-01,4.34,537406988.3,primary_input_absent [revenue impossible: < 0 (value=-1.32237e+08)],nan
stock_CUR6K@718712e8d985,TFGS.L,2010-10-01,5.75,705387005.75,primary_input_absent [revenue impossible: < 0 (value=-1.32237e+08)],nan
stock_CUR6K@718712e8d985,TFGS.L,2011-01-01,6.5,794260759.5,primary_input_absent [revenue impossible: < 0 (value=-1.32237e+08)],nan
stock_CUR6K@718712e8d985,TFGS.L,2011-04-01,7.76,943057163.6,primary_input_absent [revenue impossible: < 0 (value=-1.32237e+08)],nan
stock_CUR6K@718712e8d985,TFGS.L,2011-07-01,6.38,767506324.86,primary_input_absent [revenue impossible: < 0 (value=-1.32237e+08)],nan
stock_CUR6K@718712e8d985,TFGS.L,2011-10-01,6.129999999999999,719037132.3199999,primary_input_absent [revenue impossible: < 0 (value=-1.32237e+08)],nan
stock_CUR6K@718712e8d985,TFGS.L,2012-01-01,7.15,838681157.6,primary_input_absent [revenue impossible: < 0 (value=-1.32237e+08)],nan
stock_CUR6K@718712e8d985,TFGS.L,2012-04-01,7.25,843761358.25,primary_input_absent [revenue impossible: < 0 (value=-1.32237e+08)],nan
stock_CUR6K@718712e8d985,TFGS.L,2012-07-01,8.57,978386542.6800001,primary_input_absent [revenue impossible: < 0 (value=-1.32237e+08)],nan
stock_CUR6K@718712e8d985,TFGS.L,2012-10-01,9.75,981745820.25,primary_input_absent [revenue impossible: < 0 (value=-1.32237e+08)],nan
stock_CUR6K@718712e8d985,TFGS.L,2013-01-01,11.4,1121760456.0,primary_input_absent [revenue impossible: < 0 (value=-1.32237e+08)],nan
stock_CUR6K@718712e8d985,TFGS.L,2013-04-01,10.36,1030160596.3599999,primary_input_absent [revenue impossible: < 0 (value=-1.32237e+08)],nan
stock_CUR6K@718712e8d985,TFGS.L,2013-07-01,10.05,999335327.5500001,primary_input_absent [revenue impossible: < 0 (value=-1.32237e+08)],nan
stock_CUR6K@718712e8d985,TFGS.L,2013-10-01,9.77,985083873.86,primary_input_absent [revenue impossible: < 0 (value=-1.32237e+08)],nan
stock_CUR6K@718712e8d985,TFGS.L,2014-01-01,10.4,997827220.0,primary_input_absent [revenue impossible: < 0 (value=-1.32237e+08)],nan
stock_CUR6K@718712e8d985,TFGS.L,2014-04-01,9.9,950823304.2,primary_input_absent [revenue impossible: < 0 (value=-1.32237e+08)],nan
stock_CUR6K@718712e8d985,TFGS.L,2014-07-01,10.9,1031113523.9,primary_input_absent [revenue impossible: < 0 (value=-1.32237e+08)],nan
stock_CUR6K@718712e8d985,TFGS.L,2014-10-01,9.79,829085338.4,primary_input_absent [revenue impossible: < 0 (value=-1.32237e+08)],nan
stock_CUR6K@718712e8d985,TFGS.L,2015-01-01,9.84,968696536.8,primary_input_absent [revenue impossible: < 0 (value=-1.32237e+08)],nan
stock_CUR6K@718712e8d985,TFGS.L,2015-04-01,9.97,853473355.5600001,primary_input_absent [revenue impossible: < 0 (value=-1.32237e+08)],nan
stock_CUR6K@718712e8d985,TFGS.L,2015-07-01,9.77,966783686.86,primary_input_absent [revenue impossible: < 0 (value=-1.32237e+08)],nan
stock_CUR6K@718712e8d985,TFGS.L,2015-10-01,9.73,950926541.46,primary_input_absent [revenue impossible: < 0 (value=-1.32237e+08)],nan
stock_CUR6K@718712e8d985,TFGS.L,2016-01-01,9.75,945750000.0,primary_input_absent [revenue impossible: < 0 (value=-1.32237e+08)],nan
stock_CUR6K@718712e8d985,TFGS.L,2016-04-01,9.93,868875000.0,primary_input_absent [revenue impossible: < 0 (value=-1.32237e+08)],nan
stock_CUR6K@718712e8d985,TFGS.L,2016-07-01,10.65,935070000.0,primary_input_absent [revenue impossible: < 0 (value=-1.32237e+08)],nan
stock_CUR6K@718712e8d985,TFGS.L,2016-10-01,12.25,1066975000.0,primary_input_absent [revenue impossible: < 0 (value=-1.32237e+08)],nan
stock_CUR6K@718712e8d985,TFGS.L,2017-01-01,12.25,1233575000.0,primary_input_absent [revenue impossible: < 0 (value=-1.32237e+08)],nan
stock_CUR6K@718712e8d985,TFGS.L,2017-04-01,13.1,1319170000.0,primary_input_absent [revenue impossible: < 0 (value=-1.32237e+08)],nan
stock_CUR6K@718712e8d985,TFGS.L,2017-07-01,12.65,1223216619.9,primary_input_absent [revenue impossible: < 0 (value=-1.32237e+08)],nan
stock_CUR6K@718712e8d985,TFGS.L,2017-10-01,13.53,1308309949.98,primary_input_absent [revenue impossible: < 0 (value=-1.32237e+08)],nan
stock_CUR6K@718712e8d985,TFGS.L,2018-01-01,12.95,1286366662.35,primary_input_absent [revenue impossible: < 0 (value=-1.32237e+08)],nan
stock_CUR6K@718712e8d985,TFGS.L,2018-04-01,12.379999999999999,1229746662.54,primary_input_absent [revenue impossible: < 0 (value=-1.32237e+08)],nan
stock_CUR6K@718712e8d985,TFGS.L,2018-07-01,12.88,1288000000.0,primary_input_absent [revenue impossible: < 0 (value=-1.32237e+08)],nan
stock_CUR6K@718712e8d985,TFGS.L,2018-10-01,11.63,1163000000.0,primary_input_absent [revenue impossible: < 0 (value=-1.32237e+08)],nan
stock_CUR6K@718712e8d985,TFGS.L,2019-01-01,12.979999999999999,1269252337.32,primary_input_absent [revenue impossible: < 0 (value=-1.32237e+08)],nan
stock_CUR6K@718712e8d985,TFGS.L,2019-04-01,12.5,1222315425.0,primary_input_absent [revenue impossible: < 0 (value=-1.32237e+08)],nan
stock_CUR6K@718712e8d985,TFGS.L,2019-07-01,12.45,1289898995.25,primary_input_absent [revenue impossible: < 0 (value=-1.32237e+08)],nan
stock_CUR6K@718712e8d985,TFGS.L,2019-10-01,12.230000000000002,1267105599.3500001,primary_input_absent [revenue impossible: < 0 (value=-1.32237e+08)],nan
stock_CUR6K@718712e8d985,TFGS.L,2020-01-01,7.36,683008000.0,primary_input_absent [revenue impossible: < 0 (value=-1.32237e+08)],nan
stock_CUR6K@718712e8d985,TFGS.L,2020-04-01,8.84,820352000.0,primary_input_absent [revenue impossible: < 0 (value=-1.32237e+08)],nan
stock_CUR6K@718712e8d985,TFGS.L,2020-07-01,8.6,965688883.0,primary_input_absent [revenue impossible: < 0 (value=-1.32237e+08)],nan
stock_CUR6K@718712e8d985,TFGS.L,2020-10-01,9.52,845376000.0,primary_input_absent [revenue impossible: < 0 (value=-1.32237e+08)],nan
stock_CUR6K@718712e8d985,TFGS.L,2021-01-01,9.79,975940624.9999999,primary_input_absent [revenue impossible: < 0 (value=-1.32237e+08)],nan
stock_CUR6K@718712e8d985,TFGS.L,2021-04-01,9.65,858850000.0,primary_input_absent [revenue impossible: < 0 (value=-1.32237e+08)],nan
stock_CUR6K@718712e8d985,TFGS.L,2021-07-01,9.18,924426000.0,primary_input_absent [revenue impossible: < 0 (value=-1.32237e+08)],nan
stock_CUR6K@718712e8d985,TFGS.L,2021-10-01,8.6,769125451.1999999,primary_input_absent [revenue impossible: < 0 (value=-1.32237e+08)],nan
stock_CUR6K@718712e8d985,TFGS.L,2022-01-01,8.95,798339999.9999999,primary_input_absent [revenue impossible: < 0 (value=-1.32237e+08)],nan
stock_CUR6K@718712e8d985,TFGS.L,2022-04-01,10.3,918760000.0000001,primary_input_absent [revenue impossible: < 0 (value=-1.32237e+08)],nan
stock_CUR6K@718712e8d985,TFGS.L,2022-07-01,9.5,877800000.0,primary_input_absent [revenue impossible: < 0 (value=-1.32237e+08)],nan
stock_CUR6K@718712e8d985,TFGS.L,2022-10-01,9.55,882420000.0000001,primary_input_absent [revenue impossible: < 0 (value=-1.32237e+08)],nan
stock_CUR6K@718712e8d985,TFGS.L,2023-01-01,10.45,978499993.3499999,primary_input_absent [revenue impossible: < 0 (value=-1.32237e+08)],nan
stock_CUR6K@718712e8d985,TFGS.L,2023-04-01,9.9,926999993.7,primary_input_absent [revenue impossible: < 0 (value=-1.32237e+08)],nan
stock_CUR6K@718712e8d985,TFGS.L,2023-07-01,9.9,893970000.0,primary_input_absent [revenue impossible: < 0 (value=-1.32237e+08)],nan
stock_CUR6K@718712e8d985,TFGS.L,2023-10-01,10.05,907515000.0000001,primary_input_absent [revenue impossible: < 0 (value=-1.32237e+08)],nan
stock_CUR6K@718712e8d985,TFGS.L,2024-01-01,9.8,879277716.8000001,primary_input_absent [revenue impossible: < 0 (value=-1.32237e+08)],nan
stock_CUR6K@718712e8d985,TFGS.L,2024-04-01,9.734935659636406,873440000.0000001,primary_input_absent [revenue impossible: < 0 (value=-1.32237e+08)],nan
stock_CUR6K@718712e8d985,TFGS.L,2024-07-01,10.05,888420000.0000001,primary_input_absent [revenue impossible: < 0 (value=-1.32237e+08)],nan
stock_CUR6K@718712e8d985,TFGS.L,2024-10-01,12.986425339366516,1148000000.0,primary_input_absent [revenue impossible: < 0 (value=-1.32237e+08)],nan
stock_CUR6K@718712e8d985,TFGS.L,2025-01-01,14.8,1393635902.4,primary_input_absent [revenue impossible: < 0 (value=-1.32237e+08)],nan
stock_CUR6K@718712e8d985,TFGS.L,2025-04-01,16.05,1511341637.4,primary_input_absent [revenue impossible: < 0 (value=-1.32237e+08)],nan
stock_CUR6K@718712e8d985,TFGS.L,2025-07-01,19.15,1874784999.9999998,primary_input_absent [revenue impossible: < 0 (value=-1.32237e+08)],nan
stock_CUR6K@718712e8d985,TFGS.L,2025-10-01,23.373920322599197,1452195000.0,primary_input_absent [revenue impossible: < 0 (value=-1.32237e+08)],nan
stock_CUR6K@718712e8d985,TFGS.L,2026-01-01,14.0,1237600000.0,primary_input_absent [revenue impossible: < 0 (value=-1.32237e+08)],nan
stock_CUR6K@718712e8d985,TFGS.L,2026-04-01,17.300385009374303,1153620000.0,primary_input_absent [revenue impossible: < 0 (value=-1.32237e+08)],nan
stock_CUR6K@718712e8d985,VG80.DE,2006-10-01,,0.0,primary_input_absent [netCashProvidedByOperatingActivities NaN (value=NaN)],
stock_CUR6K@718712e8d985,VG80.DE,2007-10-01,,0.0,primary_input_absent [netCashProvidedByOperatingActivities NaN (value=NaN)],
stock_CUR6K@718712e8d985,VG80.DE,2008-10-01,,8289463.039999999,primary_input_absent [netCashProvidedByOperatingActivities NaN (value=NaN)],
stock_CUR6K@718712e8d985,VG80.DE,2009-10-01,7.41,13589584.32,primary_input_absent [netCashProvidedByOperatingActivities NaN (value=NaN)],
stock_CUR6K@718712e8d985,VG80.DE,2010-04-01,13.79,25290198.08,primary_input_absent [netCashProvidedByOperatingActivities NaN (value=NaN)],
stock_CUR6K@718712e8d985,VG80.DE,2010-10-01,15.72,28829725.44,primary_input_absent [netCashProvidedByOperatingActivities NaN (value=NaN)],
stock_CUR6K@718712e8d985,VG80.DE,2011-04-01,13.57,24886728.64,primary_input_absent [netCashProvidedByOperatingActivities NaN (value=NaN)],
stock_CUR6K@718712e8d985,VG80.DE,2011-10-01,6.38,11700613.76,primary_input_absent [netCashProvidedByOperatingActivities NaN (value=NaN)],
stock_CUR6K@718712e8d985,VG80.DE,2012-04-01,6.77,13656193.51,primary_input_absent [netCashProvidedByOperatingActivities NaN (value=NaN)],
stock_CUR6K@718712e8d985,VG80.DE,2012-10-01,3.41,6878525.83,primary_input_absent [netCashProvidedByOperatingActivities NaN (value=NaN)],
stock_CUR6K@718712e8d985,VG80.DE,2013-04-01,6.38,14155165.64,primary_input_absent [netCashProvidedByOperatingActivities NaN (value=NaN)],
stock_CUR6K@718712e8d985,VG80.DE,2013-10-01,6.08,13489562.24,primary_input_absent [netCashProvidedByOperatingActivities NaN (value=NaN)],totalCurrentAssets|totalLiabilities
stock_CUR6K@718712e8d985,VG80.DE,2014-04-01,10.46,18587420.0,primary_input_absent [netCashProvidedByOperatingActivities NaN (value=NaN)],
stock_CUR6K@718712e8d985,VG80.DE,2014-10-01,10.46,17907520.0,primary_input_absent [netCashProvidedByOperatingActivities NaN (value=NaN)],
stock_CUR6K@718712e8d985,VG80.DE,2015-04-01,8.16,15903840.0,primary_input_absent [netCashProvidedByOperatingActivities NaN (value=NaN)],
stock_CUR6K@718712e8d985,VG80.DE,2015-10-01,7.42,14461580.0,primary_input_absent [netCashProvidedByOperatingActivities NaN (value=NaN)],
stock_CUR6K@718712e8d985,VG80.DE,2016-04-01,3.26,9610480.0,primary_input_absent [netCashProvidedByOperatingActivities NaN (value=NaN)],
stock_CUR6K@718712e8d985,VG80.DE,2016-10-01,4.79,13790410.0,primary_input_absent [netCashProvidedByOperatingActivities NaN (value=NaN)],
stock_CUR6K@718712e8d985,VG80.DE,2017-04-01,3.68,11496320.0,primary_input_absent [netCashProvidedByOperatingActivities NaN (value=NaN)],
stock_CUR6K@718712e8d985,VG80.DE,2017-10-01,3.71,19128760.0,primary_input_absent [netCashProvidedByOperatingActivities NaN (value=NaN)],
stock_CUR6K@718712e8d985,VG80.DE,2018-04-01,3.11,20619300.0,primary_input_absent [netCashProvidedByOperatingActivities NaN (value=NaN)],
stock_CUR6K@718712e8d985,VG80.DE,2018-10-01,3.82,23894100.0,primary_input_absent [netCashProvidedByOperatingActivities NaN (value=NaN)],
stock_CUR6K@718712e8d985,VG80.DE,2019-04-01,3.8800000000000003,36144659.92,primary_input_absent [netCashProvidedByOperatingActivities NaN (value=NaN)],
stock_CUR6K@718712e8d985,VG80.DE,2019-10-01,3.7000000000000006,34467845.800000004,primary_input_absent [netCashProvidedByOperatingActivities NaN (value=NaN)],
stock_CUR6K@718712e8d985,VG80.DE,2020-04-01,3.74,37560876.1,primary_input_absent [netCashProvidedByOperatingActivities NaN (value=NaN)],
stock_CUR6K@718712e8d985,VG80.DE,2020-10-01,3.68,36958295.2,primary_input_absent [netCashProvidedByOperatingActivities NaN (value=NaN)],
stock_CUR6K@718712e8d985,VG80.DE,2021-04-01,4.68,47001310.199999996,primary_input_absent [netCashProvidedByOperatingActivities NaN (value=NaN)],
stock_CUR6K@718712e8d985,VG80.DE,2021-10-01,4.42,44390126.3,primary_input_absent [netCashProvidedByOperatingActivities NaN (value=NaN)],
stock_CUR6K@718712e8d985,VG80.DE,2022-04-01,3.8,38163457.0,primary_input_absent [netCashProvidedByOperatingActivities NaN (value=NaN)],
stock_CUR6K@718712e8d985,VG80.DE,2024-04-01,3.5600000000000005,35753151.2,primary_input_absent [netCashProvidedByOperatingActivities NaN (value=NaN)],
stock_CUR6K@718712e8d985,VG80.DE,2024-10-01,2.68,26915293.6,primary_input_absent [netCashProvidedByOperatingActivities NaN (value=NaN)],
stock_CUR6K@718712e8d985,VG80.DE,2025-10-01,2.49,25007107.35,primary_input_absent [netCashProvidedByOperatingActivities NaN (value=NaN)],
stock_CUR6K@718712e8d985,VG80.DE,2026-04-01,2.58,25910978.7,primary_input_absent [netCashProvidedByOperatingActivities NaN (value=NaN)],
stock_CUR6K@718712e8d985,VH.ST,2021-10-01,107.52,107520000.0,primary_input_absent [netCashProvidedByOperatingActivities NaN (value=NaN)],nan
stock_CUR6K@718712e8d985,VH.ST,2022-01-01,107.52,107520000.0,primary_input_absent [netCashProvidedByOperatingActivities NaN (value=NaN)],nan
stock_CUR6K@718712e8d985,VH.ST,2022-04-01,81.4,81400000.0,primary_input_absent [netCashProvidedByOperatingActivities NaN (value=NaN)],nan
stock_CUR6K@718712e8d985,VH.ST,2022-07-01,68.0,67999932.0,primary_input_absent [netCashProvidedByOperatingActivities NaN (value=NaN)],nan
stock_CUR6K@718712e8d985,VH.ST,2022-10-01,71.8,71800000.0,primary_input_absent [netCashProvidedByOperatingActivities NaN (value=NaN)],nan
stock_CUR6K@718712e8d985,VH.ST,2023-01-01,74.4,74400000.0,primary_input_absent [netCashProvidedByOperatingActivities NaN (value=NaN)],nan
stock_CUR6K@718712e8d985,VH.ST,2023-04-01,74.0,74000000.0,primary_input_absent [netCashProvidedByOperatingActivities NaN (value=NaN)],nan
stock_CUR6K@718712e8d985,VH.ST,2023-07-01,69.5,69500000.0,primary_input_absent [netCashProvidedByOperatingActivities NaN (value=NaN)],nan
stock_CUR6K@718712e8d985,VH.ST,2023-10-01,67.5,67500000.0,primary_input_absent [netCashProvidedByOperatingActivities NaN (value=NaN)],nan
stock_CUR6K@718712e8d985,VH.ST,2024-01-01,78.5,78500000.0,primary_input_absent [netCashProvidedByOperatingActivities NaN (value=NaN)],nan
stock_CUR6K@718712e8d985,VH.ST,2024-04-01,65.0,65000000.0,primary_input_absent [netCashProvidedByOperatingActivities NaN (value=NaN)],nan
stock_CUR6K@718712e8d985,VH.ST,2024-07-01,51.5,51500000.0,primary_input_absent [netCashProvidedByOperatingActivities NaN (value=NaN)],nan
stock_CUR6K@718712e8d985,VH.ST,2024-10-01,45.0,45000000.0,primary_input_absent [netCashProvidedByOperatingActivities NaN (value=NaN)],nan
stock_CUR6K@718712e8d985,VH.ST,2025-01-01,50.0,50000000.0,primary_input_absent [netCashProvidedByOperatingActivities NaN (value=NaN)],nan
stock_CUR6K@718712e8d985,VH.ST,2025-04-01,47.8,47800000.0,primary_input_absent [netCashProvidedByOperatingActivities NaN (value=NaN)],nan
stock_CUR6K@718712e8d985,VH.ST,2025-10-01,33.0,33000000.0,primary_input_absent [netCashProvidedByOperatingActivities NaN (value=NaN)],nan
stock_CUR6K@718712e8d985,VRL.DE,2016-10-01,10.02,3189646.56,primary_input_absent [netCashProvidedByOperatingActivities NaN (value=NaN)],nan
stock_CUR6K@718712e8d985,VRL.DE,2017-04-01,10.02,3189646.56,primary_input_absent [netCashProvidedByOperatingActivities NaN (value=NaN)],nan
stock_CUR6K@718712e8d985,VRL.DE,2017-10-01,10.02,3222852.84,primary_input_absent [netCashProvidedByOperatingActivities NaN (value=NaN)],nan
stock_CUR6K@718712e8d985,VRL.DE,2018-04-01,10.02,3222852.84,primary_input_absent [netCashProvidedByOperatingActivities NaN (value=NaN)],nan
stock_CUR6K@718712e8d985,VRL.DE,2018-10-01,10.02,3222852.84,primary_input_absent [netCashProvidedByOperatingActivities NaN (value=NaN)],nan
stock_CUR6K@718712e8d985,VRL.DE,2019-04-01,3.31,1305854.58,primary_input_absent [netCashProvidedByOperatingActivities NaN (value=NaN)],nan
stock_CUR6K@718712e8d985,VRL.DE,2019-10-01,3.2,1122822.4000000001,primary_input_absent [netCashProvidedByOperatingActivities NaN (value=NaN)],nan
stock_CUR6K@718712e8d985,VRL.DE,2020-04-01,2.73,957907.86,primary_input_absent [netCashProvidedByOperatingActivities NaN (value=NaN)],nan
stock_CUR6K@718712e8d985,VRL.DE,2020-10-01,8.93,2872263.06,primary_input_absent [netCashProvidedByOperatingActivities NaN (value=NaN)],nan
stock_CUR6K@718712e8d985,VRL.DE,2021-04-01,8.71,3048500.0000000005,primary_input_absent [netCashProvidedByOperatingActivities NaN (value=NaN)],nan
stock_CUR6K@718712e8d985,VRL.DE,2021-10-01,8.66,3031000.0,primary_input_absent [netCashProvidedByOperatingActivities NaN (value=NaN)],nan
stock_CUR6K@718712e8d985,VRL.DE,2022-04-01,6.04,9362000.0,primary_input_absent [netCashProvidedByOperatingActivities NaN (value=NaN)],nan
stock_CUR6K@718712e8d985,VRL.DE,2022-10-01,4.77,7393499.999999999,primary_input_absent [netCashProvidedByOperatingActivities NaN (value=NaN)],nan
stock_CUR6K@718712e8d985,VRL.DE,2023-04-01,3.2900000000000005,5110475.44,primary_input_absent [netCashProvidedByOperatingActivities NaN (value=NaN)],nan
stock_CUR6K@718712e8d985,VRL.DE,2023-10-01,4.06,6306544.159999999,primary_input_absent [netCashProvidedByOperatingActivities NaN (value=NaN)],nan
stock_CUR6K@718712e8d985,VRL.DE,2024-04-01,3.3,7076124.0,primary_input_absent [netCashProvidedByOperatingActivities NaN (value=NaN)],nan
stock_CUR6K@718712e8d985,VRL.DE,2024-10-01,2.86,6132640.8,primary_input_absent [netCashProvidedByOperatingActivities NaN (value=NaN)],nan
stock_CUR6K@718712e8d985,VRL.DE,2025-04-01,7.2,15438816.0,primary_input_absent [netCashProvidedByOperatingActivities NaN (value=NaN)],nan
stock_CUR6K@718712e8d985,VRL.DE,2025-10-01,17.5,37524900.0,primary_input_absent [netCashProvidedByOperatingActivities NaN (value=NaN)],nan
stock_CUR6K@718712e8d985,VVV3.DE,2008-10-01,,32683826.499999996,primary_input_absent [netCashProvidedByOperatingActivities NaN (value=NaN)],nan
stock_CUR6K@718712e8d985,VVV3.DE,2009-10-01,1.7199999999999998,13711263.799999999,primary_input_absent [netCashProvidedByOperatingActivities NaN (value=NaN)],nan
stock_CUR6K@718712e8d985,VVV3.DE,2010-10-01,3.15,25110744.75,primary_input_absent [netCashProvidedByOperatingActivities NaN (value=NaN)],nan
stock_CUR6K@718712e8d985,VVV3.DE,2011-10-01,4.0,31886660.0,primary_input_absent [netCashProvidedByOperatingActivities NaN (value=NaN)],nan
stock_CUR6K@718712e8d985,VVV3.DE,2012-04-01,4.85,37207575.25,primary_input_absent [netCashProvidedByOperatingActivities NaN (value=NaN)],nan
stock_CUR6K@718712e8d985,VVV3.DE,2012-10-01,4.92,37744591.8,primary_input_absent [netCashProvidedByOperatingActivities NaN (value=NaN)],nan
stock_CUR6K@718712e8d985,VVV3.DE,2013-04-01,6.06,46641789.9,primary_input_absent [netCashProvidedByOperatingActivities NaN (value=NaN)],nan
stock_CUR6K@718712e8d985,VVV3.DE,2013-10-01,6.25,48104156.25,primary_input_absent [netCashProvidedByOperatingActivities NaN (value=NaN)],nan
stock_CUR6K@718712e8d985,VVV3.DE,2014-04-01,6.82,52798155.300000004,primary_input_absent [netCashProvidedByOperatingActivities NaN (value=NaN)],nan
stock_CUR6K@718712e8d985,VVV3.DE,2014-10-01,6.29,48695072.85,primary_input_absent [netCashProvidedByOperatingActivities NaN (value=NaN)],nan
stock_CUR6K@718712e8d985,VVV3.DE,2015-04-01,8.03,62165569.949999996,primary_input_absent [netCashProvidedByOperatingActivities NaN (value=NaN)],nan
stock_CUR6K@718712e8d985,VVV3.DE,2015-10-01,11.5,89029147.5,primary_input_absent [netCashProvidedByOperatingActivities NaN (value=NaN)],nan
stock_CUR6K@718712e8d985,VVV3.DE,2016-04-01,10.5,81287482.5,primary_input_absent [netCashProvidedByOperatingActivities NaN (value=NaN)],nan
stock_CUR6K@718712e8d985,VVV3.DE,2016-10-01,10.9,83185148.5,primary_input_absent [netCashProvidedByOperatingActivities NaN (value=NaN)],nan
stock_CUR6K@718712e8d985,VVV3.DE,2017-04-01,13.28,98662285.92,primary_input_absent [netCashProvidedByOperatingActivities NaN (value=NaN)],nan
stock_CUR6K@718712e8d985,VVV3.DE,2017-10-01,14.01,104085739.89,primary_input_absent [netCashProvidedByOperatingActivities NaN (value=NaN)],nan
stock_CUR6K@718712e8d985,VVV3.DE,2018-04-01,18.4,129895002.39999999,primary_input_absent [netCashProvidedByOperatingActivities NaN (value=NaN)],nan
stock_CUR6K@718712e8d985,VVV3.DE,2018-10-01,15.83,111752059.13,primary_input_absent [netCashProvidedByOperatingActivities NaN (value=NaN)],nan
stock_CUR6K@718712e8d985,VVV3.DE,2019-04-01,15.1,106598616.1,primary_input_absent [netCashProvidedByOperatingActivities NaN (value=NaN)],nan
stock_CUR6K@718712e8d985,VVV3.DE,2019-10-01,16.1,113658127.10000001,primary_input_absent [netCashProvidedByOperatingActivities NaN (value=NaN)],nan
stock_CUR6K@718712e8d985,VVV3.DE,2020-04-01,18.3,129189051.30000001,primary_input_absent [netCashProvidedByOperatingActivities NaN (value=NaN)],nan
stock_CUR6K@718712e8d985,VVV3.DE,2020-10-01,38.2,263813898.60000002,primary_input_absent [netCashProvidedByOperatingActivities NaN (value=NaN)],nan
stock_CUR6K@718712e8d985,VVV3.DE,2021-04-01,77.8,542485162.6,primary_input_absent [netCashProvidedByOperatingActivities NaN (value=NaN)],nan
stock_CUR6K@718712e8d985,VVV3.DE,2021-10-01,95.8,667995868.6,primary_input_absent [netCashProvidedByOperatingActivities NaN (value=NaN)],nan
stock_CUR6K@718712e8d985,VVV3.DE,2022-04-01,54.4,379321244.8,primary_input_absent [netCashProvidedByOperatingActivities NaN (value=NaN)],nan
stock_CUR6K@718712e8d985,VVV3.DE,2022-10-01,36.25,252764616.25,primary_input_absent [netCashProvidedByOperatingActivities NaN (value=NaN)],nan
stock_CUR6K@718712e8d985,VVV3.DE,2023-04-01,39.6,276123553.2,primary_input_absent [netCashProvidedByOperatingActivities NaN (value=NaN)],nan
stock_CUR6K@718712e8d985,VVV3.DE,2023-10-01,32.1,223827425.70000002,primary_input_absent [netCashProvidedByOperatingActivities NaN (value=NaN)],nan
stock_CUR6K@718712e8d985,VVV3.DE,2024-04-01,37.1,258506678.5,primary_input_absent [netCashProvidedByOperatingActivities NaN (value=NaN)],nan
stock_CUR6K@718712e8d985,VVV3.DE,2024-10-01,28.3,197160355.1,primary_input_absent [netCashProvidedByOperatingActivities NaN (value=NaN)],nan
stock_CUR6K@718712e8d985,VVV3.DE,2025-04-01,31.9,209438429.2,primary_input_absent [netCashProvidedByOperatingActivities NaN (value=NaN)],nan
stock_CUR6K@718712e8d985,VVV3.DE,2025-10-01,26.5,173450105.5,primary_input_absent [netCashProvidedByOperatingActivities NaN (value=NaN)],nan
stock_CUR6K@718712e8d985,VVV3.DE,2026-04-01,29.0,186786245.0,primary_input_absent [netCashProvidedByOperatingActivities NaN (value=NaN)],nan
stock_CUR6K@718712e8d985,ZENA.OL,2008-04-01,0.1653299375,1087870.98875,primary_input_absent [netCashProvidedByOperatingActivities NaN (value=NaN)],
stock_CUR6K@718712e8d985,ZENA.OL,2008-07-01,0.153950875,1012996.7575,primary_input_absent [netCashProvidedByOperatingActivities NaN (value=NaN)],
stock_CUR6K@718712e8d985,ZENA.OL,2008-10-01,0.14398554890284768,1524719.275681875,primary_input_absent [netCashProvidedByOperatingActivities NaN (value=NaN)],
stock_CUR6K@718712e8d985,ZENA.OL,2009-01-01,,23168513.316,primary_input_absent [netCashProvidedByOperatingActivities NaN (value=NaN)],
stock_CUR6K@718712e8d985,ZENA.OL,2009-04-01,0.155384125,2455317.7896000003,primary_input_absent [netCashProvidedByOperatingActivities NaN (value=NaN)],
stock_CUR6K@718712e8d985,ZENA.OL,2009-07-01,0.13883342267457288,2243409.1381650004,primary_input_absent [netCashProvidedByOperatingActivities NaN (value=NaN)],
stock_CUR6K@718712e8d985,ZENA.OL,2009-10-01,0.1374099339266122,2286124.5225,primary_input_absent [netCashProvidedByOperatingActivities NaN (value=NaN)],
stock_CUR6K@718712e8d985,ZENA.OL,2010-01-01,1.4879641814568114,25154547.83517,primary_input_absent [netCashProvidedByOperatingActivities NaN (value=NaN)],
stock_CUR6K@718712e8d985,ZENA.OL,2010-04-01,0.12915822012813896,2792234.7508575,primary_input_absent [netCashProvidedByOperatingActivities NaN (value=NaN)],
stock_CUR6K@718712e8d985,ZENA.OL,2010-07-01,0.13139990011531452,4156607.0729218745,primary_input_absent [netCashProvidedByOperatingActivities NaN (value=NaN)],
stock_CUR6K@718712e8d985,ZENA.OL,2010-10-01,0.1260463577260354,4598737.70822375,primary_input_absent [netCashProvidedByOperatingActivities NaN (value=NaN)],
stock_CUR6K@718712e8d985,ZENA.OL,2011-01-01,,49559926.62167625,primary_input_absent [netCashProvidedByOperatingActivities NaN (value=NaN)],
stock_CUR6K@718712e8d985,ZENA.OL,2011-04-01,0.12563280009819458,5090743.325078124,primary_input_absent [netCashProvidedByOperatingActivities NaN (value=NaN)],
stock_CUR6K@718712e8d985,ZENA.OL,2011-07-01,0.1328015,5505300.790665,primary_input_absent [netCashProvidedByOperatingActivities NaN (value=NaN)],
stock_CUR6K@718712e8d985,ZENA.OL,2011-10-01,0.12879016452556152,5775778.840503749,primary_input_absent [netCashProvidedByOperatingActivities NaN (value=NaN)],
stock_CUR6K@718712e8d985,ZENA.OL,2012-01-01,,63039750.166575,primary_input_absent [netCashProvidedByOperatingActivities NaN (value=NaN)],
stock_CUR6K@718712e8d985,ZENA.OL,2012-04-01,0.12961973534412763,6878312.215872501,primary_input_absent [netCashProvidedByOperatingActivities NaN (value=NaN)],
stock_CUR6K@718712e8d985,ZENA.OL,2012-07-01,0.1287494405038592,815260.25468875,primary_input_absent [netCashProvidedByOperatingActivities NaN (value=NaN)],
stock_CUR6K@718712e8d985,ZENA.OL,2012-10-01,0.13147379487982935,862972.1649412499,primary_input_absent [netCashProvidedByOperatingActivities NaN (value=NaN)],
stock_CUR6K@718712e8d985,ZENA.OL,2013-01-01,12.580406577430104,7731829.8196425,primary_input_absent [netCashProvidedByOperatingActivities NaN (value=NaN)],
stock_CUR6K@718712e8d985,ZENA.OL,2013-04-01,0.12976504487353435,1062571.85662875,primary_input_absent [netCashProvidedByOperatingActivities NaN (value=NaN)],
stock_CUR6K@718712e8d985,ZENA.OL,2013-07-01,0.13551442111363474,1120697.6224031248,primary_input_absent [netCashProvidedByOperatingActivities NaN (value=NaN)],
stock_CUR6K@718712e8d985,ZENA.OL,2013-10-01,0.14320785580553363,1280053.25136,primary_input_absent [netCashProvidedByOperatingActivities NaN (value=NaN)],
stock_CUR6K@718712e8d985,ZENA.OL,2014-01-01,14.953988954226794,14512921.050021876,primary_input_absent [netCashProvidedByOperatingActivities NaN (value=NaN)],
stock_CUR6K@718712e8d985,ZENA.OL,2014-04-01,0.148256875,2153156.83415625,primary_input_absent [netCashProvidedByOperatingActivities NaN (value=NaN)],
stock_CUR6K@718712e8d985,ZENA.OL,2014-07-01,0.1474784338930507,2961096.91956,primary_input_absent [netCashProvidedByOperatingActivities NaN (value=NaN)],
stock_CUR6K@718712e8d985,ZENA.OL,2014-10-01,0.1469706353334079,3312522.35552875,primary_input_absent [netCashProvidedByOperatingActivities NaN (value=NaN)],
stock_CUR6K@718712e8d985,ZENA.OL,2015-01-01,15.267764291077475,41822605.02844125,primary_input_absent [netCashProvidedByOperatingActivities NaN (value=NaN)],
stock_CUR6K@718712e8d985,ZENA.OL,2015-04-01,0.15940274455816233,4669238.10522,primary_input_absent [netCashProvidedByOperatingActivities NaN (value=NaN)],
stock_CUR6K@718712e8d985,ZENA.OL,2015-07-01,0.15979377638938805,4736967.454699999,primary_input_absent [netCashProvidedByOperatingActivities NaN (value=NaN)],
stock_CUR6K@718712e8d985,ZENA.OL,2015-10-01,0.16553954280686672,5566070.796983125,primary_input_absent [netCashProvidedByOperatingActivities NaN (value=NaN)],
stock_CUR6K@718712e8d985,ZENA.OL,2016-01-01,263.41503069577277,66130343.456173755,primary_input_absent [netCashProvidedByOperatingActivities NaN (value=NaN)],
stock_CUR6K@718712e8d985,ZENA.OL,2016-04-01,,,primary_input_absent [netCashProvidedByOperatingActivities NaN (value=NaN)],bookValuePerShare|earningsYield|marketCap|price
stock_CUR6K@718712e8d985,ZENA.OL,2016-07-01,,,primary_input_absent [netCashProvidedByOperatingActivities NaN (value=NaN)],bookValuePerShare|earningsYield|marketCap|price
stock_CUR6K@718712e8d985,ZENA.OL,2016-10-01,,,primary_input_absent [netCashProvidedByOperatingActivities NaN (value=NaN)],bookValuePerShare|earningsYield|marketCap|price
stock_CUR6K@718712e8d985,ZENA.OL,2017-01-01,106.33272303517852,220151163.43931058,primary_input_absent [netCashProvidedByOperatingActivities NaN (value=NaN)],
stock_CUR6K@718712e8d985,ZENA.OL,2017-04-01,0.13508240000000002,15661993.785600001,primary_input_absent [netCashProvidedByOperatingActivities NaN (value=NaN)],
stock_CUR6K@718712e8d985,ZENA.OL,2017-07-01,12.1078625,159056146.51749998,primary_input_absent [netCashProvidedByOperatingActivities NaN (value=NaN)],
stock_CUR6K@718712e8d985,ZENA.OL,2017-10-01,16.7884875,274070379.58875,primary_input_absent [netCashProvidedByOperatingActivities NaN (value=NaN)],
stock_CUR6K@718712e8d985,ZENA.OL,2018-01-01,12.62146075230376,145489332.47485,primary_input_absent [netCashProvidedByOperatingActivities NaN (value=NaN)],
stock_CUR6K@718712e8d985,ZENA.OL,2018-04-01,0.0728322,14146343.8704,primary_input_absent [netCashProvidedByOperatingActivities NaN (value=NaN)],
stock_CUR6K@718712e8d985,ZENA.OL,2018-07-01,8.49487123740733,107912235.1902,primary_input_absent [netCashProvidedByOperatingActivities NaN (value=NaN)],
stock_CUR6K@718712e8d985,ZENA.OL,2018-10-01,4.795575776466868,104064574.614,primary_input_absent [netCashProvidedByOperatingActivities NaN (value=NaN)],
stock_CUR6K@718712e8d985,ZENA.OL,2019-01-01,3.1856100183271447,153644032.27360004,primary_input_absent [netCashProvidedByOperatingActivities NaN (value=NaN)],
stock_CUR6K@718712e8d985,ZENA.OL,2019-04-01,0.05395,14007092.45,primary_input_absent [netCashProvidedByOperatingActivities NaN (value=NaN)],
stock_CUR6K@718712e8d985,ZENA.OL,2019-07-01,55.47366883974755,206556205.9248,primary_input_absent [netCashProvidedByOperatingActivities NaN (value=NaN)],
stock_CUR6K@718712e8d985,ZENA.OL,2019-10-01,3.2665370000000005,119094019.17560002,primary_input_absent [netCashProvidedByOperatingActivities NaN (value=NaN)],
stock_CUR6K@718712e8d985,ZENA.OL,2020-01-01,11.347514314879525,93250831.50584355,primary_input_absent [netCashProvidedByOperatingActivities NaN (value=NaN)],
stock_CUR6K@718712e8d985,ZENA.OL,2020-04-01,0.14307540000000002,6501346.176000001,primary_input_absent [netCashProvidedByOperatingActivities NaN (value=NaN)],
stock_CUR6K@718712e8d985,ZENA.OL,2020-07-01,0.0730813,3320814.272,primary_input_absent [netCashProvidedByOperatingActivities NaN (value=NaN)],
stock_CUR6K@718712e8d985,ZENA.OL,2020-10-01,0.23080705,39107598.9565827,primary_input_absent [netCashProvidedByOperatingActivities NaN (value=NaN)],
stock_CUR6K@718712e8d985,ZENA.OL,2021-01-01,0.1817004,30787042.135197602,primary_input_absent [netCashProvidedByOperatingActivities NaN (value=NaN)],
stock_CUR6K@718712e8d985,ZENA.OL,2021-04-01,0.15248014000000001,26230777.283850003,primary_input_absent [netCashProvidedByOperatingActivities NaN (value=NaN)],
stock_CUR6K@718712e8d985,ZENA.OL,2021-07-01,0.17927385,30840032.230875,primary_input_absent [netCashProvidedByOperatingActivities NaN (value=NaN)],
stock_CUR6K@718712e8d985,ZENA.OL,2021-10-01,0.1496845,27726673.64145,primary_input_absent [netCashProvidedByOperatingActivities NaN (value=NaN)],
stock_CUR6K@718712e8d985,ZENA.OL,2022-01-01,0.1602315,29680337.69415,primary_input_absent [netCashProvidedByOperatingActivities NaN (value=NaN)],
stock_CUR6K@718712e8d985,ZENA.OL,2022-04-01,0.12146497500000002,30721249.432432503,primary_input_absent [netCashProvidedByOperatingActivities NaN (value=NaN)],
stock_CUR6K@718712e8d985,ZENA.OL,2022-07-01,0.19273633084103756,36091304.198832504,primary_input_absent [netCashProvidedByOperatingActivities NaN (value=NaN)],
stock_CUR6K@718712e8d985,ZENA.OL,2022-10-01,0.1309296,19989793.992921602,primary_input_absent [netCashProvidedByOperatingActivities NaN (value=NaN)],
stock_CUR6K@718712e8d985,ZENA.OL,2023-01-01,0.05821240650890215,13354117.863021601,primary_input_absent [netCashProvidedByOperatingActivities NaN (value=NaN)],
stock_CUR6K@718712e8d985,ZENA.OL,2023-04-01,0.058854250000000004,13597097.377500001,primary_input_absent [netCashProvidedByOperatingActivities NaN (value=NaN)],
stock_CUR6K@718712e8d985,ZENA.OL,2023-07-01,0.062092125000000005,14345143.638750002,primary_input_absent [netCashProvidedByOperatingActivities NaN (value=NaN)],
stock_CUR6K@718712e8d985,ZENA.OL,2023-10-01,0.04889312999999999,14717088.916718759,primary_input_absent [netCashProvidedByOperatingActivities NaN (value=NaN)],
stock_CUR6K@718712e8d985,ZENA.OL,2024-01-01,0.039141169999999996,11781697.73942484,primary_input_absent [netCashProvidedByOperatingActivities NaN (value=NaN)],
stock_CUR6K@718712e8d985,ZENA.OL,2024-04-01,0.03213228,9189832.08,primary_input_absent [netCashProvidedByOperatingActivities NaN (value=NaN)],
stock_CUR6K@718712e8d985,ZENA.OL,2024-07-01,0.0216966,6205227.6,primary_input_absent [netCashProvidedByOperatingActivities NaN (value=NaN)],
stock_CUR6K@718712e8d985,ZENA.OL,2024-10-01,0.085455825,30692254.11701085,primary_input_absent [netCashProvidedByOperatingActivities NaN (value=NaN)],
stock_CUR6K@718712e8d985,ZENA.OL,2025-01-01,0.1346847,48373262.3033406,primary_input_absent [netCashProvidedByOperatingActivities NaN (value=NaN)],
stock_CUR6K@718712e8d985,ZENA.OL,2025-07-01,0.07016287500000001,38475096.346536756,primary_input_absent [netCashProvidedByOperatingActivities NaN (value=NaN)],
stock_CUR6K@718712e8d985,ZENA.OL,2026-01-01,0.1379325,72056969.7351,primary_input_absent [netCashProvidedByOperatingActivities NaN (value=NaN)],
